4.330459432821954e-06
1.4194405366652063e-06
1.3023558267377666e-06
2.411611887964682e-07
4.565603830997134e-06
1.5751863813306954e-08
1.438661172414868e-07
1.5983806633812492e-06
2.3609520667378092e-06
3.6671722227765713e-06
2.7055216378357727e-06
8.075641744653694e-06
8.57812494814425e-07
7.77093475790025e-07
5.6406356634397525e-06
9.756162398844026e-06
1.6611547835054807e-06
2.1131563698872924e-06
7.862379789003171e-06
5.613751000055345e-06
4.3936691440649156e-07
1.315478584729135e-06
2.3032557692204136e-06
2.654146328495699e-06
6.712918434459425e-07
2.390830104559427e-06
1.6912888440856477e-06
1.1001081475114916e-05
3.0748744848096976e-06
2.473565109539777e-05
3.1385143302031793e-06
1.214376425195951e-06
4.08321147915558e-06
3.4456561479601078e-06
3.913530406407517e-07
8.996836982078094e-07
4.2943320295307785e-06
5.312787834554911e-06
6.963027203710226e-07
3.706694258198695e-07
9.352719132493803e-08
8.46937723508745e-07
1.3065000530332327e-06
6.093731599321472e-07
4.869961003350909e-07
2.8333598578456076e-08
1.7514455521450145e-06
2.0303773453633767e-06
1.5526745755778393e-07
3.0146574658829195e-07
3.379932422831189e-07
4.432259856912424e-07
3.9864349332674465e-07
2.1208081761869835e-06
1.6805930158625415e-07
3.672262437248719e-06
5.860583200956171e-07
1.5129347730180598e-06
8.882859674486099e-07
1.2118053973608767e-06
1.5241353139572311e-06
1.1032549309675233e-06
3.407960491585982e-07
1.0965537740048603e-06
1.1115090501334635e-06
4.930184900331369e-07
1.3818424804412643e-06
5.756862151429232e-07
8.688659391964393e-08
1.4911051948729437e-07
2.716745086672745e-07
1.3782977248411044e-06
9.125375299845473e-07
8.044652872740699e-07
2.0924362615915015e-05
2.6605559469317086e-05
1.5267667549778707e-05
5.573857833951479e-06
1.6221637224589358e-06
2.3911939933896065e-05
4.653365522244712e-06
2.1464549718075432e-05
6.868324999231845e-05
3.480673331068829e-05
2.6497400540392846e-06
3.0957289709476754e-07
6.462986220867606e-06
1.3476491403707769e-05
3.810479029198177e-05
2.4409901016042568e-05
1.9124895516142715e-06
7.11192615199252e-06
6.068696620786795e-07
5.766320327893482e-07
3.1610696282768913e-07
2.9350332624744624e-05
8.612118108430877e-05
2.7665315428748727e-05
6.525683033942187e-07
8.892480529709701e-09
2.660974314494524e-05
1.419978798367083e-05
4.067448571731802e-06
4.457499017007649e-06
0.00010656788799678907
1.2003515621472616e-05
7.755427941447124e-05
8.771216926106717e-06
2.3577770491556294e-07
6.124977289800881e-07
2.2074382286518812e-06
2.1918085622019134e-05
1.2894527117168764e-06
4.770263117848117e-08
8.19521210360108e-06
6.861831934656948e-05
1.0782269782794174e-05
5.912638243898982e-06
5.792146566818701e-07
2.233751001767814e-05
2.7264736672805157e-06
3.1868648875388317e-06
1.3947260413260665e-06
1.3947260413260665e-06
4.2212261064378254e-07
9.41862708714325e-07
2.6192990389972692e-06
1.2770965440722648e-05
4.6498721530952025e-06
1.2044499726471258e-06
1.8481084680388449e-06
6.618217412324157e-06
2.7207213406654773e-06
2.7207213406654773e-06
1.0271912209702805e-09
2.4654680519375916e-09
1.0248513717669994e-05
8.781872793406365e-07
9.115357784139633e-07
1.5918806184345158e-06
9.073599471776106e-07
4.400315447128378e-05
9.063945071829949e-06
8.144169214574504e-07
7.9708985367688e-07
1.6501354593856377e-06
4.249031007930171e-06
5.811472760797187e-07
6.890717941132607e-06
5.902269094804069e-06
2.607343731142464e-06
4.004073161922861e-06
1.9354835956164607e-07
1.117997362598544e-05
6.888148618600098e-06
3.9113238017307594e-06
3.139163163723424e-05
3.929989816242596e-06
4.30014479206875e-05
1.9813158360193484e-05
8.667147426422162e-07
5.048814273322932e-06
4.165951395407319e-05
2.3945078282849863e-05
3.368447096363525e-06
2.7313371901982464e-06
7.525702017119329e-07
6.1145610743551515e-06
1.2644116395676974e-05
4.015018930658698e-05
2.9477853331627557e-06
1.6614440028206445e-06
1.543880171084311e-05
6.4411224229843356e-06
2.140593267085933e-07
1.8403905244213092e-07
2.2758877094020136e-06
3.1425706765730865e-06
1.0567255230853334e-06
2.2625746609605812e-08
4.1245348256779835e-06
1.7127254977822304e-05
1.0267366633343045e-05
8.64507364894962e-06
3.95969891542336e-06
7.674506150578964e-07
1.2119631719542667e-05
5.3053601732244715e-05
2.9491158670680306e-07
1.5190945305221248e-05
1.2665689155255677e-06
3.0121813324512914e-05
9.276417927139846e-07
1.4873868394715828e-06
4.744893431052333e-06
1.8443527096678736e-06
9.729197003593981e-09
6.296216525925047e-08
0.00014065110008232296
8.373986020160373e-06
6.173931410557998e-07
1.0002227099903394e-06
7.389602387775085e-07
2.776405949589389e-07
6.467914772656513e-06
2.6607528980093775e-07
9.463303172196902e-07
6.94282380209188e-06
4.74758007840137e-06
3.283815021859482e-05
8.417028766416479e-06
3.3159992085529666e-07
1.4354648669723247e-07
1.8055882833323267e-07
1.4386091606866103e-07
1.957009487796313e-07
6.737182502547512e-06
1.7596345003312308e-07
1.3301111721375491e-05
3.489749360596761e-06
5.071584018878639e-05
9.613865586288739e-06
3.50621576217236e-06
1.1766765055654105e-05
7.339004241657676e-06
3.948856374336174e-06
1.5662322994103306e-07
2.81342323660283e-07
7.3660226007632446e-06
8.215440175263211e-06
2.2267859094426967e-05
2.47573143496993e-06
2.985097307828255e-05
1.1934559552173596e-05
1.3466540622175671e-05
1.0186025065195281e-05
1.6717223161322181e-06
1.415717065356148e-06
6.247520559554687e-06
4.681131429151719e-07
5.634677791022114e-07
4.90208378778334e-07
6.247331612030393e-07
5.056927534496936e-07
3.3175825819853344e-07
2.2463636923930608e-06
2.161692236768431e-06
6.150672106741695e-06
1.8044678427031613e-06
1.8079699657391757e-06
1.4654726498974924e-07
5.634482022287557e-06
3.2129764804267325e-06
3.1080290341378713e-07
5.974206374048663e-07
6.531299163725635e-07
3.505725908325985e-05
1.0504410965950228e-05
4.9963205128733534e-06
4.999390057491837e-07
6.59304669170524e-06
2.0978088286938146e-05
3.924340489902534e-06
1.5879633963322703e-07
1.0453436516399961e-05
2.4694038529560203e-06
4.477873062569415e-06
4.1636880609985383e-07
3.775903905989253e-06
4.953871211910155e-06
3.310152533231303e-05
4.242604518367443e-06
3.7157855103941984e-07
2.8346294129732996e-06
1.235184221570762e-08
3.4440770832588896e-05
1.0147702766971634e-07
2.2477629499917384e-06
6.415922371161287e-08
9.051134838955477e-06
9.824544804359903e-07
2.2761421405448345e-06
2.8922099772898946e-06
4.664266270992812e-06
9.189460570269148e-07
2.3000819737717393e-07
3.7930571124888957e-05
1.0032395039161202e-05
5.695105573977344e-05
0.0001041385403368622
3.478789949440397e-05
2.293200304848142e-05
1.1286402035182164e-08
1.0299697351001669e-05
7.431855192407966e-05
2.8614465463761007e-06
5.980377864034381e-06
2.0494389900704846e-06
6.146774830995128e-05
5.0905415264423937e-05
