1.7161046343971975e-05
3.410504234580003e-07
1.3924282029620372e-05
1.6283466663935542e-07
1.1712749255821109e-05
4.659377328408709e-09
1.2434528798621614e-05
2.873031803574122e-07
7.088295660651056e-06
7.696554860103788e-08
6.222275715117576e-06
4.922892458125716e-07
3.368070565556991e-06
2.0365588326853867e-08
1.7177017070935108e-05
1.576006798131857e-05
9.72678571997676e-06
4.276089526911164e-08
2.2458737021224806e-06
8.798994713288266e-06
2.105134626617655e-06
7.218354198812449e-07
5.681218226527562e-06
4.810020755030564e-07
3.7759164115414023e-06
2.7780631128848654e-08
2.4165778995666187e-06
1.1762585927499458e-07
1.112071277020732e-05
1.5128421848586981e-09
3.6163262848276645e-05
7.166255144852585e-09
6.765046418877319e-05
1.0286306206808149e-07
9.167586540570483e-06
1.7995116650126874e-05
3.2830623695190297e-06
1.1536985766724683e-05
1.1084892321377993e-05
4.1490860525073003e-08
9.018958735396154e-07
1.0204481668552035e-06
1.2055854313075542e-05
1.6960979337454773e-05
2.427174422336975e-06
1.2572884770634118e-05
1.5998482467693975e-06
6.140550112831988e-08
3.121971303698956e-06
2.357060475333128e-05
5.766093181591714e-06
1.3802185776512488e-06
1.7398537011104054e-07
1.9212749975849874e-05
2.6153343242185656e-06
4.279301322185347e-07
4.448057552508544e-06
1.1540300874912646e-05
3.4729287108348217e-06
1.8103481124853715e-05
8.278820132545661e-06
4.605869321494538e-07
6.271270081015246e-07
4.989274748368189e-05
1.893445300993335e-06
1.2598661669471767e-06
3.635903738086199e-07
2.7554528969631065e-07
1.3103978062645183e-06
5.506654332521066e-08
3.1237104849424213e-06
3.8221319442754975e-09
6.866374860692304e-06
6.037364073563367e-05
9.1216825239826e-06
3.686398849822581e-05
1.3239763575256802e-05
4.318116043577902e-05
9.641273209126666e-06
7.925899808469694e-06
3.3108951811300358e-06
7.603656371202305e-08
3.0046587653487222e-06
9.813517863221932e-06
2.7372377644496737e-06
1.7554149962961674e-05
1.4473030205408577e-06
5.667959158017766e-06
8.164854534697952e-07
2.316854306627647e-06
4.2696234459072e-07
4.91766343202471e-07
1.138555148827436e-06
2.8084884888812667e-06
2.876309110888542e-07
5.256643564877095e-09
1.015880570776062e-06
2.9207042118173376e-08
1.8729836028796853e-06
1.7530011291455594e-06
1.400497922077193e-06
2.512970013412996e-06
5.545136900764192e-07
5.554674771701684e-06
4.4636172447098943e-07
7.473811365343863e-07
1.149286958934681e-06
1.2296183058424504e-06
5.746019837715721e-07
1.0173992848194757e-07
4.994304845240549e-07
6.798538834118517e-07
1.1322185855533462e-06
2.511945012884098e-06
6.167041988192068e-07
1.2489873597587575e-06
8.25972620077664e-07
2.320222620255663e-06
4.13479853023091e-07
8.080856161996053e-08
9.659338502387982e-07
2.003729271393695e-08
4.343805528606026e-07
2.055840241155238e-06
1.6849052144607413e-06
8.57908446505462e-07
4.1928942096092214e-07
1.3926554132126512e-08
4.4078490191168385e-07
9.452516565033875e-07
1.8367340715030878e-07
4.436980702848814e-07
1.5842262257592665e-07
1.678728949627839e-06
5.134100433679123e-07
1.4051635162104503e-06
3.8334573559950513e-07
5.410144694906194e-06
1.8447802858645446e-06
7.881107535467891e-07
5.79303730319225e-07
8.627380339021329e-06
1.4221867559172097e-06
1.2111110663681757e-05
9.182941198560002e-07
2.5259707854274893e-06
6.999917445682513e-07
3.4618249173945514e-06
1.1737766953956452e-06
1.7845624711299024e-07
1.4927992424418335e-06
3.5215589377912693e-06
1.8825984398063156e-06
1.2297282125928177e-07
6.723603007685597e-08
1.4501027045810133e-08
1.8460850697010756e-06
4.6197496317290643e-07
1.5760617770865792e-06
8.191861979867099e-07
7.461613336090522e-07
2.553901765622868e-07
4.883435735791863e-07
9.012511554828961e-07
7.775221178007996e-08
6.489666247944115e-06
3.2659011139912764e-07
2.348328780499287e-05
7.364154726019478e-07
3.209483338650898e-06
1.3815544662065804e-05
5.157397708899225e-08
1.0308145647286437e-05
4.676973185269162e-05
2.6425500436744187e-06
7.764505483009998e-09
9.051060260389931e-06
5.179646541364491e-05
1.1317509233776946e-05
1.1699306924128905e-05
1.9473642169032246e-05
4.881225663666555e-07
9.480269909545314e-06
3.409890632610768e-05
1.2204247468616813e-05
1.2021205009205005e-07
1.911390427267179e-05
6.10380311627523e-07
1.1524023648235016e-05
1.7408089547643613e-07
1.0508642844797578e-05
1.0069508782351022e-08
2.6289066227036528e-05
2.537425643822644e-05
3.872618435707409e-06
6.802324151067296e-06
1.6848927089085919e-06
9.39127949095564e-06
2.2503920718008885e-06
1.7993597793974914e-05
4.313930730859283e-06
1.324725690210471e-05
1.4075516219236306e-06
4.488665126700653e-06
8.017147479222331e-07
3.5902274248655885e-05
3.3998828712356044e-06
8.457558209329363e-09
3.1738596817376674e-07
4.789547460859467e-07
3.1121405754674925e-06
1.8351906305724697e-07
3.9858619516053295e-07
1.138428956437565e-06
4.528848421614384e-06
2.1858885812520157e-09
6.677702799606777e-07
1.5014846894700895e-06
2.8860071665803844e-07
4.1322491597384214e-06
7.727858246653341e-07
2.333156089662225e-06
2.9257271307869814e-05
1.55339566845214e-05
1.9870756659656763e-05
2.7608814434643136e-06
2.291383862029761e-05
1.2679775863944087e-05
1.925330434460193e-05
6.656461209786357e-06
2.3458989744540304e-05
5.819273241058909e-08
3.1935469451127574e-05
1.6756819604779594e-05
1.2452926966943778e-05
2.7805326041629996e-08
7.970676051627379e-06
2.616229721752461e-08
1.3370167835091706e-05
2.1704407160427763e-08
6.862363534310134e-06
3.0346984658535803e-06
1.1472113328636624e-05
7.774502591928467e-06
9.698497706267517e-06
2.4359438910437348e-08
5.1822604291373864e-05
1.0927429627827223e-07
4.119247751077637e-05
1.451528817142389e-07
6.06338944635354e-05
1.9783708921750076e-05
2.209688136645127e-05
8.657016792312788e-08
1.963457907550037e-05
1.7675610308742762e-08
4.333740071160719e-05
1.430486827302957e-05
2.8649188607232645e-05
2.1625918833478863e-08
1.4206156265572645e-05
3.566166695279094e-09
3.0658386094728485e-05
1.5882440493442118e-05
1.5801233530510217e-05
3.879059420341946e-07
6.0975344240432605e-05
3.178266982928335e-09
7.598626325489022e-06
2.4764033241808647e-06
6.563792703673244e-05
2.349317765037995e-05
4.649340553442016e-05
5.653136554428784e-07
2.5258381356252357e-05
4.757405136501802e-08
1.3681773452844936e-05
1.1472630831121933e-05
2.7726806365535595e-05
1.635619810258504e-05
3.3249827538384125e-05
6.076079898775788e-06
1.6385774870286696e-05
2.7609461383804046e-08
4.93538573209662e-05
2.4284397568408167e-06
1.537408934382256e-05
5.573671728598129e-07
6.406479951692745e-05
3.3322731951557216e-07
7.245278538903221e-05
2.7715650503523648e-06
0.00011924803402507678
1.84434190941829e-06
1.848943247750867e-05
2.662946144482703e-06
4.230345439282246e-05
5.712949668890133e-09
2.737113754847087e-05
2.179771030341726e-08
0.002029974013566971
2.742167225733283e-06
8.807708945823833e-05
1.7060858226614073e-05
3.844099410343915e-06
1.1057401025027502e-05
3.522395854815841e-05
3.0899625471647596e-06
0.00028824969194829464
3.169261390212341e-06
5.841609890921973e-06
1.8830291082849726e-05
1.8742537577054463e-05
6.859456789243268e-06
0.00013945743557997048
5.717119165637996e-06
5.795979632239323e-06
1.0713872143242043e-05
3.496278623060789e-06
3.508740746838157e-07
4.382760380394757e-06
1.3568831491284072e-05
8.18335174699314e-05
2.7090168330801134e-08
6.041344749974087e-05
1.3636314406539896e-06
4.698178236139938e-05
3.734676212729937e-08
0.00040700382669456303
7.447248151493113e-09
2.7961586965830065e-05
8.273502203337557e-07
2.3493559638154693e-05
1.897937522699067e-06
7.911240572866518e-06
2.442675217650958e-08
6.552493141498417e-05
3.617109278764019e-09
1.2148389942012727e-05
1.9241140307713067e-06
4.5652395783690736e-05
1.8125003009572538e-07
1.5420090448969859e-06
1.1729082416422898e-06
2.3237087134475587e-06
1.0883404684136622e-06
2.0420959117473103e-05
4.774688932229765e-06
3.15641809720546e-05
9.278614925278816e-06
2.684880018932745e-05
6.49453704681946e-06
2.0166773538221605e-05
7.94249856994611e-08
2.9183647711761296e-05
8.368559974769596e-06
2.8509948606370017e-05
7.859765901230276e-06
1.2871803846792318e-05
3.17219496537291e-06
3.414855746086687e-05
1.414146026945673e-05
1.6013354979804717e-05
7.633141763108142e-07
2.058250356640201e-05
2.097334117934224e-06
6.138145545264706e-05
1.6045119991758838e-05
2.760136339929886e-05
1.457593771192478e-05
0.00010671484051272273
4.539217479759827e-05
1.0129982911166735e-05
5.203268301556818e-06
2.9933717087260447e-05
5.52927940589143e-06
3.9209517126437277e-05
1.7185394218799388e-09
2.025859066634439e-05
1.6399666492361575e-05
1.1757755601138342e-05
4.306586561142467e-06
3.9224716601893306e-05
5.14864836986817e-07
2.5766097678570077e-05
1.1213116522412747e-05
3.657368870335631e-05
1.271639484912157e-05
1.4506139450531919e-05
5.47675472262199e-06
7.925955287646502e-05
4.971262228536943e-07
2.3769915060256608e-05
8.627498004898371e-08
5.225161658017896e-05
1.324148615822196e-05
2.571104050730355e-05
5.85292639243562e-07
2.492687235644553e-05
7.254351430674433e-08
1.5224251910694875e-05
4.457159320736537e-06
1.5382540368591435e-05
2.7677532443703967e-07
3.6411478504305705e-05
3.2965112950478215e-07
2.5381796149304137e-05
5.77417260672064e-08
6.833359657321125e-05
2.182603202527389e-05
1.681353933236096e-05
3.73898501493386e-06
4.1932467865990475e-05
2.1117536164183548e-07
2.2244072169996798e-05
3.314144123578444e-07
1.5673414964112453e-05
1.7520076198707102e-06
1.7660040612099692e-05
3.742594678612932e-09
3.8418926123995334e-05
1.929605986106253e-07
3.608766564866528e-05
2.595372272651275e-08
5.2395702368812636e-05
3.970218358517741e-07
1.297054836868483e-07
2.318865699635353e-05
1.80063423727006e-07
1.6543235403787548e-07
2.963108443054807e-07
5.3246501920511946e-05
8.999487022265384e-07
1.28568153741071e-05
4.647712330552167e-07
8.286328778694951e-08
4.299332886148477e-06
6.986937961528383e-08
2.6250265250382654e-07
9.755090246699183e-08
1.1208847183752368e-07
2.405033150409963e-08
2.0500469588569104e-07
2.4709273930056952e-05
4.124536090444053e-08
9.064886398846284e-05
9.081788476805741e-08
4.20148921875807e-07
6.831085386238556e-08
0.00012205775419715792
1.2949183201271808e-06
1.0463967328178114e-06
2.7080764652964717e-07
4.8963140208968525e-09
7.315211405511945e-07
1.3413148735708091e-05
1.9002977751370054e-06
1.5836232591937005e-07
2.930605376150197e-07
0.00023224286269396544
6.330251949293597e-07
1.8313808425318712e-07
1.060880549630383e-06
3.2048892535385676e-06
6.269492587307468e-07
1.0028134767026131e-07
1.103936497770519e-07
1.8813756469171494e-05
2.1424968110750342e-07
0.00016754721582401544
2.3175099173045055e-08
1.1597946780739221e-07
1.414667053722951e-06
4.37286644228152e-06
2.1602461686143215e-07
7.691739938309183e-07
4.113227987545542e-06
1.0082307255743217e-07
1.0188815622313996e-06
1.6470140806745803e-08
2.4324302216882643e-07
2.0968540411558934e-05
5.889781959922402e-07
5.217329430706741e-07
4.202542669418108e-08
1.64373323059408e-05
6.290750889093033e-07
8.85855479282327e-05
5.235795441649316e-08
9.364670404465869e-05
2.2312390228762524e-06
1.0488738553249277e-05
1.1382469438103726e-06
6.536067331808226e-08
5.234982225488238e-08
2.4914483219617978e-05
8.300718690179565e-08
2.871353110833752e-08
3.428741024436022e-08
3.006288352480624e-05
1.402750513079809e-06
3.2528589599678526e-06
1.1838606184255696e-07
5.775749286840437e-06
3.5891790162168036e-07
2.0383993160066893e-07
1.4886236385791562e-06
4.727505054091807e-09
3.6491650234893314e-07
2.4270751964650117e-05
4.401897157890744e-08
9.470185432292055e-06
3.791718938828126e-07
3.357136301929131e-05
2.8658382689172868e-06
2.919037569881766e-06
1.0208299499936402e-05
2.254196829198918e-09
2.1837242911715293e-06
5.592239631369011e-07
6.9142670326982625e-06
1.2065006558259483e-06
9.736282663652673e-06
2.0782351839443436e-06
6.173049314384116e-06
1.7065696056306479e-07
7.7572831287398e-06
9.709916426459131e-09
0.00010692902287701145
3.829730758297956e-06
7.990512131073046e-06
7.457630886165134e-07
5.0167072913609445e-06
1.543137386761373e-06
4.815615466213785e-05
1.3412189048267464e-07
2.2657659428659827e-05
8.678634912939742e-06
3.14789213007316e-06
5.8194844498871134e-09
1.1152755178045481e-05
3.498580314342803e-09
3.438987550907768e-05
1.1455780622782186e-05
1.1983811418758705e-06
2.0605883666036107e-10
2.976702671730891e-05
1.0712421527614424e-07
9.510397831036244e-06
6.564224719340928e-08
4.911635187454522e-06
1.2234042969794245e-06
2.1537421162065584e-06
4.474171646506875e-07
2.5883859052555636e-05
4.726188329584602e-09
5.116816464578733e-05
1.9350358343217522e-05
6.983398179727374e-06
1.435523810933148e-09
3.7900529150647344e-06
1.3643286820297362e-06
7.75397893448826e-06
1.0785075801322819e-06
1.0317651685909368e-05
2.2285782961262157e-06
5.0188064051326364e-05
1.4534073670802172e-05
3.76655316358665e-06
1.209498350362992e-06
1.0589365956548136e-05
1.728729337457935e-08
2.611550144138164e-06
5.197669565859542e-07
5.4267943596642e-06
7.118215762602631e-06
3.972574177169008e-06
1.0661071137008094e-08
3.6901917610521195e-06
2.0050549665029394e-08
4.080389771843329e-06
7.083898623250207e-08
1.1701302355504595e-05
4.526541033555986e-06
6.4302321334253065e-06
1.828539986092892e-08
3.381033820915036e-06
9.865324273050646e-07
4.98879307997413e-06
8.432072817754488e-09
6.728430435032351e-06
5.063188268650265e-08
5.627416044262645e-07
9.615889666747535e-07
3.781123450607993e-05
1.406308638252085e-05
6.265658157644793e-06
1.5143813243412296e-06
2.1756237401859835e-05
1.0655202459020074e-05
3.603679260777426e-06
5.85139900977083e-08
2.0230947939126054e-06
1.2798675896874556e-08
3.891720552928746e-06
1.2902617640975222e-07
2.2255273506743833e-05
1.486917540205468e-07
8.74113175086677e-06
1.141258820780422e-08
9.946971658791881e-06
4.987406100553926e-06
8.639916813990567e-06
3.6663827813754324e-06
1.8146063666790724e-05
8.676579454913735e-06
6.331803433567984e-06
2.9867710082953636e-08
7.529164577135816e-06
1.8158885950469994e-08
1.2338219676166773e-05
6.6053207774530165e-06
1.439288735127775e-05
4.642066286919544e-08
3.168614057358354e-05
2.1355052012950182e-05
1.314932205787045e-06
3.2316131992615738e-09
4.576028368319385e-05
7.180107672866143e-07
1.2968595001439098e-05
1.0806697900989093e-05
2.0641427909140475e-05
6.15338831266854e-06
3.8438661249529105e-06
2.0333457140253586e-11
1.1162184819113463e-05
5.872157544217771e-06
4.349205482867546e-06
4.2798887989192735e-06
4.9627478801994585e-06
3.579654073160299e-10
2.3845450414228253e-05
1.3324635801836848e-05
1.1953681678278372e-05
8.829444730906744e-09
5.913534550927579e-06
2.3664327386541117e-08
1.6795542251202278e-05
1.1337311661918648e-05
4.700884801422944e-06
1.5495908556317772e-08
1.2954236808582209e-05
4.356709268904524e-06
2.1553723854594864e-05
2.019660438890014e-09
3.199061757186428e-05
7.851156624383293e-06
1.4318254216050263e-05
1.3798030273903805e-08
1.782502658898011e-05
9.278350603381114e-07
8.358657055396179e-07
3.350900357190767e-08
1.2845802075389656e-06
1.6745343600632623e-07
2.1534549432544736e-06
1.096040341508342e-05
1.4665416756542982e-06
3.372625997144496e-06
7.274117024280713e-07
8.090199116850272e-06
2.953122020699084e-06
8.114048796414863e-06
1.2643705531445448e-06
1.6296694127504452e-07
1.8717870489126653e-06
1.1655155503831338e-05
2.089445700903525e-07
8.451336725556757e-06
3.54038093064446e-06
1.216504870171775e-07
2.1989667402522173e-06
1.7542902241984848e-07
6.812617243667773e-07
4.978854121873155e-06
1.235052764059219e-06
7.928851118776947e-06
4.013817942905007e-06
6.095426670071902e-06
5.769107929154416e-07
1.923736370201823e-08
2.2884457848704187e-06
5.984682047710521e-06
1.0597133268674952e-06
4.6098225681134863e-08
2.5086148980335565e-06
4.543147014146598e-08
2.98399811526906e-07
1.3694192446678244e-08
5.4686352086719126e-06
9.585637172904171e-08
2.8103781914978754e-06
6.909230251039844e-06
2.541121830290649e-06
4.321141204854939e-06
3.052125521207927e-06
2.3909504420771555e-07
2.069999993636884e-07
1.6585095181653742e-06
3.766487452594447e-06
5.148618864581067e-09
2.2138963231554953e-06
5.4635879820352784e-08
8.942726594796113e-07
2.7836344429488236e-07
4.431040849794954e-07
6.20504170001368e-06
4.2909576336569444e-08
1.5152005516938516e-07
9.371159990223532e-07
3.1894430776446825e-06
4.0147025970327377e-07
7.995235762336961e-08
2.1196790385147324e-06
9.80220011115307e-06
9.92294985735498e-07
1.0933936778201314e-07
6.530269729410065e-06
4.115996489417739e-06
0.00012937243445776403
1.068252419855753e-08
3.1460434257724046e-08
1.2693022188869918e-09
1.6444359062006697e-05
2.2779115624871338e-06
2.4485272660967894e-05
2.7907958610740025e-06
0.0007550754817202687
3.7560019450211257e-07
5.216002136876341e-06
4.745323689547831e-09
3.150951215502573e-07
1.0376547265877889e-07
2.864863199647516e-05
1.2889227946288884e-05
0.0005504970904439688
1.9440109099377878e-05
1.0830958672158886e-05
4.1875716760841897e-07
1.1063055893600904e-07
2.879404382838402e-05
2.706856503209565e-05
1.6066522334767797e-07
1.819911085476633e-05
6.5937366677815135e-09
0.0004292478843126446
6.353569460770814e-06
8.052464295360551e-07
2.2641102987108752e-05
5.6176890211645514e-05
1.4207229526164156e-07
1.5163072930590715e-05
1.6140068836989485e-08
1.0554447271715617e-06
1.2318265874000645e-07
1.0437272521812702e-06
2.422881895114415e-09
1.2884104762633797e-05
1.7281521422773949e-06
9.406317076354753e-06
4.123214239371009e-06
3.090024256380275e-05
1.9546533280845324e-08
0.0004992436151951551
2.8876206670247484e-07
1.0420436410640832e-05
3.238160388718825e-07
1.32046743601677e-05
3.601300022637588e-07
5.3142266551731154e-06
5.0052141887135804e-05
2.9646278676409565e-07
4.4088940853725944e-07
3.8033347664168105e-05
1.7989754041991546e-07
0.00021511875092983246
1.0255463394059916e-06
1.1081024240411352e-06
8.538081175402112e-08
1.6962987103852356e-07
1.279819770161339e-07
5.1106158025504556e-06
8.821811206871644e-06
4.302881643525325e-05
8.708757093245367e-08
1.962627356988378e-05
7.123667842279247e-07
3.065683245040418e-07
1.6700627725185768e-07
4.426006489666179e-05
2.368038849454024e-07
1.6030502592911944e-05
2.1489063328772318e-06
3.1246985599864274e-05
1.624659340393464e-08
1.1901261132152285e-06
6.056448000890668e-07
2.2822436221758835e-05
1.977711917788838e-06
4.325469035393326e-06
4.1836520381366427e-07
5.385188705986366e-05
6.94013976954011e-07
5.456537905956793e-07
5.948496095697919e-07
8.483005512971431e-05
1.4257736324907455e-07
2.4839486286509782e-05
1.0369527444709092e-05
5.400650843512267e-05
2.2946887838770635e-05
2.5381796149304137e-05
6.807172212575097e-07
0.00010008187382481992
8.980595112006995e-07
3.0375060305232182e-05
1.3330816727830097e-05
1.3899388250138145e-05
3.3478535499398276e-08
1.2473949027480558e-05
6.206125249264005e-07
4.720881042885594e-05
2.2357987461418816e-08
1.2296893146412913e-05
5.740986580349272e-06
8.989986781671178e-06
4.347616140876198e-06
1.4777002434129827e-05
1.9091241654223268e-07
5.4995736718410626e-05
8.06675814146729e-07
3.7879159208387136e-05
2.4504066686859005e-07
1.5192737009783741e-05
8.831509745732546e-09
2.178823524445761e-05
1.3251668917746429e-07
1.850681655923836e-05
4.091634480118955e-07
2.5616182028898038e-05
1.1240566891501658e-05
2.830475386872422e-05
2.3037409846438095e-07
1.683923437667545e-05
2.3989862540929607e-08
2.2790927687310614e-05
4.233072203874144e-08
5.929604230914265e-05
1.826864536269568e-05
3.466985435807146e-05
5.661383806199183e-09
2.4001739802770317e-05
1.438963153077566e-07
7.637857925146818e-05
2.8641017706831917e-05
3.1797892006579787e-05
2.5282906790380366e-07
0.00010671484051272273
1.343486566440788e-08
2.15077780012507e-05
8.188634637917858e-06
3.2990727049764246e-05
1.249466805575139e-07
9.8794716905104e-06
3.6044521039002575e-06
4.7677982365712523e-05
3.1766492725182616e-07
3.594575173337944e-05
6.323885060055545e-08
2.7773759939009324e-05
7.623961664648959e-06
3.0365443308255635e-05
1.5787223972552056e-08
5.929628969170153e-05
2.3458878786186688e-05
1.7747359379427508e-05
1.6897296006845863e-08
5.5868753406684846e-05
3.9301158949456294e-07
2.4839486286509782e-05
1.0369527444709092e-05
3.15641809720546e-05
9.278614925278816e-06
3.0375060305232182e-05
9.120612531887673e-08
0.00010008187382481992
2.0172391757000696e-08
2.415232484054286e-05
5.15229089614877e-07
3.4993194276466966e-05
1.2095458146177407e-07
8.384335160371847e-06
9.457986038796662e-07
4.145763159613125e-05
2.2926880774321035e-05
4.720881042885594e-05
2.2357987461418816e-08
1.4651403034804389e-05
8.749448170419782e-06
8.989986781671178e-06
6.529757001771941e-08
1.4777002434129827e-05
1.9091241654223268e-07
4.85852942802012e-05
1.4404462490347214e-05
2.4623426725156605e-05
4.892345259577269e-06
1.599623283254914e-05
1.110590304165271e-07
1.3899388250138145e-05
7.249973776879415e-08
3.7879159208387136e-05
6.407471886404892e-08
1.6452560885227285e-05
4.5732573994428094e-07
0.00013675766240339726
7.264147279784083e-05
2.5871884645312093e-05
1.7800445561988454e-07
3.414855746086687e-05
1.414146026945673e-05
9.8794716905104e-06
3.0217854600778082e-06
5.929604230914265e-05
2.582208651347173e-07
2.7015821615350433e-05
1.2479422366595827e-06
3.66655076504685e-05
1.4042035090255922e-08
6.218269845703617e-05
7.588941031144714e-08
1.781776882125996e-05
2.916340591241351e-08
1.387500287819421e-05
4.9124969336844515e-06
0.00018046896730083972
4.5586091346194735e-08
3.575473601813428e-05
5.531755959964357e-06
3.464291148702614e-05
3.217137667377301e-09
5.8154764701612294e-05
2.1200665287324227e-05
4.108270331926178e-06
6.301331723079784e-08
1.5192737009783741e-05
3.2576007669149476e-08
1.7859729268820956e-05
6.772405924948544e-08
1.234268165717367e-05
6.159614258649526e-06
3.688085780595429e-05
2.3472259158552333e-07
1.0177737749472726e-05
1.5104042176972143e-06
1.7612668671063147e-05
1.255739334737882e-08
1.4126908354228362e-05
6.867771389806876e-06
7.707992153882515e-06
2.053884617936319e-09
9.170569683192298e-06
6.1412932517157515e-09
1.1752751561289188e-05
6.859456789243268e-06
5.000522651243955e-05
2.9160737540223636e-05
2.3817216060706414e-05
4.452246855635167e-07
4.8809670261107385e-05
5.532077466341434e-06
4.064708627993241e-05
6.488612598332111e-07
2.687818414415233e-05
1.5487997018226451e-07
2.554950515332166e-05
9.081950480549494e-08
2.5789395294850692e-05
5.68741370443604e-07
4.744023954117438e-06
0.00021058745915070176
8.513854845659807e-05
1.882198432667792e-07
9.19171634450322e-06
6.080130333430134e-06
3.7638335925294086e-05
4.18398349211202e-06
7.466929673682898e-05
1.491157597399706e-08
5.314858299243497e-06
6.800144802809882e-08
4.8748188419267535e-05
2.9436565455398522e-05
9.223046072293073e-05
6.120068428572267e-05
1.922138653753791e-05
7.278132670762716e-06
3.448434654274024e-05
1.2136119948991109e-05
1.8960086890729144e-05
7.209518315676178e-08
5.4540560086024925e-05
3.5194538213545457e-05
4.344357407148891e-08
2.8911750771243305e-09
1.4809787671765662e-06
6.357930146805302e-07
7.245832307489763e-07
3.6784317103411013e-07
4.108450411877129e-06
2.807760210998822e-07
2.681629212020198e-06
1.7569682597695646e-08
5.0485239626141265e-05
3.2570511393714696e-05
4.510696385295887e-07
3.411421900523237e-08
1.1428196557972115e-05
1.1519260851855506e-06
4.560453453450464e-05
5.868418497811945e-07
1.1853627057689664e-07
1.1788259257627942e-07
2.3767208858771482e-06
7.678761448914884e-07
1.246814576916222e-06
8.01586796939091e-09
8.76326157595031e-06
2.4297577283505234e-07
5.0528510655567516e-06
1.0787038036141894e-06
1.3872070667275693e-05
1.0576198583578389e-08
9.258924364985432e-06
6.448401563829975e-07
1.96897417481523e-05
1.686681798673817e-07
1.8204670482191432e-07
5.205566253607685e-07
2.0196684999973513e-05
1.8259986234170356e-07
5.1887225708924234e-05
1.0733089084169478e-08
2.80447602563072e-06
4.043868671033124e-07
8.686458386364393e-06
2.042758069364936e-06
8.703817911737133e-06
4.347577942098724e-08
1.6537778719794005e-05
6.319196018012008e-06
3.358735284564318e-06
1.382591221954499e-06
1.711513141344767e-05
4.1322491597384214e-06
1.9477442037896253e-05
1.7367703549098223e-05
3.7168146604926733e-07
3.4790209610946476e-06
4.222538700560108e-05
2.3541858809039695e-06
3.5667217161972076e-06
9.840819075179752e-07
8.061863809416536e-06
1.0890341854974395e-06
1.0110882612934802e-05
4.264844392309897e-06
4.356393765192479e-05
3.477865107015532e-08
2.1108655801072018e-07
1.1774463928304613e-05
2.606265979920863e-06
4.654228632716695e-06
2.1004778318456374e-05
4.422099664225243e-06
2.463867474489234e-07
1.3087020533930627e-06
4.0405956269751186e-07
1.3309939816963379e-09
4.853919563174713e-06
3.1825572932575596e-06
1.9793746105278842e-05
2.4215989469666965e-05
3.7453591517078166e-07
1.417883686372079e-05
2.85777758790573e-07
2.5461975383223034e-05
4.745764454128221e-05
2.806327529469854e-06
6.323453817458358e-06
7.4901436164509505e-06
8.31742181617301e-06
1.706300099613145e-05
2.839717616609505e-08
0.00016403594054281712
5.018676461077121e-07
8.074912329902872e-06
1.6154210243257694e-05
1.5670642596887774e-06
1.7662886193647864e-06
3.70435827790061e-07
3.640997874754248e-06
9.852682524069678e-06
2.6918830826616613e-06
6.1361656662484165e-06
1.1438473848102149e-05
2.3041261556500103e-06
3.8189707993296906e-05
7.797933903930243e-06
3.094857277119445e-07
6.304528454847969e-08
2.069712081720354e-06
4.188022103335243e-06
1.9011771655641496e-05
3.7690138015022967e-06
1.6331445294781588e-05
6.609527190448716e-06
1.3068784028291702e-05
1.4295275185816081e-08
7.225679291877896e-05
3.589186235330999e-05
4.063068990944885e-05
1.673979909355694e-06
5.031840919400565e-05
5.790549266748712e-07
6.383129948517308e-05
1.9040186089114286e-05
6.5761578298406675e-06
7.52634861100887e-08
1.6034819054766558e-05
8.62124878153736e-08
1.8920807633548975e-05
4.579441338137258e-06
4.570521923596971e-06
1.5394178944916348e-06
4.569699740386568e-05
1.4232250578061212e-05
1.1387469385226723e-05
2.6839069855455477e-10
2.2462567358161323e-05
7.280520549102221e-06
1.2341863111942075e-05
3.609791860981204e-07
2.090063935611397e-05
1.1143491684961759e-10
2.4887191102607176e-05
6.276791282289196e-06
1.0506402759347111e-05
6.01104872544056e-08
1.0323540664103348e-05
7.209406049923928e-08
2.860714630514849e-05
6.5213021649412894e-09
1.3887047316529788e-05
6.871302389299672e-07
7.601882316521369e-06
7.609858521107071e-09
1.2921194866066799e-05
7.685246600885876e-06
3.6836110666627064e-05
1.0125833796337247e-05
6.83810212649405e-05
1.7256987121072598e-05
1.2407652320689522e-05
3.421016856464121e-07
3.11510702886153e-05
7.458767186108162e-07
9.99856274574995e-06
1.6235424027399858e-07
1.9552353478502482e-05
4.276785503520841e-08
7.976582128321752e-05
6.799863285777974e-07
2.5146688130917028e-05
2.7868443339684745e-06
1.7935852156369947e-05
7.518348610346948e-08
1.330120812781388e-05
5.912251594963891e-07
3.520615791785531e-05
1.1142084986204281e-05
4.987175088899676e-06
2.6670157637909142e-08
3.1307492463383824e-05
1.8938345647256938e-06
1.1304828149150126e-05
9.071692329598591e-05
1.4027218639967032e-05
5.224826054472942e-06
1.6371339370380156e-05
9.186567694996484e-06
1.912468724185601e-05
7.672649189771619e-06
8.909758435038384e-06
5.406554315356971e-09
5.663643150910502e-06
3.811724624824819e-08
4.313340014050482e-06
1.077443698704883e-06
3.357509194756858e-05
6.5538361013750546e-06
1.3146581295586657e-05
7.777243737905337e-09
1.1811380318249576e-05
3.845172614092007e-06
1.2989634342375211e-05
1.3103521268931217e-05
3.155779995722696e-05
6.0888329933561636e-09
6.58888120597112e-06
2.5226097477570875e-06
1.0374465091445018e-05
2.7843311727338005e-06
1.7130103515228257e-05
2.2754876738417806e-07
2.5716448362800293e-05
7.797933903930243e-06
5.596902610705001e-06
1.0152466529689264e-05
1.674964551057201e-05
6.319196018012008e-06
9.45454121392686e-06
1.068095207301667e-05
2.6821870051207952e-05
7.0732739914092235e-06
6.327428309305105e-06
4.65883786091581e-05
1.1981189345533494e-05
8.17605723568704e-06
9.802688509807922e-07
1.801784492272418e-05
1.170414179796353e-05
1.3832848253514385e-06
7.0738428803451825e-06
1.5510299817833584e-06
1.4918180568201933e-05
2.7670028046600237e-08
6.024724370945478e-06
3.393953420527396e-07
7.3784653977782e-06
1.4442794054048136e-06
0.00010388146620243788
6.519931048387662e-07
3.475302037259098e-07
5.254046300251503e-07
4.674644151236862e-05
1.3858025340596214e-06
4.3998423393531993e-07
1.1295765744989694e-07
0.0001620785624254495
2.0503573523456e-06
1.7801852663978934e-05
8.534590051567648e-06
6.908830255270004e-05
3.944438049074961e-06
0.00013778665743302554
4.63563037556014e-06
0.0006218350608833134
1.0933991688943934e-05
0.0004398449382279068
7.606575991303544e-08
0.0009470936493016779
1.862810563579842e-07
3.344682409078814e-05
7.293581916201219e-07
6.302957444859203e-07
1.0095275683852378e-05
1.6015068467822857e-05
5.184574547456577e-06
1.1840979823318776e-06
6.479261855929508e-07
2.1574624042841606e-07
3.2910593290580437e-05
2.6516268007981125e-06
8.88430713530397e-06
6.1830442064092495e-06
1.1803839328194954e-07
4.058612830704078e-06
1.1016177268174943e-05
4.952296876581386e-06
3.4337585219645916e-08
9.10200469661504e-05
4.736647269965033e-07
7.614590140292421e-05
4.1532193790772e-06
7.71601298765745e-06
3.821495738520753e-06
0.0010123279644176364
4.4713392099993143e-08
5.103232069814112e-06
3.7195963642489005e-08
0.0006870432407595217
3.5717525861400645e-06
2.867444663934293e-06
1.972418431250844e-05
1.5303638178920664e-07
6.355927780532511e-06
8.296180453726265e-08
5.600325494015124e-06
0.00011121327406726778
5.343511020328151e-07
9.173085345537402e-06
1.1058993550250307e-05
1.196329412778141e-05
3.115075060122763e-06
8.656558748043608e-06
4.361350391945962e-08
1.3614807414796815e-07
1.1531567452038871e-06
4.884854206466116e-05
8.537054441148939e-08
1.1184564527866314e-06
5.5780426919227466e-05
8.662950534699121e-08
1.524982690170873e-05
1.0146627573703881e-06
1.231430269399425e-05
0.0006008687196299434
7.936788506412995e-07
7.749025098746642e-05
4.1257614213918714e-08
5.002408579457551e-05
2.8442824984153958e-08
8.570787031203508e-06
4.2081696847162675e-06
3.3558524592081085e-05
1.0151190508622676e-05
6.093485467317805e-07
2.9914483093307354e-05
3.1844439945416525e-05
5.05099990277813e-07
2.0230347672622884e-06
1.6210084140766412e-05
3.836086034425534e-05
5.6368754108859775e-09
1.1402146071759489e-07
9.369865772157482e-09
2.339079583180137e-05
1.4119442539595184e-06
4.618408183887368e-06
1.3405400750343688e-05
2.3112573899197741e-07
7.859076731620007e-07
1.7977024313609036e-08
5.7191734015304974e-08
1.302225349775199e-08
5.6010430853348225e-06
6.038903848093469e-06
2.1742607714259066e-06
9.085763849725481e-06
1.3655520660904585e-06
1.7011341697070748e-05
2.590715666883625e-06
9.850793958321447e-09
2.8877693125650694e-07
1.1346791239930099e-07
6.296204446698539e-08
3.1196972827274294e-07
8.735559617889521e-07
8.955337307270383e-07
7.126306627469603e-06
7.913868671494129e-08
1.8802129631012576e-08
9.301931640948169e-06
7.434240956172289e-07
3.539602630553418e-06
3.5656469776768063e-07
1.062107841676152e-07
1.4661251043435186e-05
3.844124574214902e-09
3.146947346976958e-05
3.8347127429005923e-07
1.705096110526938e-05
7.473636287613772e-06
6.272724476730218e-06
6.100377140683122e-05
7.95257051322551e-07
5.7540905800124165e-06
6.356852099997923e-05
3.0845723131278646e-07
8.47228864842009e-09
3.87709224014543e-06
4.061752179040923e-07
4.977848675480345e-06
8.92216557986103e-05
1.8922803519672016e-06
1.1100853498646757e-06
1.354001256004267e-06
3.8417008909163997e-05
1.796692004063516e-06
1.1426469654907123e-06
2.3014063117443584e-06
6.623261288041249e-05
2.6648249331628904e-06
1.632593793488013e-08
1.0426100516269798e-06
1.4193869901646394e-07
3.6673404224529804e-07
7.251625522286531e-09
3.0176513519108994e-06
9.849135494732764e-06
7.190405426626967e-07
8.384861871491012e-08
6.298535595306021e-07
5.6691282225074247e-05
2.4517817109881435e-07
1.4071653708924714e-07
7.75394994434464e-07
6.500855675994899e-08
7.660162282263627e-07
4.889367119176313e-05
1.6392713177992846e-06
5.080988074723791e-08
4.6810222897875065e-07
9.806733487494057e-07
2.4125081381498603e-06
0.0002033550845226273
1.6078604403446661e-06
2.2799045495958126e-07
1.5129783150769072e-06
1.0033790687202782e-07
5.310807296154962e-07
3.320874020573683e-05
9.266975098398689e-07
1.111706069423235e-06
3.016929497334786e-07
1.6931704521994106e-05
6.787278152842191e-07
6.230249738337079e-08
1.2864588825323153e-06
7.060834406047434e-08
2.9354396247072145e-07
6.152401965664467e-08
1.4492155742118484e-06
6.525788194267079e-06
1.1807138662334182e-06
2.0318243798556068e-07
9.512102110420528e-07
4.2101316211073936e-08
8.628538807897712e-07
6.959367526704341e-10
9.45199587931711e-07
1.26413597172359e-05
4.604721652867738e-07
2.93753546429798e-05
3.8032595739423414e-07
5.550996320380364e-07
1.954163053596858e-06
3.508596932988439e-07
6.930511153768748e-05
8.233721746364608e-05
5.8770943724084646e-05
1.350643117348227e-07
4.808710218640044e-05
1.450273430236848e-06
6.483906327048317e-05
6.346623138142604e-08
3.71089372492861e-05
6.146370310489147e-07
2.242307527922094e-05
1.1330409499521465e-08
9.235295874532312e-05
1.1795198417985375e-07
7.63845382607542e-05
0.00011786236427724361
3.712049874593504e-05
1.2075969607394654e-05
6.415403913706541e-05
0.00010498039046069607
4.395741780172102e-05
0.0001546565181342885
5.414443512563594e-05
2.034650350424272e-07
3.282760735601187e-05
1.6342962538828942e-08
5.1864095439668745e-05
3.1986328394850716e-06
5.3917963668936864e-05
6.043756428653069e-08
3.821532300207764e-05
7.919990139271249e-07
6.129757821327075e-05
1.345663491747473e-07
7.831994298612699e-05
1.4853562824157507e-08
6.735775241395459e-05
0.0003276479837950319
9.561373735778034e-05
0.00012765530846081674
7.740419096080586e-05
3.7845401834601944e-07
3.246008782298304e-05
2.486796972789307e-07
3.277794530731626e-05
2.8784263577108504e-06
4.3582655052887276e-05
2.4056442171627168e-08
6.709679291816428e-05
8.772694854997098e-07
7.600770913995802e-05
8.841300882522773e-07
0.00011326932872179896
0.00010270276106894016
8.060938125709072e-05
5.111192535878217e-07
0.00010557837958913296
7.103891448423383e-07
8.056893420871347e-05
7.060032203298761e-07
8.121250721160322e-05
2.5812687454163097e-05
1.114591123041464e-05
3.578345422283746e-05
0.00011998959234915674
4.3342950561964244e-08
6.531091639772058e-05
5.394873733166605e-05
8.8865592260845e-05
0.0002701531338971108
6.61345329717733e-05
5.338445771485567e-05
4.106636333744973e-05
2.011889819186763e-07
8.503685239702463e-05
8.159154822351411e-05
6.926718924660236e-05
7.605677865285543e-07
7.673715299461037e-05
3.824130772045464e-07
