0.005742785986512899
5.49004107597284e-06
0.0012125970097258687
1.2764866141878883e-06
0.0012280209921300411
1.7613132285987376e-08
0.00035391937126405537
8.341277890622223e-08
9.885872714221478e-06
6.023640253260965e-07
1.0383673725300469e-06
2.968726278140821e-07
0.0004847519739996642
2.3524214043391112e-07
0.002843462163582444
2.3675265765632503e-06
0.00022119854111224413
5.2007017359301244e-08
0.0012664413079619408
6.084017911689443e-08
0.002148999832570553
9.309227166909295e-09
0.0007546875276602805
1.0655288917860162e-07
1.0956789964211566e-07
4.3263690407968625e-09
5.3495515572876684e-08
3.781833957106073e-09
2.226676770078484e-05
5.978567401143664e-07
1.8397809981252067e-05
1.5488446081235452e-07
0.0001718279381748289
2.863475629055756e-06
9.938628500094637e-05
3.8652052580800955e-07
7.845403888495639e-05
4.2926265564346977e-07
2.408737418591045e-05
8.391092478632345e-07
0.002629449823871255
3.5314627893967554e-05
1.866663842520211e-05
4.087075922143413e-06
2.6006244297605008e-05
5.143585440237075e-05
1.5866497733441065e-06
1.0519901479710825e-05
0.00012106302165193483
2.008660118235639e-07
3.4186588891316205e-05
9.477802365154275e-08
6.710730758641148e-06
1.6353031924154493e-06
2.64659302047221e-05
1.6978852102056408e-07
8.821074152365327e-05
2.8276531338633504e-07
3.751518534045317e-06
6.983004396943215e-08
6.724863487761468e-05
8.024388620242462e-08
2.0977624899387592e-06
7.39785477321675e-09
