6.819820441705815e-08
5.257566826344373e-09
2.5582231444332137e-08
1.4898906761096065e-11
1.4336668137382436e-11
1.1131497112959465e-10
1.7974897958961122e-10
5.480834119886424e-10
1.642555189085293e-11
1.0399092388979625e-05
4.2435073055457906e-07
9.97732314544919e-08
5.6830620451364666e-05
2.452401020036632e-07
1.856508788478095e-05
1.462145519326441e-06
7.14603743290354e-07
2.499947697742755e-07
7.161930625443347e-06
8.704181482244167e-07
2.3134276716518798e-07
0.0005677945446223021
0.000414201058447361
2.4529672373319045e-05
6.915054768796836e-07
2.766577438251261e-07
3.3718951186756385e-08
2.3807576354784032e-08
1.1178858727589613e-08
1.1480549488851466e-07
2.0576035666963755e-11
1.50487261540988e-11
4.615613013320141e-12
1.268677003729568e-11
3.746734259651996e-12
2.096531628859033e-11
1.2213324102061662e-11
1.7979340238838404e-11
1.7430928228590048e-11
3.587386743220122e-08
2.9380693433722627e-09
1.3699748002693468e-09
5.3105082997717545e-08
2.6994098334398586e-07
1.7591537115890787e-08
1.3322368763724057e-09
1.290544116017145e-09
1.469112831387065e-09
3.5348207000351906e-11
6.421974757531146e-11
2.453099667842906e-10
1.5925079033252132e-09
1.6164111160676953e-09
4.562765790194767e-11
0.00013084961392451078
7.459255721187219e-05
1.2352172689134022e-06
2.1269555561254094e-11
7.213385444515552e-11
6.313492784126851e-11
1.1439077951536092e-07
6.857751344568896e-08
2.510926151444437e-07
6.328267243560504e-09
8.667303319498387e-09
6.988365885973735e-09
3.467079636720882e-07
1.5384543416985252e-07
9.657379962391133e-08
8.543357239432225e-07
8.61474859448208e-07
2.0503507869307214e-07
9.930280556180726e-12
3.295975417507563e-13
2.0592557607029827e-12
7.517609645901757e-08
1.8267407142502634e-08
1.3650090835426454e-08
1.8614515484571825e-09
1.6442923689297118e-09
2.0083554264083148e-10
6.268360408512308e-08
7.726868602730974e-07
4.993484736814935e-08
8.944821550116444e-10
5.842000661004931e-08
2.1814674511233534e-09
1.648753311656037e-07
2.2534249466410472e-10
9.553994040345515e-09
8.26607973181126e-08
7.803997732480639e-07
6.021652438903402e-07
3.126458869573412e-09
9.873287604156289e-11
2.324913872531198e-11
2.761087003477769e-08
1.6058592677836714e-08
3.219685629218816e-09
2.2342200978187066e-08
1.4431091877042945e-09
1.2200311594323665e-10
