1.2714088448717575e-08
5.144430659242971e-09
4.178803136856146e-10
4.921374419097901e-10
3.516723301455471e-10
1.6310293393662079e-10
1.0249395998584987e-08
1.0737663203030934e-08
4.0911501963947217e-10
2.219721212393111e-10
1.47412401729774e-10
1.5850379342374765e-10
1.3636630713520503e-09
9.921728993944612e-10
5.055948992804815e-10
6.037257360702597e-10
3.68551800189465e-10
3.2929392546066083e-10
8.156667008485385e-10
2.1858215237813283e-09
1.8481652874768884e-09
9.620846341817924e-10
8.808923208925012e-12
1.0333577743493194e-11
9.594746525065645e-11
2.000721394113114e-10
4.2755515794468124e-10
8.190515488060157e-10
1.1665013399664304e-10
9.708932269258952e-11
9.509221188253036e-10
1.1953706913203632e-09
2.268875087807487e-09
1.1647978137574455e-09
3.499326384215351e-10
7.213016295359864e-10
2.6261566254959234e-09
3.852040908469689e-09
2.729539649859447e-10
4.2374137532164013e-10
4.0857153771334254e-10
6.180453371307237e-10
5.933237456900997e-09
7.925864409230599e-09
5.973267436232277e-10
5.417261084161851e-10
7.09844544255489e-11
9.682713658643038e-11
1.274546267138188e-11
1.9429595085607154e-11
8.018391284281279e-09
6.811834651898607e-09
2.0685222978933382e-10
1.7711788979912768e-10
1.4023814054464623e-10
1.3546931632024695e-10
3.6804415071145513e-10
4.2307721215273375e-10
9.989401666965492e-12
1.8442298035936666e-11
8.122746031347106e-09
7.22041093581538e-09
6.154329823537807e-11
1.3063310155825292e-10
2.359637374382828e-09
3.009140714382852e-09
8.983112032012741e-09
4.337755932226628e-09
9.578147996958108e-11
1.0474811990013322e-10
1.6360365839851454e-10
1.8827904513241123e-10
2.2258636600547277e-10
2.4879914795050695e-10
4.42837919112371e-11
4.2357822110927756e-11
1.035856200815033e-08
7.0175363298119464e-09
1.3344584985641728e-11
1.1846531568215912e-11
4.850324031302478e-10
8.809697416012341e-10
5.359944710292552e-10
6.872115654310562e-10
7.819602187986163e-10
5.313983142407608e-10
8.355601627263454e-11
8.739500789722854e-11
