0.4587036967277527
0.2821628749370575
0.0004542593378573656
7.007374370004982e-05
0.4686225950717926
0.37295302748680115
0.0002939883270300925
7.392544648610055e-05
0.023876890540122986
0.009920356795191765
0.00036949021159671247
0.000654821575153619
0.7261085510253906
0.612487256526947
0.0007375494460575283
8.571091166231781e-05
0.31553298234939575
0.09669090062379837
0.005804175511002541
0.0026402692310512066
0.5450878143310547
0.5351459980010986
2.1498901332961395e-05
1.4684338566439692e-05
0.7975174188613892
0.927717924118042
4.208865721011534e-05
4.915245153824799e-05
0.7702712416648865
0.5429473519325256
9.493662946624681e-05
0.00028966052923351526
0.5112771987915039
0.30340418219566345
0.0022002062760293484
0.0011447209399193525
0.05494711175560951
0.07222045958042145
0.00019675354997161776
0.00066576455719769
0.0016680824337527156
0.007566394284367561
4.441864803084172e-05
0.0006144504295662045
0.03198159486055374
0.012711317278444767
0.0004354682459961623
0.0003654533065855503
0.3254130780696869
0.17701707780361176
0.0005776098696514964
0.0004986892454326153
0.1591169536113739
0.02202964574098587
3.733027142516221e-06
4.140202690905426e-06
0.24347564578056335
0.23807187378406525
9.490303636994213e-05
0.00011947697930736467
0.23911021649837494
0.10384201258420944
1.624181641091127e-05
4.882816028839443e-06
0.018337367102503777
0.002389302710071206
4.752333552460186e-06
3.9134081930569664e-07
0.05522739142179489
0.013463829644024372
0.00011999280104646459
1.2606520613189787e-05
