0.010823768563568592
0.014582917094230652
0.0005201745079830289
0.015698330476880074
0.0011349722044542432
0.006163319572806358
0.0023012636229395866
0.0017290505347773433
0.03262735530734062
0.002155585680156946
0.00021593649580609053
0.0005018592346459627
0.0006193848676048219
0.0009167664684355259
0.001805520965717733
0.002863343572244048
0.01467581745237112
0.00232499185949564
0.04098351672291756
0.0038371258415281773
0.0155721977353096
0.0003124048816971481
0.00016350617806892842
0.0006752890185452998
0.019822491332888603
0.0016047846293076873
0.001939951442182064
1.1657181175905862e-06
0.19484733045101166
0.001047357451170683
0.0176555085927248
0.0069037508219480515
0.06515217572450638
0.001917092828080058
0.001037941430695355
0.0056062908843159676
0.015585140325129032
0.029101433232426643
0.012432822026312351
0.007661436218768358
0.000323476386256516
0.09153985977172852
1.165559297078289e-06
0.003203531028702855
0.06218281388282776
0.009875736199319363
0.3349520266056061
0.014487117528915405
0.040148209780454636
0.009724179282784462
0.009301220998167992
0.005518971476703882
0.001514070201665163
0.0005123433656990528
0.08769002556800842
0.0014681166503578424
0.1585792750120163
0.021882174536585808
0.0014193522511050105
0.00047064071986824274
0.014185353182256222
0.019249938428401947
0.0008128300542011857
0.0005893474444746971
0.04241766780614853
0.008837483823299408
0.1428307443857193
0.004876206163316965
0.014383462257683277
0.008966277353465557
0.016035282984375954
0.026201218366622925
0.07491740584373474
0.0002131811052095145
0.007315180264413357
0.006005691830068827
0.00022188524599187076
0.00010155423660762608
0.001367796678096056
0.028659094125032425
0.010493071749806404
0.0025503775104880333
8.082545718934853e-06
0.0067313299514353275
2.665366992005147e-06
0.0027265881653875113
0.7941410541534424
0.00015915562107693404
0.0046839285641908646
0.03063332475721836
0.037832655012607574
0.024625496938824654
0.007560445461422205
0.00034562574001029134
0.0037860360462218523
0.011803038418293
0.5075425505638123
0.013088643550872803
0.10413330048322678
0.013896382413804531
0.0883852019906044
0.00434388592839241
0.0001316108537139371
0.00045048873289488256
0.2808081805706024
0.06304893642663956
0.2902757227420807
0.09829767793416977
0.0005813827738165855
0.13074980676174164
0.002688190434128046
0.0019009736133739352
0.005174341611564159
0.0012465330073609948
0.010140342637896538
0.0017251678509637713
0.0011153827654197812
0.0027870829217135906
5.658252121065743e-05
0.0020206060726195574
0.03952810913324356
0.0027499934658408165
0.037356458604335785
0.0004846827359870076
0.005003801546990871
3.5743487387662753e-06
0.014992732554674149
0.0007944194367155433
0.031002352014183998
0.0015949729131534696
0.0005190007505007088
1.0165536878048442e-05
0.000941721023991704
0.0009893238311633468
0.0031037493608891964
0.018438683822751045
0.009847629815340042
0.00038371814298443496
0.030215369537472725
0.009441467002034187
0.00835363008081913
0.0018730834126472473
0.00012283901742193848
0.00022282084682956338
4.104915933567099e-05
1.5542029359494336e-05
0.007633300498127937
0.008334511891007423
0.0007821706240065396
0.0016495155869051814
0.04658939689397812
0.01601416990160942
0.0724162682890892
0.04321649670600891
0.00457100011408329
0.0012492244131863117
0.0013377070426940918
0.0017197387060150504
0.0570625476539135
0.00685780867934227
0.06290315836668015
0.004335295874625444
0.0014319787733256817
0.0015122337499633431
0.008343380875885487
8.455949136987329e-05
0.023720502853393555
0.012195170857012272
9.198192128678784e-05
0.00039182743057608604
0.008741688914597034
0.0003802634892053902
0.001765677472576499
0.022830907255411148
0.008222290314733982
0.031982388347387314
0.0012276434572413564
0.0007925908430479467
0.004982940386980772
0.0006821146816946566
0.0007609830936416984
0.003925136756151915
0.008897937834262848
0.005688239820301533
0.006405889987945557
0.03278722986578941
0.0007313428213819861
0.006784755736589432
0.043144591152668
0.0011320215417072177
0.0012574716238304973
0.002356044016778469
0.0023452606983482838
0.0002674482821021229
0.0072311959229409695
0.01713084615767002
0.00013117938942741603
0.007673766929656267
0.0001954900799319148
0.000382163911126554
0.06281580030918121
0.04856839030981064
0.21814578771591187
0.1751444786787033
0.0019047424430027604
0.005775191355496645
0.07502610236406326
0.002994164591655135
0.03986809030175209
0.005214109551161528
0.006004301365464926
0.13485772907733917
0.00035984866553917527
0.008015625178813934
0.0004694326489698142
0.0060687740333378315
0.21958285570144653
0.0017842771485447884
1.5913911965981242e-06
0.025021761655807495
0.00227012624964118
6.9752318268001545e-06
0.18343430757522583
0.3416226804256439
0.0006628092378377914
5.95816482018563e-06
0.2049863338470459
0.19558537006378174
3.4179499834863236e-06
3.394827217562124e-06
2.0765673980349675e-05
0.0001567669096402824
0.01815110631287098
0.01882787235081196
0.26079457998275757
0.000253348087426275
0.005753679666668177
0.0014887899160385132
0.00027276508626528084
0.0056917499750852585
0.00045824743574485183
0.000848436844535172
0.0012824059231206775
0.005627569276839495
0.0893581360578537
0.0720059722661972
0.008989479392766953
3.715022830874659e-05
0.006647552363574505
9.540392784401774e-05
0.008738619275391102
0.002449223306030035
0.007483029272407293
0.17297188937664032
0.0026779354084283113
0.0009078498696908355
5.698449513147352e-06
0.02455085888504982
0.017434637993574142
0.05883998051285744
0.0017344113439321518
0.0068544805981218815
0.17858807742595673
0.0026944256387650967
9.693653737485874e-07
0.02610047720372677
0.001027153804898262
0.0004400275938678533
2.4425253286608495e-06
0.1046069860458374
0.021092506125569344
4.401857950142585e-06
0.049279674887657166
6.204166129464284e-05
0.00386658008210361
0.01022604200989008
3.1888183002592996e-05
0.0003649954160209745
0.00018629849364515394
6.749366730218753e-05
0.03035655990242958
0.016235891729593277
8.072372293099761e-05
0.0005500480765476823
0.014622548595070839
0.027215633541345596
0.04298362508416176
0.0002202668401878327
0.1608424037694931
0.7044392228126526
0.02205701544880867
0.09472762048244476
0.000841679866425693
0.01433106604963541
0.02580551989376545
0.037548553198575974
0.0008156864205375314
5.167578365217196e-07
0.007525813765823841
0.0007615215145051479
