0.03063354641199112
0.0001771568931872025
0.035678185522556305
0.00011409488797653466
0.012805572710931301
9.013222734211013e-05
0.0065293507650494576
0.00032686410122551024
0.004393821582198143
8.219546725740656e-05
0.005857894662767649
0.0004228911711834371
0.03216133266687393
1.561682984174695e-05
0.013043687678873539
1.3494079212250654e-05
0.021231533959507942
2.3211130155686988e-06
0.015371048822999
0.00011090376210631803
0.049276165664196014
7.030679989838973e-05
0.009462723508477211
0.00027973184478469193
0.005323123652487993
0.00011536519741639495
0.002973297145217657
0.00015279384388122708
0.004974196199327707
9.59379804044147e-07
0.0010027001844719052
0.0002349634887650609
0.0002658731827978045
0.0009678910719230771
0.10054192692041397
0.00020954853971488774
0.11729250848293304
2.4053613287833286e-06
0.07247830927371979
3.9683462091488764e-05
0.009239738807082176
0.007292631547898054
0.013615917414426804
0.004318723920732737
0.016460977494716644
0.00046536658192053437
0.020164335146546364
0.003165260422974825
0.029162554070353508
1.4917033695382997e-05
0.022607143968343735
7.20093012205325e-05
0.004138249903917313
0.00012221226643305272
0.017500972375273705
0.006558098364621401
0.017525164410471916
0.0005075813387520611
0.005776030011475086
0.0001476384641136974
0.04922570660710335
0.0009358702809549868
0.00414255540817976
0.0004556838539429009
0.015335765667259693
0.00047064636601135135
0.004888375289738178
0.00039469829061999917
0.022710904479026794
0.0001019411429297179
0.012590520083904266
5.210319795878604e-05
0.059692319482564926
4.583506233757362e-05
0.009839842095971107
2.974325070681516e-05
0.026644952595233917
2.7776561182690784e-05
0.028027070686221123
0.0010301852598786354
0.020319312810897827
0.0013813494006171823
0.03669492527842522
3.084354102611542e-05
0.006527302786707878
0.00022918163449503481
0.0017644944600760937
0.0014940261607989669
0.0013922922080382705
0.00019557555788196623
0.002543170005083084
6.978534656809643e-05
0.0021794631611555815
0.0005693628336302936
0.0030222488567233086
2.117734584317077e-05
0.002469528466463089
0.00021313018805813044
0.001631425810046494
0.0002551301149651408
0.004560887813568115
0.0007479055202566087
0.002537703840062022
5.528536712517962e-05
0.0024651126004755497
0.0012975279241800308
0.0033444606233388186
0.0008603702299296856
0.008126338012516499
5.088296893518418e-05
0.0032464489340782166
0.00022968355915509164
0.002578875981271267
0.00044839942711405456
0.004394998773932457
0.002701137913390994
0.005966599099338055
0.002601390006020665
0.005419710651040077
1.8737280697678216e-05
0.001886005629785359
0.00011563960288185626
0.0025600483641028404
0.0005988104385323822
0.002008647657930851
0.00013781606685370207
0.0016744544263929129
0.00011767895193770528
0.0011210364755243063
0.00040980143239721656
0.002135631861165166
2.4050743377301842e-05
0.002415162045508623
2.3182323275250383e-05
0.005305666010826826
0.002963456092402339
0.0014213323593139648
0.0010246902238577604
0.007371729705482721
1.1488337804621551e-05
0.0010521243093535304
0.011074041947722435
0.00640380522236228
0.06800535321235657
0.0014384320238605142
0.0002865009882953018
0.0011141066206619143
0.0006291826139204204
0.0020308098755776882
0.001371254213154316
0.003664870746433735
0.003300146432593465
0.002207057550549507
0.00030325542320497334
0.00022896588779985905
0.0002836401981767267
0.003418547799810767
0.000293525168672204
0.0018806642619892955
0.00032818038016557693
0.002564043737947941
3.8232828956097364e-06
0.0006881826557219028
0.0008658334263600409
0.002121897181496024
0.0007052959990687668
0.0023933588527143
0.05675414949655533
0.002088453620672226
0.0004016527673229575
0.09156282246112823
0.0003983316710218787
0.14054398238658905
0.0001163777633337304
0.0370149090886116
0.00019570940639823675
0.14466944336891174
6.990144902374595e-05
0.06454101949930191
0.011053189635276794
0.09320604801177979
8.599620923632756e-05
0.12825214862823486
0.00019415729911997914
0.13611136376857758
0.0006176463793963194
0.18326890468597412
0.0003837183758150786
0.050123173743486404
0.0022437467705458403
0.034441836178302765
1.8777589502860792e-05
0.05660073086619377
5.7964036386692896e-05
0.023173542693257332
0.00022931837884243578
0.006903386674821377
0.0025666591245681047
0.011485929600894451
0.0002601681917440146
0.03214273229241371
2.0656410924857482e-05
0.00022902390628587455
0.00011303952487651259
0.013951520435512066
0.00023457169299945235
0.02001018077135086
8.866714779287577e-05
0.040138550102710724
0.0002870049502234906
0.010114148259162903
0.0004029792034998536
0.0011241576867178082
0.00137468206230551
0.06596297770738602
2.308361763425637e-05
0.004903588909655809
0.0008695988799445331
0.0027927847113460302
5.0433991418685764e-05
0.005618540104478598
3.0812021577730775e-05
0.0018742649117484689
0.00016611674800515175
3.963526614825241e-05
0.0051223780028522015
0.0014898775843903422
5.165271431906149e-05
0.009507128968834877
1.846452141762711e-05
0.0010245355078950524
0.00010827897494891658
3.3296371839242056e-05
6.140284676803276e-05
0.006959331687539816
1.6229911125265062e-05
0.0014196026604622602
4.194039502181113e-05
8.74213146744296e-05
5.706624506274238e-05
0.0011731651611626148
0.00011710541002685204
2.1323212422430515e-05
2.6855754185817204e-05
0.0012540147872641683
0.00016102931112982333
0.0018810135079547763
0.00028631207533180714
0.00017928419401869178
6.426195341191487e-06
0.00010946152178803459
2.01512266357895e-05
9.587736713001505e-05
0.00010221026604995131
9.163170034298673e-05
4.665068627218716e-05
4.794891719939187e-05
3.33473326463718e-05
2.2932283172849566e-05
0.00032071606256067753
0.00022588096908293664
0.00034189363941550255
1.918291673064232e-05
0.00026904226979240775
2.189160295529291e-05
0.0019491983111947775
4.0935035940492526e-05
6.47857305011712e-05
0.0003320519463159144
0.0012512225657701492
0.00042620711610652506
0.0006659813807345927
0.00019693381909746677
0.003424680093303323
0.0001862934441305697
1.5136214642552659e-05
5.8364119468024e-05
9.117533772950992e-05
7.241441926453263e-05
5.449331001727842e-05
6.01663559791632e-05
0.0007176202489063144
0.00016934525046963245
1.1658264156721998e-05
0.04757442697882652
5.728208998334594e-05
0.008297443389892578
0.06447280943393707
0.040854912251234055
0.0058739581145346165
0.021673433482646942
0.0010182334808632731
0.026015646755695343
6.370199844241142e-05
0.011532142758369446
0.006532191764563322
0.027253178879618645
5.3847299568587914e-05
0.028342703357338905
0.00015821469423826784
0.05460859090089798
0.0005708991084247828
0.02756902389228344
0.0001884691882878542
0.01134169939905405
0.0017170098144561052
0.023703036829829216
0.000546690949704498
0.07429412007331848
0.019205188378691673
0.0042045507580041885
0.00018917632405646145
0.00316382828168571
2.0767889509443194e-05
0.015666944906115532
0.0010606629075482488
0.025156093761324883
2.002420660573989e-05
0.00044821115443482995
0.0004383514169603586
0.00048169755609706044
0.00010856353037524968
0.012476515956223011
6.811618368374184e-05
0.01381605863571167
4.1993980630650185e-06
0.014098347164690495
9.738090011524037e-05
0.11303702741861343
8.022282418096438e-05
0.020006675273180008
0.005990204401314259
0.010395673103630543
9.133880666922778e-05
0.004576269071549177
0.0001834102877182886
0.022561758756637573
0.00020040897652506828
0.009278100915253162
0.010726739652454853
0.05276815593242645
9.728600707603619e-05
0.021569469943642616
0.0008459599339403212
0.0002575429098214954
0.002008180832490325
0.23891980946063995
0.0017513924976810813
0.19412757456302643
0.00043538952013477683
0.09291505068540573
0.0008042422123253345
0.2887182831764221
9.910926019074395e-05
0.0003489587106741965
0.00012182701902929693
0.35648319125175476
1.986621555261081e-06
0.1116882935166359
8.304114089696668e-07
0.005174583755433559
0.00011501090921228752
0.10899695008993149
3.387683818800724e-06
0.3111763298511505
0.001369351171888411
0.01545269601047039
0.00029155530501157045
0.09112463146448135
0.0001179426399176009
0.012901628389954567
0.0004247099277563393
0.016391947865486145
2.6333720597904176e-05
0.1606127768754959
0.0052918121218681335
0.6580065488815308
4.4752647227142006e-05
0.0012153068091720343
4.310409349272959e-05
0.028362944722175598
0.00013464191579259932
0.05555994063615799
0.00010265846503898501
0.003229966387152672
6.414092786144465e-05
0.060261305421590805
0.0005404643015936017
0.006431772373616695
6.545666110469028e-05
0.014086957089602947
0.0040626125410199165
0.013311775401234627
0.002182706957682967
0.14638197422027588
8.589909157308284e-06
0.002378902630880475
0.003288086038082838
0.023889532312750816
8.892251935321838e-05
0.06807182729244232
1.2031458709316212e-06
0.0037288533058017492
0.00024154978746082634
0.057365402579307556
8.400201295444276e-06
0.005024104379117489
0.000302992295473814
0.12700913846492767
3.280799137428403e-05
0.08575892448425293
2.4486364509357372e-06
0.0015576832229271531
2.858210245904047e-05
0.023873109370470047
1.8059768990497105e-05
0.019594263285398483
0.060231175273656845
0.08840356022119522
1.3397134352999274e-05
0.05611584708094597
0.0003040701267309487
0.06704790145158768
3.61439524567686e-05
0.01788700371980667
0.0004490016435738653
0.010892939753830433
0.004721165634691715
0.07713261991739273
4.642952262656763e-05
0.06346883624792099
3.7241050449665636e-05
0.015352398157119751
0.003428935306146741
0.09375335276126862
0.0003011703083757311
0.03953271731734276
0.002202987903729081
0.01834404282271862
0.0006700202939100564
0.025723453611135483
3.689626828418113e-05
0.01059215608984232
1.7127726096077822e-05
0.01612602360546589
0.0003165281377732754
0.02154812216758728
0.0006536307628266513
0.034252312034368515
0.0005391220329329371
0.07399871200323105
0.0005574810784310102
0.06848228722810745
8.399552825721912e-06
0.009718985296785831
0.0005733761354349554
0.017737412825226784
0.0002649234374985099
0.0076632024720311165
0.003706823568791151
0.07270675152540207
0.0007432081620208919
0.006151420995593071
0.0012039093999192119
0.02772461250424385
0.00022855561110191047
0.04673673212528229
0.0007910975255072117
0.011527691036462784
0.00016474438598379493
0.014745757915079594
0.0014976501697674394
0.022658493369817734
0.0015456731198355556
0.0060485047288239
0.0006901613087393343
0.06507401913404465
0.002785724587738514
0.10544124990701675
0.0001125075068557635
0.011225955560803413
0.0002274447469972074
0.031737226992845535
5.871344546903856e-05
0.011868064291775227
9.279415280616377e-06
0.029416462406516075
0.0004871319979429245
0.006349338684231043
0.0011102412827312946
0.06546912342309952
3.3522974263178185e-05
0.03416653349995613
0.0006599982152692974
0.04332924634218216
0.00389397656545043
0.013364694081246853
0.00016821399913169444
0.002523715142160654
1.897643960546702e-05
0.009613859467208385
0.0005865211714990437
0.0065718465484678745
0.00029767039814032614
0.004638344515115023
5.6831271649571136e-05
0.04670574516057968
0.0001243163860635832
0.006528683938086033
2.1478392227436416e-05
9.98165924102068e-05
0.0003794894437305629
0.034080661833286285
0.008497515693306923
0.024721363559365273
0.0054088374599814415
0.6227653622627258
6.192023533913016e-07
0.23234012722969055
1.0314778592146467e-05
0.5113498568534851
0.0008420620579272509
0.30488261580467224
5.6150744057958946e-05
0.054731860756874084
2.365179534535855e-05
0.1739036738872528
3.0350724046002142e-05
0.049325130879879
0.0002881514956243336
0.6055232286453247
4.847551281272899e-06
0.23972943425178528
5.052248184256314e-07
0.6082805395126343
1.3662639503309038e-05
0.05837288498878479
5.7060024118982255e-05
0.1425933688879013
0.0001636302622500807
0.4388587772846222
5.5075881391530856e-05
9.498845088273811e-07
8.089944572020613e-07
0.06268277764320374
8.851352362171383e-08
0.0060983020812273026
0.0003569058608263731
0.05849899724125862
9.520292223896831e-06
0.25234049558639526
0.0014622906455770135
0.13214516639709473
1.1565751265152358e-05
0.1640617698431015
1.7409519159627962e-06
0.38445284962654114
7.176871440606192e-05
0.46870681643486023
1.0753775541161303e-06
0.04775504395365715
8.110437192954123e-05
0.3086152970790863
2.1925723103777273e-06
0.006728032138198614
0.0019295181846246123
0.21918955445289612
0.0008086473681032658
0.0901399701833725
8.583538874518126e-05
0.031152641400694847
6.150121771497652e-05
0.15310576558113098
2.0029297957080416e-05
0.004886135458946228
6.664175998594146e-06
0.028293948620557785
2.343555934203323e-05
0.006203877739608288
0.00010088246926898137
0.07290565222501755
1.449800947739277e-06
0.00508966064080596
6.252163439057767e-05
0.0019541603978723288
1.9186260033166036e-05
0.0029845689423382282
0.0003036173584405333
0.0014635950792580843
0.00018895682296715677
0.008264854550361633
1.3257340469863266e-05
0.003394239116460085
9.251610208593775e-06
0.011049622669816017
3.868101703119464e-05
0.011369425803422928
0.00017258212028536946
0.013068807311356068
0.0007300706929527223
0.0011839704820886254
2.6850915674003772e-05
0.003667400451377034
2.3681495804339647e-05
0.012947550043463707
0.00016619755479041487
0.00380534864962101
4.5467037125490606e-05
0.004860777407884598
0.0001504615938756615
0.0011809521820396185
8.76520061865449e-07
0.002614613389596343
0.00012894975952804089
0.0013412851840257645
2.7723976018023677e-05
2.8169830329716206e-05
1.7272293916903436e-05
0.001785196946002543
0.00031380009022541344
0.017787285149097443
0.00015246481052599847
0.0020208065398037434
4.743786121252924e-05
0.000115584371087607
1.6243425307038706e-06
0.0005079208640381694
1.9790186911450292e-07
0.008536227978765965
8.381649240618572e-05
0.0013982050586491823
6.214267614268465e-06
0.0027819364331662655
4.561982859740965e-05
0.00019451670232228935
4.4473283196566626e-05
0.0013148640282452106
0.0001273408270208165
0.001474060700275004
1.1926280194529681e-06
0.00043843407183885574
7.73587089497596e-07
9.832651994656771e-05
0.00012273169704712927
0.0036380961537361145
4.077146513736807e-05
0.002107240492478013
6.978577857807977e-06
0.0003104655770584941
1.159144517259847e-06
0.0037171340081840754
3.037761416635476e-05
0.0055962600745260715
0.0003546277876012027
0.0018418004037812352
2.437904004182201e-05
0.015346146188676357
0.0008116298704408109
0.0020714271813631058
7.871268280723598e-06
0.0009598436881788075
6.478530121967196e-05
0.4788971543312073
2.9285767595865764e-05
0.1810140609741211
0.0004006606468465179
0.4175480604171753
0.00023113428323995322
0.17315927147865295
2.4844002837198786e-06
0.4150787889957428
0.007400874514132738
0.5213832855224609
0.000986194354481995
0.14383971691131592
0.0012313488405197859
0.41218119859695435
0.0003872394736390561
0.0007346623460762203
0.00015058911230880767
0.0815584734082222
7.075968460412696e-05
0.13117562234401703
0.00024103840405587107
0.10177972912788391
0.0004214530054014176
0.3538195788860321
0.000681056350003928
0.36737826466560364
0.014269423671066761
0.023341156542301178
0.0002700266777537763
0.355985164642334
3.6566576454788446e-05
0.0029321571346372366
0.0004199959512334317
0.4774327576160431
3.294834095868282e-05
0.06915374100208282
2.478629357938189e-05
0.2344447523355484
7.633464701939374e-05
0.10514923930168152
0.00020766060333698988
0.1705569475889206
9.504571607976686e-06
0.6148746013641357
3.9113674574764445e-05
0.03419037163257599
9.719843546918128e-06
0.01782320812344551
0.00037617163616232574
0.06368079036474228
0.0001204675281769596
0.014733398333191872
7.178858504630625e-05
0.015601575374603271
0.0123688830062747
0.004277980420738459
0.0001015406014630571
0.005384252872318029
0.00259705213829875
0.027900606393814087
8.998830162454396e-05
0.08441942930221558
0.012220433913171291
0.017453989014029503
0.0004806755459867418
0.16074876487255096
8.662004256621003e-05
0.5267059206962585
0.00014115289377514273
9.529822273179889e-05
2.424993681415799e-06
0.4060271680355072
7.599895980092697e-06
0.38668352365493774
0.00022998015629127622
0.7660504579544067
0.0008729924447834492
0.27951619029045105
0.0001793141127564013
0.0005113463848829269
2.571678487583995e-05
0.4368009567260742
0.015207676216959953
0.7949925661087036
0.0011738183675333858
0.23781229555606842
0.0007167391595430672
0.027865935117006302
1.2695014447672293e-05
0.3094249963760376
0.00014624619507230818
0.4126797020435333
0.00011923857528017834
0.6862349510192871
0.001303125754930079
0.06613820791244507
6.966773798922077e-05
0.48632821440696716
0.0011093375505879521
0.41814273595809937
1.0479970114829484e-05
0.2788730263710022
8.195172267733142e-05
0.037156831473112106
0.00017315748846158385
0.5306423902511597
0.008423762395977974
0.19000287353992462
0.007725852075964212
0.5398021936416626
0.00013862914056517184
0.7499057650566101
0.00018437598191667348
0.450880765914917
0.00018682771769817919
0.42637208104133606
0.0006534429849125445
0.05594300478696823
0.0002562879817560315
0.5946889519691467
0.005136939696967602
0.4009552299976349
0.0009680627845227718
0.7367696762084961
0.001052123960107565
0.44007211923599243
0.0002021306863753125
0.17118118703365326
0.003201145213097334
0.0378124974668026
0.0003444681642577052
0.2121230810880661
0.00018133220146410167
0.3727734684944153
0.00031110458076000214
0.04053232818841934
3.367664976394735e-05
0.06656067073345184
0.000515870691742748
0.21271081268787384
0.0001424288348061964
0.19938142597675323
0.0004141532408539206
0.004738396964967251
0.0018207015236839652
0.11616753041744232
0.0003590938576962799
0.09004353731870651
0.0009675502078607678
0.429473340511322
0.0009911670349538326
0.13347117602825165
0.010937551036477089
0.5817177295684814
7.339684816543013e-05
0.2664150893688202
0.019878869876265526
0.19858695566654205
0.00013471016427502036
0.06730420142412186
0.00022761651780456305
0.10553426295518875
0.00039326216210611165
0.34661051630973816
0.0001604606513865292
0.03417430445551872
3.4664408303797245e-05
0.01873820088803768
1.5556855942122638e-05
0.015012916177511215
7.200582331279293e-05
0.03957683965563774
7.663112228328828e-06
0.12332619726657867
0.000324444001307711
0.045963630080223083
4.47789607278537e-05
0.010186753235757351
0.0004873857251368463
0.011951166205108166
2.74187586910557e-05
0.05806842818856239
7.597796502523124e-05
0.3629201352596283
5.602757937595015e-06
0.07480725646018982
0.0006420966237783432
0.34469762444496155
4.879690095549449e-05
0.03231494873762131
7.91804923210293e-05
0.11794409155845642
3.866619954351336e-05
0.11623001843690872
0.00011729241668945178
0.006700424011796713
4.580764289130457e-05
0.25740617513656616
4.0261187677970156e-05
0.06337492913007736
0.00012835754023399204
0.009906753897666931
0.0003761799889616668
0.13490045070648193
5.792606771137798e-06
0.04225946217775345
4.423819336807355e-05
0.19257372617721558
9.939682786352932e-05
0.01975109986960888
2.382111233600881e-05
0.01101904921233654
0.0037057683803141117
0.0009948412189260125
0.0002061896666418761
0.03947244584560394
0.0011677548754960299
0.0006088386289775372
1.517119358140917e-06
0.06516870856285095
3.356852903380059e-05
0.22811147570610046
0.00011924914724659175
0.05884510278701782
0.00029973636264912784
0.0028177013155072927
0.0005643743788823485
0.01866874098777771
3.383893636055291e-05
0.001059214468114078
5.871620942343725e-06
0.0029700451996177435
0.00012526733917184174
0.001649225247092545
6.403084262274206e-05
0.0010848050005733967
0.009076002985239029
2.654593663464766e-05
6.776364170946181e-05
0.0017695784335955977
0.00029919511871412396
5.348954437067732e-05
2.4503008262399817e-06
0.0011149084893986583
7.200582331279293e-05
0.053330473601818085
0.0002512118371669203
0.0019205680582672358
9.546908404445276e-05
0.006747911684215069
4.47789607278537e-05
0.002937445417046547
0.007307612802833319
0.0010665608569979668
0.0015022439183667302
0.002429352141916752
0.0003286427236162126
0.004823977593332529
6.928650691406801e-06
0.0013060906203463674
4.503343006945215e-05
0.010976837947964668
0.00021405394363682717
0.0008748386753723025
0.0006616220925934613
0.00078226049663499
0.0004239018599037081
0.0010824273340404034
2.9238892238936387e-05
0.005958926863968372
0.009871700778603554
0.005887696985155344
0.00039319085772149265
0.0007900726050138474
0.0009066868224181235
0.0006017278647050261
0.00023885324480943382
0.000500912603456527
0.0010879539186134934
0.0014062926638871431
0.000174907167092897
8.534813241567463e-05
0.015190549194812775
0.0003514685668051243
8.506377344019711e-05
0.00258479081094265
0.01387413963675499
0.0006351425545290112
0.0008602914749644697
0.011523731052875519
0.0015920933801680803
1.099047040042933e-05
0.00010418357123853639
0.004636394325643778
1.3502486581273843e-05
0.005521280225366354
0.00021319194638635963
0.002461549360305071
0.0005970972706563771
0.0008693053969182074
0.0011387905105948448
0.061325788497924805
0.0040094670839607716
0.013648548163473606
0.00046337299863807857
0.02562691457569599
0.0003085510979872197
0.08433343470096588
0.0003755879297386855
0.14945177733898163
0.00014795575407333672
0.10967117547988892
0.000732375425286591
0.08154267072677612
4.933435411658138e-05
0.012575133703649044
0.010955997742712498
0.06800351291894913
0.02084329165518284
0.017528297379612923
0.0019627511501312256
0.02322661317884922
4.935240212944336e-05
0.2077806144952774
0.0003121385525446385
0.008790294639766216
0.0009873269591480494
0.013259219005703926
0.1651780903339386
0.011180329136550426
0.0032861116342246532
0.016277210786938667
0.0029805253725498915
0.004769147373735905
0.0004644093569368124
0.0038085186388343573
8.071625779848546e-05
0.10067801177501678
0.00025916952290572226
0.013888939283788204
6.420459249056876e-05
0.0011561913415789604
0.0006266723503358662
0.06539105623960495
0.0029382125940173864
0.0053263441659510136
0.002965338760986924
0.005851967725902796
0.000615870114415884
0.0046232352033257484
0.00046770472545176744
0.005727631039917469
0.00010337885760236531
0.005034876987338066
0.00013372687681112438
0.0036044984590262175
0.00038000813219696283
0.0051332805305719376
5.108506229589693e-05
0.002087419619783759
0.00012385848094709218
0.002709818771108985
0.002034180797636509
0.05198660492897034
0.0014595455722883344
0.0006700443918816745
0.0006767631275579333
0.002034698845818639
0.004066599067300558
0.0009214009623974562
0.0003608673287089914
0.0009457188425585628
0.0031498526223003864
0.0011370895663276315
0.0004676013777498156
0.0020127648022025824
0.0003878916031681001
0.002025508088991046
0.003164102789014578
0.0001399692555423826
0.007699253503233194
0.0037574535235762596
0.000627568457275629
3.495690907584503e-05
0.00027603140915744007
0.01510959304869175
0.0001441934291506186
0.0014437923673540354
0.0008410956361331046
0.004294021986424923
0.0001755574921844527
0.012812348082661629
0.0005321224452927709
7.662951975362375e-05
0.0009688395657576621
0.0015391670167446136
0.0007782907341606915
0.004841868299990892
4.056988018419361e-06
0.01642526686191559
0.00016541829972993582
0.42591118812561035
0.00014529367035720497
0.2859288156032562
0.011390326544642448
0.04440387338399887
0.021323150023818016
0.21986424922943115
0.0015794051578268409
0.08206748217344284
0.0019252847414463758
0.11780481040477753
0.0018886399921029806
0.05171070620417595
0.0007321421289816499
0.3409040868282318
0.00018419518892187625
0.002367601962760091
0.0026553822681307793
0.019678717479109764
0.001232131733559072
0.07279158383607864
0.0008651258540339768
0.05475454777479172
0.001494968542829156
0.10339205712080002
7.859350444050506e-05
0.18743117153644562
0.00020856264745816588
0.3825950026512146
1.1927209925488569e-05
0.021610885858535767
0.010039057582616806
0.04586464911699295
0.0014011776074767113
0.4270460903644562
1.4583331903850194e-05
0.03896741196513176
0.0005743339424952865
0.012110261246562004
0.004058506339788437
0.001171316485852003
0.000837530882563442
0.0004707943880930543
0.010595887899398804
0.4874669313430786
0.002027159323915839
0.011090977117419243
0.008194917812943459
0.005821664351969957
0.0028362812008708715
0.019287073984742165
6.759796815458685e-05
0.11563853174448013
0.0011869638692587614
0.08910450339317322
0.0001882836368167773
0.013697139918804169
0.0001514916366431862
0.06532759964466095
0.005489320494234562
0.16941821575164795
0.000275663158390671
0.43408969044685364
7.623870260431431e-06
0.3638884723186493
0.00020335409499239177
0.39386746287345886
3.9122221551224357e-07
0.47522038221359253
6.220498471520841e-05
0.002253006212413311
0.003813674207776785
0.023236123844981194
0.000591069576330483
0.16703511774539948
0.00027127491193823516
0.1824723780155182
0.000836344319395721
0.2986139953136444
2.2240270425299968e-07
0.34780454635620117
2.6098643957084278e-06
0.6335724592208862
0.0002552471705712378
0.3134671747684479
3.0938113923184574e-05
0.21555638313293457
0.0002726619131863117
0.38969314098358154
2.458284882322914e-07
0.07919684052467346
1.599882307345979e-05
0.16391624510288239
5.887633597012609e-05
0.3996511399745941
0.0006048580398783088
0.1975862979888916
0.0004497697518672794
0.059635452926158905
0.0007104979595169425
0.24555842578411102
0.0006350541370920837
0.25592875480651855
0.00042127296910621226
0.015353861264884472
1.9814975530607626e-05
6.322605622699484e-05
0.0008906555012799799
0.00015419619739986956
2.660179052327294e-05
0.06107807904481888
0.0015921960584819317
0.5797603726387024
5.165435868548229e-05
0.46213361620903015
0.0004315205733291805
0.3896787464618683
0.0002655239077284932
0.49605104327201843
0.0006904627080075443
0.06919068843126297
0.0029089690651744604
0.5343265533447266
0.00043303490383550525
0.07801910489797592
0.005056499037891626
0.12025689333677292
0.011455900967121124
0.3170677423477173
0.00011646599159575999
0.19991400837898254
0.0037497817538678646
0.019395552575588226
0.02894388698041439
0.07892568409442902
0.00018190038099419326
0.33609244227409363
0.0001625140430405736
0.06856732815504074
0.0005484928260557353
0.07421824336051941
9.26319626159966e-05
0.04842483997344971
0.0007816878496669233
0.032607611268758774
9.566017979523167e-05
0.2682396173477173
0.0017974756192415953
0.28708356618881226
1.859382973634638e-05
0.008446536026895046
0.000363596947863698
0.4606451392173767
0.00023858108033891767
0.21218831837177277
0.00018346996512264013
0.046773772686719894
0.03536877781152725
0.317571222782135
0.00020521620172075927
0.010139361955225468
0.00020929050515405834
0.1156424880027771
7.577421638416126e-05
0.09334968030452728
7.30797546566464e-05
0.022441349923610687
0.0010749236680567265
0.05207415670156479
0.0002707255771383643
0.15813001990318298
0.0007000301266089082
0.002480566967278719
0.001942358328960836
0.29871708154678345
0.0002170810621464625
0.000518876826390624
0.00014634249964728951
0.04853861406445503
0.0007222301792353392
0.00856789667159319
3.132842175546102e-05
0.22922562062740326
0.00037345648161135614
0.006655390840023756
0.0005347079131752253
0.07701236754655838
0.0013963193632662296
0.26022130250930786
0.0004125691775698215
0.0010028558317571878
0.0001874360314104706
0.06706393510103226
0.0018684127135202289
0.21118183434009552
0.00028259659302420914
0.18629203736782074
0.002795120934024453
0.02888091653585434
0.036616574972867966
0.210758775472641
8.214898116420954e-05
0.12014620006084442
0.00017394812311977148
0.454815536737442
0.018471011891961098
0.34140506386756897
5.031742603023304e-06
0.5155815482139587
0.0007611569599248469
0.023879073560237885
0.0016043713549152017
0.00030037047690711915
0.0043006883934140205
0.046819575130939484
0.000492570863571018
0.0024435368832200766
0.0005215663113631308
0.2161482274532318
3.0266271551226964e-06
0.00323249539360404
3.458026549196802e-05
0.6011567711830139
0.0001292890519835055
0.00241819117218256
0.01621289551258087
0.02679283358156681
0.00015143331256695092
0.012037132866680622
0.0004067691625095904
0.10153944790363312
0.000314058706862852
0.00222394079901278
0.0036506906617432833
0.5842956900596619
0.002522919327020645
0.06198953092098236
0.002605923917144537
0.3701556921005249
0.001110371551476419
0.06521853804588318
0.0009331050678156316
0.0002078283578157425
0.0007981176022440195
0.00021603821369353682
0.0004106475680600852
0.03667338192462921
0.004705330356955528
0.0009766656439751387
0.0012620285851880908
0.07859192788600922
0.03763516992330551
0.0008924382273107767
3.7705962313339114e-05
3.9470243791583925e-05
0.004043382592499256
0.03404014930129051
0.0014411256415769458
0.0032412949949502945
0.00124077417422086
0.0007385116186924279
5.4598235692537855e-06
0.004378053825348616
8.038219675654545e-05
0.3546954095363617
0.000563634792342782
0.25814002752304077
2.5403453037142754e-05
0.058201562613248825
0.0008671029936522245
0.18124189972877502
0.0005003600381314754
0.03394656255841255
0.00983313750475645
0.004968608263880014
0.00041632395004853606
0.04484054073691368
8.894301572581753e-05
0.00041616769158281386
0.0022375863045454025
0.015764392912387848
0.00041176361264660954
0.005081571638584137
3.289762753411196e-05
0.21051833033561707
0.00011671564425341785
0.022772129625082016
0.00029324647039175034
0.0005449356976896524
0.00013957890041638166
2.1410287445178255e-05
0.000261009787209332
0.14609584212303162
0.0003165452217217535
0.012269953265786171
0.0001278324780287221
0.007314507383853197
0.00036174096749164164
0.03387143090367317
0.0003612986474763602
0.0015336042270064354
0.001091575250029564
0.002048612106591463
3.7511621485464275e-05
0.00040574927697889507
0.00035680405562743545
0.03528859093785286
8.877143955032807e-06
0.0019500216003507376
0.00028388132341206074
0.005855487659573555
0.00011612261005211622
0.01427829172462225
0.005487348884344101
0.00032729815575294197
8.664617053000256e-05
0.0003043527831323445
0.0004743020108435303
8.450960740447044e-05
7.611177466060326e-07
0.016267826780676842
4.300397267797962e-05
0.30338314175605774
0.003121916903182864
0.02535487711429596
4.190606887277681e-06
0.00171556300483644
7.818874291842803e-05
0.002892393385991454
0.000952035712543875
0.02002052217721939
0.003975413739681244
0.018414923921227455
0.00014402074157260358
0.0022946607787162066
0.00018792688206303865
0.003973622806370258
0.0005266364314593375
0.004652923438698053
0.0015062884194776416
0.004737141542136669
0.0011876269709318876
0.003900292096659541
0.0013859884347766638
0.0006856652908027172
9.219923958880827e-05
0.034623850136995316
0.00015555699064861983
0.0009404049487784505
0.000375958887161687
0.0010894385632127523
2.5752677174750715e-05
0.023426378145813942
1.326962865277892e-05
0.008340507745742798
0.0006354702054522932
0.004164811223745346
2.6432209779159166e-05
0.008814274333417416
0.00031792864319868386
0.001059344271197915
0.0004816190921701491
0.03289958834648132
0.00019058052566833794
0.0031918815802782774
0.0015664467355236411
0.017597392201423645
0.0003334585053380579
0.0012908236822113395
0.0005781219224445522
0.0011541331186890602
0.0004875557206105441
0.0016306469915434718
0.0003442080633249134
0.022836482152342796
0.00015339901437982917
0.024198908358812332
4.2688781832112e-05
0.0017943558050319552
0.00014314366853795946
0.0015107266372069716
0.0021809041500091553
0.006591290235519409
0.0006502375472337008
0.0012215232709422708
0.0002670136746019125
0.00598871149122715
9.71351473708637e-05
0.004681771621108055
0.001730644260533154
0.001181167084723711
0.0015563785564154387
0.00585542805492878
0.0036492301151156425
0.0033394023776054382
0.0012873358791694045
0.017281638458371162
0.0002768792328424752
0.004263090435415506
0.0031889858655631542
0.003784488420933485
0.0001383910421282053
0.0012444902677088976
0.0015730075538158417
0.018494224175810814
0.00028699199901893735
0.0021785215940326452
0.00015419544070027769
0.012075891718268394
7.856882439227775e-05
0.001869700732640922
0.0015768443699926138
0.002020222134888172
0.0007223529973998666
0.0032397115137428045
0.0009426717879250646
0.01196418609470129
3.8165879232110456e-05
0.001907945959828794
0.00015717087080702186
0.0010867236414924264
0.0014716864097863436
0.002526771044358611
0.002753885928541422
0.007794651668518782
0.0002457690716255456
0.0013919526245445013
0.0005837181233800948
0.0026768918614834547
0.0009391443454660475
0.0026151356287300587
0.001763525535352528
0.005057206377387047
0.0003321340191178024
0.009120553731918335
0.0023641919251531363
0.00823773443698883
0.005295085720717907
0.0007313942187465727
0.0013670515036210418
0.006983126047998667
0.0015719123184680939
0.004911384545266628
0.0008411607122980058
0.009672390297055244
0.0006325169815681875
0.005726424511522055
0.0006498532020486891
0.012307459488511086
0.0008668220834806561
0.005748156923800707
5.897499795537442e-05
0.0009643340017646551
0.0006599641055800021
0.017010832205414772
0.000511407561134547
0.008770293556153774
0.000504282652400434
0.0012827500468119979
0.0006653264863416553
0.013831515796482563
0.00013540479994844645
0.0006966165965422988
0.0018036856781691313
0.0052263191901147366
0.00019920733757317066
0.0032311351969838142
0.00026741938199847937
0.0021409657783806324
0.0008541920688003302
0.0034396552946418524
0.0029618616681545973
0.00894631166011095
0.007118272129446268
0.0024968325160443783
0.00011462248221505433
