0.0033325443509966135
0.0033473556395620108
0.0024896003305912018
0.020510675385594368
0.0007521515362896025
0.17822213470935822
0.2193690836429596
0.1717105209827423
0.02678919956088066
0.006165886763483286
0.0019976466428488493
0.009822064079344273
0.13654761016368866
0.7311769127845764
0.0013974658213555813
0.597534716129303
0.001259129261597991
0.04008427634835243
0.18948644399642944
0.2928810715675354
0.000600172090344131
5.6388955272268504e-05
6.117269367678091e-05
0.00012468024215195328
0.002590274205431342
0.12570494413375854
0.030250312760472298
0.2739209234714508
0.00012488168431445956
0.0002978049742523581
0.00019342218001838773
0.07529810070991516
0.015304741449654102
0.15042278170585632
6.314492202363908e-05
0.0021531186066567898
0.00013183662667870522
0.00017420445510651916
0.0002613845863379538
0.061291102319955826
0.00016834736743476242
0.00013665053120348603
0.01291898638010025
0.05546721816062927
0.0027416436932981014
0.020328156650066376
0.0005111328791826963
0.01936192438006401
0.004110811743885279
0.03447418659925461
7.264866871992126e-05
0.00031436639255844057
0.0007385044591501355
0.0012845939490944147
0.008750048466026783
0.006308344658464193
0.00027542802854441106
0.0006596079911105335
0.0012579528847709298
0.001941863913089037
0.0003481484018266201
0.0011172242229804397
4.920405990560539e-05
0.0004293625825084746
0.02771756239235401
0.033528245985507965
0.006474371999502182
0.0665602907538414
6.698818469885737e-05
0.013725768774747849
0.0001675881358096376
0.00035617532557807863
0.002164500765502453
0.004924708977341652
0.0013614851050078869
0.04870109632611275
0.00037195347249507904
0.009160484187304974
5.334816887625493e-05
0.00042982675950042903
0.0006732703768648207
0.0086338110268116
0.006784621626138687
0.09576611965894699
0.0018316007917746902
0.0058085862547159195
0.006148437038064003
0.0034112611319869757
