0.1094651147723198
0.23521694540977478
0.03833717852830887
0.06165694072842598
0.024116607382893562
0.014537849463522434
0.001107093645259738
0.03902135044336319
0.0004090987495146692
0.012109271250665188
0.0001228086621267721
0.02783922664821148
0.004444929305464029
0.0035751143004745245
0.023134518414735794
0.17703653872013092
0.030157960951328278
0.014923781156539917
0.24226422607898712
0.0809497982263565
0.2181870937347412
0.0219239741563797
0.04971487820148468
0.12085090577602386
7.00040181982331e-05
3.8812046113889664e-05
6.266017589950934e-05
0.0002501091512385756
0.003008260391652584
8.425475971307606e-05
0.011732564307749271
0.010719706304371357
0.0010965822730213404
0.015214502811431885
0.010563177987933159
0.010070030577480793
0.1811334490776062
0.0657690241932869
0.002555269282311201
0.025234876200556755
0.03667952120304108
0.15941907465457916
9.239852079190314e-05
0.010482767596840858
0.002340210136026144
0.06236603483557701
0.0005936389788985252
0.006484772078692913
0.007405542302876711
0.009430433623492718
0.0017500929534435272
0.0008550829370506108
0.0002589913783594966
0.002088234294205904
0.000498906068969518
6.5701620769687e-05
0.24565982818603516
0.17565688490867615
0.002797081135213375
0.00263888924382627
0.02515305019915104
0.01568625308573246
0.0010275120148435235
0.0009499795269221067
