0.05003561079502106
0.006049763411283493
0.0004870343836955726
0.0006671224255114794
0.001302037388086319
0.008841753005981445
0.023379914462566376
0.15176185965538025
0.04081978648900986
0.010893968865275383
0.0008965588640421629
0.013049839064478874
0.20553117990493774
0.5769948363304138
0.016656486317515373
0.40120550990104675
0.0010167125146836042
0.00515220919623971
0.20888996124267578
0.22418540716171265
7.445552182616666e-05
3.872710294672288e-05
0.00031291789491660893
0.001606592908501625
0.0014607198536396027
0.01683191768825054
0.07717746496200562
0.5933390259742737
0.0014237136347219348
0.0012907467316836119
0.0005427789292298257
0.005002979654818773
0.007309112697839737
0.019196992740035057
0.0006778627866879106
0.010121060535311699
0.0006578792817890644
0.0008439066004939377
0.004981093108654022
0.033264197409152985
0.0003700570377986878
0.00021792974439449608
0.0034629430156201124
0.06693349033594131
0.007036346476525068
0.013542856089770794
0.0004840611945837736
0.017210688441991806
0.030246945098042488
0.01817275956273079
6.856179243186489e-05
0.000668562192004174
0.0002621976600494236
0.0013415786670520902
0.004845060873776674
0.0015736196655780077
0.000780245172791183
0.0003051548555959016
0.0025838238652795553
0.003414951963350177
0.00048045272706076503
0.0006854355451650918
0.00017692842811811715
0.00011000526137650013
0.012935568578541279
0.018378641456365585
0.01771477982401848
0.28375399112701416
0.0012916784035041928
0.013784324750304222
0.00032892264425754547
0.0002538851695135236
0.0006120196194387972
0.004663422238081694
0.007443238981068134
0.04999804124236107
0.0010042509529739618
0.003103001741692424
9.53857961576432e-05
0.001551613793708384
0.0008451669127680361
0.0016226890729740262
0.0010285302996635437
0.007521523162722588
0.0007291770889423788
0.009650588035583496
0.0011030110763385892
0.0007164276903495193
