0.8254919648170471
0.5396244525909424
5.491776028065942e-05
5.942104326095432e-05
0.5979896783828735
0.3506764769554138
3.7342411815188825e-05
5.833339673699811e-05
0.3211304545402527
0.08535254746675491
0.00474186148494482
0.0028069443069398403
0.4913787543773651
0.3584362864494324
0.00019845123460981995
5.158287240192294e-05
0.24779751896858215
0.08782947063446045
0.009511318057775497
0.0023732814006507397
0.5804885029792786
0.46249982714653015
6.238404694158817e-06
2.407298097750754e-06
0.7443150877952576
0.7746574878692627
0.00018307834398001432
8.533071377314627e-05
0.5223963856697083
0.20965151488780975
0.00042767426930367947
0.00015565236390102655
0.08018215745687485
0.058659229427576065
0.0026984727010130882
0.0017006014240905643
0.08699476718902588
0.011399408802390099
0.0016159256920218468
0.00045125235919840634
0.04006434604525566
0.015101945027709007
0.004686719737946987
0.003551205387338996
0.04160953313112259
0.002649975009262562
0.00014755594020243734
8.922554843593389e-05
0.15180639922618866
0.09509862959384918
0.00168887828476727
0.002492921892553568
0.5002807974815369
0.052296850830316544
6.540678441524506e-05
8.241654722951353e-05
0.16724303364753723
0.06692171096801758
0.00014786764222662896
0.0002845005365088582
0.029305651783943176
0.036160968244075775
2.9923203328507952e-06
7.290080247912556e-06
0.03108765184879303
0.008605117909610271
4.108895609533647e-06
8.31351280794479e-06
0.21725790202617645
0.08045998960733414
2.5888605250656838e-06
3.255510455346666e-05
