0.0065406314097344875
4.102651291759685e-05
0.0002551850047893822
0.0040454077534377575
0.01869681477546692
0.017170043662190437
0.8382412791252136
0.042394787073135376
0.0002576580154709518
0.7568793296813965
0.008087669499218464
1.1756366802728735e-05
0.33967357873916626
0.00016665829753037542
0.31106501817703247
0.0904274508357048
0.0031810447108000517
0.004668712615966797
0.8129594922065735
0.0005566918989643455
1.5516156963713001e-06
0.9037469625473022
0.004206883255392313
4.812835686607286e-05
0.010233170352876186
0.0495484359562397
0.0003681307134684175
0.001347687211818993
0.0016107115661725402
0.0007683282601647079
0.26850154995918274
0.05576886236667633
7.562173777841963e-06
0.038824938237667084
0.026900867000222206
0.012255387380719185
0.06527582556009293
0.0025314781814813614
0.0003698553773574531
0.13967737555503845
0.00038601996493525803
0.00649779150262475
0.002029601950198412
0.009389417245984077
0.0014859631191939116
0.020967813208699226
0.0551375076174736
0.018231593072414398
0.00092985515948385
6.257624136196682e-06
4.324524979892885e-06
0.3208632469177246
0.056298136711120605
0.000351168419001624
0.02392715960741043
0.014802982099354267
4.9356378440279514e-05
0.003575344569981098
0.0006229389691725373
0.0027065197937190533
0.31986933946609497
0.06349339336156845
0.15781237185001373
0.21929459273815155
0.04795234277844429
0.00016295368550345302
0.22463582456111908
0.019784973934292793
0.014234323054552078
0.1471913605928421
0.0936550572514534
0.031095681712031364
8.942832209868357e-06
2.4262562874355353e-05
4.16740876971744e-05
0.07716091722249985
0.0027283995877951384
0.0013466961681842804
0.019896812736988068
7.815379649400711e-05
0.0023676385171711445
8.183154704966e-07
8.073338540270925e-05
0.00016084640810731798
0.23166868090629578
0.06417764723300934
2.826788113452494e-05
0.0001170919495052658
4.466539849090623e-06
5.840268386236858e-06
0.011164397932589054
0.0017463547410443425
0.0029171840287745
0.0037421828601509333
0.00012794243230018765
4.6040913730394095e-06
0.0104118837043643
0.0011990886414423585
8.28550400910899e-05
0.03370126709342003
0.000179698079591617
0.000250506738666445
