0.02958468161523342
2.4202898202929646e-05
0.0010358967119827867
0.0015628308756276965
0.009109316393733025
0.025642428547143936
0.8961579203605652
0.016681725159287453
3.948853918700479e-05
0.8861702680587769
0.008022741414606571
0.00016359897563233972
0.44599923491477966
3.232762901461683e-05
0.18028540909290314
0.031086862087249756
0.0005361910443753004
0.0012742731487378478
0.17354226112365723
0.005721907131373882
0.00017417012713849545
0.32895997166633606
0.14492961764335632
0.005896388553082943
0.02827099710702896
0.038406334817409515
0.0028529749251902103
0.009608479216694832
0.012356948107481003
0.00944504514336586
0.20377637445926666
0.03205195069313049
8.34781712910626e-06
0.03060627356171608
0.01138975564390421
0.04449998214840889
0.011948870494961739
0.000882992404513061
0.00018671498401090503
0.14456018805503845
0.003269277745857835
0.0085513386875391
0.027165183797478676
0.014297024346888065
0.00036929783527739346
0.02546040154993534
0.10913418978452682
0.12135235220193863
0.0008293856517411768
1.8503764067645534e-06
1.4161551007418893e-06
0.11335205286741257
0.018330104649066925
0.00014913584163878113
0.03918898478150368
0.020327527076005936
7.11244429112412e-05
0.001837060903199017
0.0008829327416606247
0.0032872247975319624
0.2032608836889267
0.029527487233281136
0.2587147355079651
0.0915997177362442
0.0269775390625
0.0021210049744695425
0.3105982840061188
0.011104604229331017
0.005075300112366676
0.18928147852420807
0.30627959966659546
0.05027614161372185
2.122314617736265e-05
1.860518750618212e-05
1.5876835277595092e-06
0.006476985290646553
0.00023942938423715532
0.0003932063700631261
0.005459976382553577
1.2704125765594654e-05
0.00014228461077436805
2.4993286729113606e-07
0.000159693110617809
3.5906014090869576e-06
0.005877241957932711
0.005156385712325573
0.00010626762377796695
0.00014807842671871185
2.978665406772052e-06
6.56795145914657e-06
0.0015590469120070338
0.001529069384559989
0.014451068826019764
0.00042240580660291016
0.00022851522953715175
0.00021471829677466303
0.0014819091884419322
7.685257878620178e-05
4.2459509131731465e-05
0.010410580784082413
0.0004564862174447626
8.722729398868978e-05
