0.4861256778240204
0.14741767942905426
0.1509736180305481
0.3849100172519684
0.1800726354122162
0.019196463748812675
0.0026381362695246935
0.06011686846613884
0.0013399809831753373
0.02349120005965233
0.00011016260395990685
0.2670072019100189
0.008257864974439144
0.002768364967778325
0.001159665291197598
0.21355924010276794
0.022342171519994736
0.014286810532212257
0.2749367356300354
0.024761362001299858
0.5264881253242493
0.03853071480989456
0.06677975505590439
0.11778192967176437
0.00021946003835182637
0.00014380049833562225
2.9421085855574347e-05
0.00023982264974620193
0.00018770433962345123
0.00030353094916790724
0.0389334000647068
0.10509635508060455
0.006038110703229904
0.014733195304870605
0.027752088382840157
0.0008753384463489056
0.34121254086494446
0.012015489861369133
0.000705383310560137
0.003446115180850029
0.006097786128520966
0.2213793396949768
0.0001268780615646392
0.001321412157267332
0.004963117651641369
0.010762651450932026
0.0008138086996041238
0.0016370598459616303
0.01296616904437542
0.09041401743888855
0.005742618348449469
0.0002012405457207933
0.00011796681064879522
0.00582471489906311
0.0003384894225746393
0.0001406274677719921
0.5328376293182373
0.20248626172542572
0.0017258792649954557
0.0026545817963778973
0.015362926758825779
0.09506256133317947
0.0005508962203748524
0.0020582829602062702
