0.45870471000671387
0.2821621000766754
0.0004542608221527189
7.007341628195718e-05
0.46862223744392395
0.37295401096343994
0.00029398867627605796
7.392571569653228e-05
0.02387680485844612
0.009920351207256317
0.0003694891056511551
0.000654820934869349
0.7261086702346802
0.612488329410553
0.0007375503773801029
8.571064245188609e-05
0.3155343234539032
0.09669090807437897
0.005804150365293026
0.002640259452164173
0.5450882315635681
0.5351438522338867
2.149910324078519e-05
1.468441951146815e-05
0.7975163459777832
0.9277178049087524
4.208928658044897e-05
4.9152680730912834e-05
0.7702695727348328
0.5429452061653137
9.493858669884503e-05
0.00028966451645828784
0.51127690076828
0.30340349674224854
0.002200217917561531
0.001144725945778191
0.05494694039225578
0.07221987843513489
0.0001967548014363274
0.0006657681660726666
0.0016680698608979583
0.007566410582512617
4.441865530679934e-05
0.0006144570652395487
0.03198150917887688
0.012711284682154655
0.0004354697884991765
0.00036545307375490665
0.3254125714302063
0.17701612412929535
0.0005776119651272893
0.0004986902931705117
0.15911680459976196
0.022029634565114975
3.73302668776887e-06
4.140198598179268e-06
0.2434745728969574
0.23807138204574585
9.490343654761091e-05
0.00011947753228014335
0.23910923302173615
0.10384218394756317
1.624188917048741e-05
4.882829216512619e-06
0.018337471410632133
0.002389294560998678
4.752387667394942e-06
3.9133800555646303e-07
0.05522724241018295
0.013463838025927544
0.00011999317212030292
1.260656335944077e-05
