0.015609662979841232
2.267040872538928e-05
0.051645852625370026
0.0002601361775305122
0.0003167919931001961
1.202287330670515e-05
0.00023360403429251164
2.2040310796000995e-05
0.0034251485485583544
3.5945561194239417e-06
0.0009551399271003902
2.269706419610884e-05
0.08683786541223526
2.1980129361054423e-07
0.0009274354088120162
1.8858510884456336e-05
0.002797395922243595
1.0485925940884044e-06
0.0081577617675066
5.720299304812215e-05
0.012771867215633392
1.6788403627288062e-06
0.00027887101168744266
5.028166197007522e-05
0.0008480089600197971
6.630757980019553e-06
0.000750684761442244
2.9469398214132525e-05
0.0005034785717725754
6.47080355520302e-07
0.035942379385232925
0.00020661122107412666
0.0015464589232578874
0.0001159567545983009
0.14814437925815582
0.0008975279051810503
0.3454856276512146
3.7536310628638603e-06
0.0806189775466919
2.930879418272525e-05
0.02934698760509491
0.0017242295434698462
0.36287054419517517
0.01259605959057808
0.022728420794010162
0.0001204074069391936
0.002482803538441658
0.00024563999613747
0.515864908695221
1.98277357412735e-05
0.09714952856302261
6.037554339854978e-05
0.005679566878825426
1.4725907021784224e-05
0.03249738737940788
0.00012369856995064765
0.2475486546754837
8.612623787485063e-05
0.02154259942471981
7.69747857702896e-05
0.544830858707428
0.00012655986938625574
0.02157040871679783
0.0004773683031089604
0.006410760339349508
0.007226943038403988
0.032928600907325745
0.00031676431535743177
0.4101620614528656
4.324904512031935e-05
0.10849671810865402
9.048412903212011e-05
0.44047293066978455
0.00013517729530576617
0.3321917653083801
4.970142072124872e-06
0.5870480537414551
1.1461972462711856e-05
0.8231417536735535
0.0006764381541870534
0.42399340867996216
0.0013038171455264091
0.7337347865104675
1.1941927368752658e-05
0.0497882105410099
8.046466973610222e-05
0.00330112362280488
0.0002453792840242386
0.006084764376282692
0.0001105381379602477
0.02384365350008011
5.805129330838099e-05
0.002784334821626544
5.716498344554566e-05
0.0008462565601803362
7.928316335892305e-06
0.005955335684120655
3.677151107694954e-05
0.010844849050045013
0.00013468944234773517
0.0044702207669615746
9.025511644722428e-06
0.004046252928674221
5.72526232645032e-06
0.0019104753155261278
2.9877313863835298e-05
0.0005464395508170128
0.00010638262756401673
0.021670835092663765
3.311246109660715e-05
0.008067622780799866
5.292721198202344e-06
0.015020021237432957
0.0002682032354641706
0.0024216093588620424
0.0002492501516826451
0.006220357492566109
0.0001551098976051435
0.0035213492810726166
6.904592737555504e-06
0.0023213571403175592
1.264588445337722e-05
0.0022124918177723885
0.00011346311657689512
0.0019025832880288363
2.154650428565219e-05
0.006670554168522358
0.0002683776547200978
0.004309298470616341
7.877150892454665e-06
0.0007299105636775494
8.929981959227007e-06
0.004287181422114372
4.811734015675029e-06
0.01911584846675396
0.00045422001858241856
0.0024805187713354826
0.0001444023073418066
0.00316743366420269
4.9626073632680345e-06
0.0011105815647169948
0.00024696270702406764
0.06184466928243637
0.04767684265971184
0.004458274692296982
8.610088843852282e-05
0.0006868228665553033
0.00011844474647659808
0.0012119226157665253
0.00012113777484046295
0.014103311114013195
0.0013050762936472893
0.00556316738948226
1.560800774313975e-05
0.014369348995387554
6.513022526632994e-05
0.0036313168238848448
8.448828884866089e-05
0.0020861707162111998
0.00014072544581722468
0.021984614431858063
2.600419747977867e-06
0.0010924655944108963
2.0440960724954493e-05
0.005167843773961067
0.0005316652823239565
0.0028730081394314766
0.004177091643214226
0.0025130482390522957
8.25311872176826e-05
0.015823055058717728
0.00275287963449955
0.031949687749147415
0.000237896412727423
0.005940872244536877
4.4963573600398377e-05
0.03853859007358551
0.00011133575753774494
0.003162505803629756
0.014265771955251694
0.02910814806818962
3.772146737901494e-05
0.06197802349925041
0.00015455990796908736
0.02794702537357807
0.0013750293292105198
0.02905685268342495
6.937344005564228e-05
0.011797589249908924
0.00035653027589432895
0.0009147891541942954
1.740804577821109e-06
0.0037965518422424793
3.632954076238093e-06
0.007888445630669594
5.0506379920989275e-05
0.004116947762668133
0.0020522347185760736
0.008746974170207977
0.0003410704666748643
0.022468648850917816
1.4274892237153836e-05
0.0010964075336232781
8.031479956116527e-05
0.028898511081933975
1.3057539263172657e-06
0.010583629831671715
4.271983198123053e-05
0.008369783870875835
0.00011076774535467848
0.0026419528294354677
0.0003699095395859331
0.004406403750181198
0.0036325575783848763
0.05583766847848892
6.127930100774392e-05
0.00041341729229316115
0.003769537201151252
0.00016357282584067434
1.556105780764483e-05
0.009510330855846405
6.214626773726195e-05
0.0008555590757168829
4.0672272007213905e-05
0.0002168187638744712
0.00014721910702064633
0.00035333327832631767
2.7428286557551473e-06
0.0017782830400392413
1.1699448805302382e-05
0.00026907739811576903
2.940200829470996e-06
6.803985888836905e-05
1.5296369383577257e-05
0.0006274192128330469
2.758071673270024e-07
0.001104098279029131
2.753672561084386e-06
0.00014123294386081398
1.764025364536792e-05
0.0021108954679220915
1.5124250239750836e-05
1.7204136383952573e-05
1.3584759471996222e-05
0.00023292227706406265
2.361829137953464e-05
0.0009360631229355931
4.080711732967757e-06
0.007474533747881651
1.7877873688121326e-05
1.704834539850708e-05
1.65430083143292e-06
0.00017285645299125463
0.00015552622789982706
0.0011584007879719138
0.00011048461601603776
2.2070700651966035e-05
4.258021817804547e-06
1.3655529073730577e-05
9.062062599696219e-05
0.00013300907448865473
0.00013742089504376054
2.8594451578101143e-05
8.035296195885167e-05
7.876679774199147e-06
0.00015909408102743328
0.0002820198133122176
0.00023588397016283125
0.0011548040201887488
0.0005116035463288426
0.001706177950836718
0.0007626707083545625
9.75239381659776e-05
0.003030199557542801
0.0005146521725691855
3.859173318687681e-07
1.8511955204303376e-05
6.852980732219294e-06
0.0003907410427927971
6.456459959736094e-05
6.760115525139554e-07
3.164022564305924e-05
8.150983194354922e-05
1.62736887432402e-06
0.05534623935818672
1.5235379578371067e-05
0.01946456916630268
0.0033423788845539093
0.1094476729631424
0.0009044820326380432
0.056809768080711365
0.00018078212451655418
0.00252663716673851
3.8642929212073795e-07
0.1735714226961136
0.004427659325301647
0.008405156433582306
3.071077662752941e-05
0.010327713564038277
1.1538661055965349e-05
0.4548591077327728
0.0004511706065386534
0.00724681094288826
2.3240465452545322e-05
0.03560663387179375
0.00016709830379113555
0.4829316735267639
0.016470693051815033
0.6104758381843567
0.06893238425254822
0.04771978035569191
7.737875421298668e-06
0.04459322243928909
3.575392111088149e-05
0.08070959895849228
0.00011741376511054114
0.4087214171886444
6.639423645538045e-06
0.06093748286366463
0.012157017365098
0.002560871420428157
0.0008264136267825961
0.02938833273947239
4.3845910113304853e-05
0.45691344141960144
1.4473600458586589e-05
0.11165989935398102
0.00027210533153265715
0.21734575927257538
1.1477791304059792e-05
0.06122002750635147
0.002042889129370451
0.1452588438987732
6.792916337872157e-06
0.15085089206695557
2.7318346838001162e-05
0.12781167030334473
0.00012635943130590022
0.01212132629007101
0.00347263109870255
0.09682045876979828
2.8748343538609333e-05
0.45854413509368896
0.011988028883934021
0.0005466699367389083
0.02516311965882778
0.11829719692468643
0.0005705109797418118
0.2922196388244629
0.0005787208792753518
0.46245214343070984
0.0001326074852840975
0.22388368844985962
0.00012442204752005637
9.194477752316743e-05
2.3989612600416876e-05
0.5975970029830933
1.4702791304443963e-05
0.2900489866733551
3.88463831768604e-07
0.003298614639788866
3.986812589573674e-05
0.1737423986196518
1.0703674888645764e-05
0.6036347150802612
0.0006636908510699868
0.028802549466490746
0.00029118385282345116
0.06413982808589935
1.4451685274252668e-05
0.02034035511314869
1.6342792150680907e-05
0.06827962398529053
2.9802888093399815e-05
0.32661670446395874
0.004114367067813873
0.23799511790275574
2.779637043204275e-06
0.0005698750610463321
1.7238271539099514e-05
0.10983606427907944
8.283048373414204e-05
0.0592738501727581
0.0007477081380784512
0.0005787750706076622
3.666282509584562e-06
0.01769852265715599
0.0002767826954368502
0.002352430485188961
1.8563841877039522e-05
0.20079539716243744
0.0001972063910216093
0.0013297772966325283
0.0007220414699986577
0.21987611055374146
4.032550805277424e-06
0.0015244180103763938
0.000629499030765146
0.07586711645126343
1.2298008186917286e-05
0.11952901631593704
1.5997576383597334e-06
0.017190277576446533
0.0009223248925991356
0.015167979523539543
7.405152700812323e-06
0.002922006882727146
6.838678382337093e-05
0.060017649084329605
2.918476866398123e-06
0.2241896241903305
1.1116771929664537e-06
0.0002655820280779153
3.7812049413332716e-05
0.00031870100065134466
2.3345790395978838e-05
0.133803129196167
0.0006804602453485131
0.0500912144780159
3.834132257907186e-06
0.13770148158073425
0.0001358387671643868
0.15930789709091187
2.296165439474862e-05
0.1897324025630951
5.4973938858893234e-06
0.22454173862934113
0.0009531350806355476
0.14414337277412415
3.0431951017817482e-05
0.05295712128281593
8.728672582947183e-06
0.1555473506450653
0.003885246580466628
0.1805989146232605
0.0007220887346193194
0.2046349048614502
0.013568408787250519
0.4765886962413788
0.0037396959960460663
0.36178332567214966
4.0458482544636354e-05
0.45852768421173096
1.3570383998739999e-05
0.07970268279314041
2.947327448055148e-05
0.2559114098548889
7.801838364684954e-05
0.1748826503753662
0.00015919072029646486
0.17206111550331116
0.0022259342949837446
0.4904389977455139
8.609104406787083e-05
0.20635546743869781
0.0001957299537025392
0.22346214950084686
0.00020059835514985025
0.4835611581802368
0.0029419271741062403
0.13873422145843506
0.0036118715070188046
0.3426279127597809
0.0005429424927569926
0.13407373428344727
0.00013170788588467985
0.10446646809577942
0.0004102975653950125
0.46755123138427734
5.286527084535919e-05
0.016300741583108902
0.001907407189719379
0.03386176377534866
0.003500412218272686
0.2119455188512802
0.00367989344522357
0.10882264375686646
0.012936781160533428
0.5494732856750488
0.0004715864488389343
0.04338390380144119
0.00024422688875347376
0.18649882078170776
0.0001369113160762936
0.07428309321403503
5.014265298086684e-06
0.2284843623638153
0.01112890150398016
0.0009786732262000442
2.841781133611221e-05
0.027391692623496056
7.913476110843476e-06
0.229523703455925
0.006085970904678106
0.19447998702526093
0.002489670179784298
0.13401275873184204
0.0008235705900005996
0.030755596235394478
8.959739716374315e-06
0.12492557615041733
0.0008907710434868932
0.2861306369304657
0.0003489895898383111
0.2287444770336151
9.060161391971633e-05
0.20267687737941742
0.0001751127711031586
0.013078918680548668
1.587024780747015e-05
0.0003459831641521305
0.0018031244399026036
0.4664970636367798
0.0054771071299910545
0.14625880122184753
0.0026509875897318125
0.2714555859565735
3.875652510032523e-06
0.49337098002433777
1.6456900993944146e-05
0.20714369416236877
0.0002678592863958329
0.12848617136478424
2.1929809008724988e-05
0.06343761831521988
7.91539150668541e-06
0.1725904792547226
2.647946894285269e-05
0.32293230295181274
0.0019302546279504895
0.5914478898048401
4.755687314172974e-06
0.20421771705150604
2.6851921575143933e-07
0.70201575756073
1.7552985809743404e-05
0.19087150692939758
1.1062507837777957e-05
0.21832071244716644
0.0015236168401315808
0.07635041326284409
6.96137358318083e-05
1.3103804121783469e-06
2.343143478356069e-06
0.15750877559185028
7.644330679568156e-08
0.10254451632499695
0.002070099115371704
0.005768287926912308
6.474612018791959e-05
0.29302579164505005
0.0002759614435490221
0.10179097205400467
3.162518987664953e-05
0.1632625013589859
2.382171714998549e-06
0.21109268069267273
2.7419449907029048e-05
0.2930895686149597
1.2020711892546387e-06
0.04012463986873627
1.6525935279787518e-05
0.2128385752439499
7.479392934328644e-06
0.008338659070432186
2.9515982532757334e-05
0.21676519513130188
0.0011166586773470044
0.13207277655601501
5.304696060193237e-06
0.01780906692147255
3.711404588102596e-06
0.16777031123638153
1.8123286281479523e-05
0.00040571080171503127
1.3016256161790807e-05
0.0010548057034611702
9.635432797949761e-05
0.0008629777003079653
7.154754712246358e-05
0.012724664993584156
1.0242741836918867e-06
0.0017259800806641579
4.739284122479148e-05
0.00040607989649288356
0.00010060053318738937
0.0008139144047163427
3.725053102243692e-05
0.0001259259006474167
2.1627893147524446e-05
0.0003811083734035492
3.697804277180694e-05
0.0006157242460176349
2.4636759917484596e-05
0.00371407438069582
4.953133247909136e-05
0.007307221181690693
3.578709947760217e-05
0.0019400827586650848
0.0004930324503220618
8.286620141007006e-05
4.104296749574132e-05
0.000789534009527415
3.784477667068131e-05
0.0007222958374768496
3.5636159736895934e-05
0.00021771389583591372
1.2072669960616622e-05
0.0006255719345062971
0.00021893222583457828
0.00015672326844651252
4.2373937958473107e-07
0.0007151407771743834
0.0002197337307734415
0.001065441989339888
3.405200186534785e-05
3.6785495467484e-05
8.876865467755124e-05
0.00048771066940389574
0.0008989334455691278
0.0017069187015295029
0.0001746843772707507
0.0004104766121599823
2.1822050257469527e-05
0.0009401361458003521
6.809573096688837e-05
0.000626887776888907
2.4203231987485196e-06
0.0002870042808353901
2.8240847314009443e-05
0.0002518891415093094
2.610207729958347e-06
0.003823833540081978
6.104257772676647e-05
0.00023728601809125394
8.351813448825851e-06
0.0024110933300107718
3.855002432828769e-05
0.001788707566447556
1.1225121170355123e-06
0.00027875846717506647
1.9439246443653246e-06
8.46396287670359e-05
0.0003973787243012339
0.0012954931007698178
2.2496400561067276e-05
0.0005698631866835058
6.82660083839437e-06
0.00013445073273032904
1.153662765318586e-06
0.0010989998700097203
2.1055237084510736e-05
0.0009791948832571507
6.732407928211614e-05
0.00011618943972280249
2.336368424948887e-06
0.002406431594863534
0.0017799673369154334
7.29296007193625e-05
1.0022173228207976e-05
0.00026859765057452023
6.137726450106129e-05
0.012503884732723236
4.424234066391364e-05
0.008358370512723923
0.0003880900621879846
0.013072296045720577
4.6702542022103444e-05
0.11816708743572235
2.051140836556442e-05
0.01537801418453455
0.0017885847482830286
0.29034698009490967
0.00022023510246071965
0.028058253228664398
0.0010273753432556987
0.08181703835725784
0.0003258353390265256
7.443755293934373e-06
9.005537322082091e-06
0.0068069640547037125
0.0002522464201319963
0.11965583264827728
0.0001255928655155003
0.053858086466789246
0.0003424857568461448
0.6581422090530396
0.00048245431389659643
0.25155916810035706
0.0038369169924408197
0.20615388453006744
0.0009953032713383436
0.1701372265815735
2.0771060007973574e-05
0.011920380406081676
0.002672833390533924
0.0012769849272444844
9.814557415666059e-07
0.012714670971035957
8.469653403153643e-05
0.2936913073062897
0.0008887358126230538
0.02952023781836033
0.0001206514352816157
0.506038248538971
1.160908959718654e-05
0.04596966132521629
0.00010788087092805654
0.009241531603038311
1.7341534430670436e-06
0.5754050612449646
0.000730107247363776
0.05324816331267357
3.5941651731263846e-05
0.01175734307616949
0.0009984263451769948
0.003807253437116742
0.002568833762779832
0.0003747490991372615
2.0374868654471356e-06
0.010888616554439068
0.002002127468585968
0.00534788565710187
0.0002993882226292044
0.13117364048957825
0.0006002112640999258
0.1077415943145752
4.74534863315057e-05
0.24785377085208893
3.863586243824102e-06
0.5811519026756287
3.333223139634356e-05
5.3838128224015236e-05
1.199747771352122e-06
0.413706511259079
6.079873742237396e-07
0.11713320761919022
3.373154686414637e-05
0.6498932242393494
0.00014740512415301055
0.40818706154823303
2.8515180019894615e-05
0.0004839730099774897
3.5694236430572346e-05
0.1992286592721939
0.0016586134443059564
0.6928114891052246
0.0016686570597812533
0.2061680406332016
8.99855003808625e-05
0.003394210012629628
2.5687218112580013e-06
0.311091810464859
9.476057130086701e-06
0.4705846905708313
5.10847894474864e-05
0.5729435682296753
0.0009426762699149549
0.1204218864440918
0.0003975308209192008
0.8151626586914062
0.0009041004814207554
0.10367368161678314
2.960356084713567e-07
0.2593976557254791
5.818353747599758e-05
0.0905771404504776
3.634946551756002e-05
0.7203165888786316
0.0004604957066476345
0.015807779505848885
0.00021181795455049723
0.43363985419273376
0.00013488551485352218
0.6304018497467041
0.00015377439558506012
0.7546095252037048
6.991782720433548e-05
0.4147159457206726
4.6077853767201304e-05
0.23898383975028992
4.824901225219946e-06
0.6052703857421875
0.00013670189946424216
0.6183061003684998
0.0002560479042585939
0.3641602098941803
0.001152204000391066
0.2993886470794678
0.00022759585408493876
0.8487969636917114
0.0008027691510505974
0.029350461438298225
0.0002730507403612137
0.0010157059878110886
1.0454202765686205e-06
0.21232013404369354
9.033143214765005e-06
0.15053732693195343
1.1149628335260786e-05
0.03896988183259964
0.000646395783405751
0.12491541355848312
2.63167021330446e-06
0.12152493745088577
1.887912003439851e-05
0.07292579859495163
0.004989655688405037
0.33327504992485046
0.00011755136802094057
0.1517796367406845
0.00017941682017408311
0.42669105529785156
0.0002539847628213465
0.8471375107765198
0.003276469884440303
0.862492561340332
3.0554801924154162e-06
0.1671798825263977
0.005511391442269087
0.10261595249176025
1.0754680261015892e-05
0.07899044454097748
0.0002601659798528999
0.08762462437152863
4.5494733058148995e-05
0.02929641492664814
5.413613052951405e-06
0.07177380472421646
0.0003829460183624178
0.28211838006973267
1.4819216630712617e-05
0.02162507362663746
1.2787036212102976e-05
0.07881204783916473
6.249386387935374e-06
0.29667043685913086
0.00017124884470831603
0.1108156144618988
0.0001577695511514321
0.004198563285171986
1.821991099859588e-05
0.02587321028113365
4.076324785273755e-06
0.3817775845527649
0.00015127644292078912
0.009675486944615841
5.361670218917425e-07
0.23922845721244812
0.00044752974645234644
0.05161532014608383
1.292631282012735e-06
0.030050326138734818
0.00013658941315952688
0.1838340014219284
0.00010582181857898831
0.03380138427019119
3.969195859099273e-06
0.006997272372245789
0.0001019128758343868
0.040726687759160995
9.97735014607315e-07
0.047125380486249924
8.646854985272512e-05
0.00493916030973196
0.0003967258962802589
0.05300888046622276
3.788604954024777e-05
0.21054820716381073
3.500758612062782e-05
0.44875243306159973
6.191911961650476e-05
0.029692912474274635
0.0002810535370372236
0.014546656981110573
0.006382382940500975
2.4599556127213873e-05
6.979402678553015e-05
0.22463339567184448
0.00018835531955119222
0.0005732838762924075
2.319043233001139e-06
0.03526436537504196
5.6135195336537436e-05
0.24154223501682281
1.1746617929020431e-05
0.09587453305721283
9.104006312554702e-05
0.004671318922191858
5.257456723484211e-05
0.0015790668549016118
3.292094334028661e-05
0.0008492927881889045
1.2669390343944542e-05
0.0004122453392483294
7.296452167793177e-06
0.0004203647840768099
1.7191970982821658e-05
0.0015053440583869815
0.03628435730934143
1.7250311429961585e-05
8.769351552473381e-06
0.0004181835101917386
2.1207877580309287e-05
0.00015754648484289646
6.214038990037807e-07
0.00010682006541173905
1.2787036212102976e-05
0.03855300322175026
0.0004083839594386518
0.00047194695798680186
7.154051854740828e-05
0.003061785129830241
0.0001577695511514321
0.0017148834886029363
0.0011812268057838082
0.0009714399348013103
0.0008881621179170907
0.0002484791330061853
8.688296475156676e-06
0.0019138867501169443
3.44371801475063e-05
7.936397742014378e-05
0.00010381417814642191
0.0024477301631122828
2.3375219825538807e-05
0.0006615626043640077
0.0003501776373013854
0.007939988747239113
0.0008394589531235397
0.00040631016599945724
4.1249324567615986e-05
0.0005234963609836996
0.014860805124044418
0.00881437212228775
0.0013227321906015277
0.0004934718017466366
0.00044737395364791155
0.00027128710644319654
0.0009478579740971327
0.00047612766502425075
0.0001487623667344451
0.0023518812377005816
0.00027524380129761994
2.0558845790219493e-05
0.0060570454224944115
0.0003077348228543997
0.0007559893419966102
0.0015233028680086136
3.4031789255095646e-05
0.0006077830912545323
0.0006036044214852154
0.019277650862932205
0.0011074711801484227
2.0175873942207545e-05
0.0003579198964871466
0.0008789919666014612
1.2583273019117769e-06
0.00028140604263171554
0.00024781402316875756
0.001941753551363945
0.00018840341363102198
0.00011775799066526815
0.00022012491535861045
0.0401771254837513
0.0003795358061324805
0.0416145920753479
6.669438880635425e-05
0.020268576219677925
5.117739056004211e-05
0.03634283319115639
7.039866613922641e-05
0.17261633276939392
0.0003361560229677707
0.34229522943496704
0.0001571282627992332
0.6308988928794861
3.092167753493413e-05
0.31007468700408936
0.031193556264042854
0.32186976075172424
0.019251883029937744
0.20907214283943176
0.012100559659302235
0.3795126974582672
9.874945135379676e-06
0.18200638890266418
2.0744333596667275e-05
0.030417023226618767
0.000541206740308553
0.2742598354816437
0.14045864343643188
0.025619879364967346
6.158144969958812e-05
0.010128280147910118
0.0003500210295896977
0.002214948646724224
0.0003153220459353179
0.09655791521072388
8.207684732042253e-05
0.40796566009521484
0.00015943140897434205
0.5452165007591248
7.459396147169173e-05
0.0034294715151190758
0.00021653433213941753
0.12787578999996185
0.00037467663059942424
0.046780023723840714
0.002862962195649743
0.005421754438430071
1.58252332767006e-05
0.013864807784557343
9.705594857223332e-05
0.004434957168996334
5.4299947805702686e-05
0.006053609773516655
0.0011443711118772626
0.0025684654247015715
1.2169404726591893e-05
0.06429152935743332
3.135281440336257e-05
0.003670613979920745
5.625863923341967e-05
0.015995122492313385
0.0003150370321236551
0.21301938593387604
8.05656673037447e-05
0.0019415951101109385
0.0001986746210604906
0.12490934878587723
0.0021166803780943155
0.007690067403018475
0.00023433846945408732
0.011056328192353249
0.006791605148464441
0.00621690833941102
0.00010934375313809142
0.010879531502723694
1.9304939996800385e-05
0.02352125756442547
0.0010133361211046576
0.006816818844527006
0.0026528642047196627
0.011056389659643173
2.1080335500300862e-05
0.00025318178813904524
0.0005590117070823908
0.0015212029684334993
0.0003467481292318553
0.00019695732044056058
8.57558916322887e-06
0.017968861386179924
3.5511944588506594e-05
0.04773309826850891
0.002331845462322235
4.751298911287449e-05
0.00034319888800382614
0.0005983944865874946
9.674472676124424e-05
0.008132166229188442
8.138180760397518e-07
0.11603759974241257
5.218866135692224e-06
0.08007872849702835
7.611154615005944e-06
0.6973986625671387
0.0022579082287847996
0.914440393447876
0.017267649993300438
0.08709394186735153
1.3754439351032488e-05
0.009827583096921444
0.0002026219153776765
0.3097291588783264
0.0035567888990044594
0.10914494097232819
0.0008453428163193166
0.38597315549850464
7.869926776038483e-05
0.0016037612222135067
0.0011589867062866688
0.13874304294586182
0.002841021167114377
0.2093840092420578
0.001434106845408678
0.4313710927963257
0.004321240819990635
0.2407008856534958
2.9152673960197717e-05
0.04809317737817764
3.8030684663681313e-05
0.29646021127700806
5.952613264526008e-06
0.12189225107431412
0.001269495696760714
0.3611779808998108
0.0010600395034998655
0.5708673000335693
6.031633574821171e-07
0.15001551806926727
0.0008622746099717915
0.05741037428379059
0.0007044746889732778
4.159702075412497e-05
0.0020559022668749094
0.0004027367103844881
0.00038843826041556895
0.10505920648574829
0.0004651562194339931
0.010235639289021492
0.004248518962413073
0.00042428745655342937
0.0005341313080862164
0.17849929630756378
6.451748049585149e-06
0.6390211582183838
0.0005850953166373074
0.11296026408672333
0.0002175275731133297
0.06312333047389984
0.00016809195221867412
0.08605454862117767
0.0009785856818780303
0.5286936163902283
1.7199858120875433e-05
0.38055795431137085
3.334948269184679e-05
0.9033543467521667
0.000275701837381348
0.7563530206680298
4.817770005161037e-08
0.8167906999588013
4.308049756218679e-05
0.006441964302212
0.0019710371270775795
0.002705401973798871
7.833189556549769e-06
0.5594515800476074
0.00044422163045965135
0.468186616897583
4.905000969301909e-05
0.9258825778961182
2.4197668313519216e-09
0.5302806496620178
1.579939663542973e-07
0.8518835306167603
0.00018231493595521897
0.6306557655334473
0.00013865622167941183
0.5590623021125793
8.955505472840741e-05
0.9582731127738953
1.4451921970248804e-06
0.619832456111908
3.993240534327924e-05
0.2719283998012543
5.009500455344096e-05
0.7715949416160583
0.0003023349854629487
0.2159654200077057
4.428604370332323e-06
0.4045778512954712
0.0007018483011052012
0.653987467288971
0.0004685906751547009
0.479152649641037
0.0007022445788607001
0.23400522768497467
2.2864132915856317e-05
0.00027475779643282294
0.0003225388645660132
0.008056211285293102
4.568467920762487e-05
0.25222423672676086
0.00035891507286578417
0.8611496090888977
1.6457974197692238e-05
0.7010262608528137
2.8707607270916924e-05
0.5227254629135132
3.574955917429179e-05
0.914417564868927
0.0066084652207791805
0.14171597361564636
0.0038082406390458345
0.822586715221405
5.828103167004883e-05
0.01005739625543356
0.00021409124019555748
0.7465027570724487
0.00030324660474434495
0.5668390989303589
2.5927289243554696e-05
0.7446761131286621
0.004060570616275072
0.0016246829181909561
0.0007337850984185934
0.008110547438263893
2.146818042092491e-05
0.7345035076141357
7.04618651070632e-05
0.6775031089782715
0.0003265554259996861
0.04967467114329338
0.00010700603888835758
0.718192458152771
2.7397677513363305e-06
0.009386572055518627
5.444957787403837e-05
0.7796070575714111
3.650585131254047e-05
0.6024214029312134
1.5986805692591588e-06
0.00024774434859864414
9.179309017781634e-06
0.49657079577445984
8.764410267758649e-06
0.2805940508842468
0.0002669704845175147
0.026760518550872803
0.002214381704106927
0.5292549729347229
3.3551594242453575e-05
0.02968704327940941
0.0005151488003320992
0.2860134541988373
2.7892934667761438e-05
0.015527053736150265
9.497023711446673e-05
0.02895468659698963
0.004404074978083372
0.03313682600855827
2.338741523999488e-06
0.7616516947746277
2.480111288605258e-05
0.004567443858832121
0.0028240978717803955
0.936342179775238
1.5828287303065736e-07
0.0039394390769302845
1.03294669315801e-05
0.16809183359146118
0.003417710307985544
0.050342459231615067
7.770597221679054e-06
0.22519515454769135
1.8058783098240383e-05
0.0027080036234110594
3.6527711927192286e-05
0.3302142322063446
5.175204933038913e-05
0.8253511190414429
1.610083745617885e-05
0.005389000754803419
0.00021059653954580426
0.04972724989056587
6.458415737142786e-05
0.4540325999259949
7.805843779351562e-06
0.8903658986091614
0.00010232479689875618
0.02061406522989273
0.00919588003307581
0.5979869961738586
1.777380020939745e-05
0.63048255443573
5.47986837773351e-06
0.878402054309845
0.00823144055902958
0.7500872015953064
1.345279179076897e-05
0.8896839022636414
0.00041983285336755216
0.017151491716504097
4.428160173119977e-05
7.623760757269338e-05
0.00013547019625548273
0.7060266733169556
0.0002080209378618747
0.00027730356669053435
6.49529611109756e-05
0.8714776039123535
1.0419448699394707e-06
0.007306585554033518
1.095858806365868e-05
0.8240544199943542
1.275024715141626e-05
0.2836218476295471
0.0006836368702352047
0.5896986722946167
1.8309396182303317e-05
0.5888040065765381
5.074137152405456e-05
0.4465002417564392
1.812238770071417e-05
0.12791742384433746
0.0002566976472735405
0.9103314876556396
0.00012488641368690878
0.820178747177124
0.00023158981639426202
0.8034599423408508
6.295068305917084e-05
0.6431999802589417
4.913246084470302e-05
0.010633711703121662
0.0006321923574432731
0.00012121774489060044
0.00017024786211550236
0.08057105541229248
0.0003769432660192251
0.12485122680664062
2.6354915462434292e-05
0.7597593069076538
0.009693008847534657
0.010852386243641376
4.1679035348352045e-05
0.0002759108610916883
0.0009460279834456742
0.12930507957935333
0.00014180205471348017
0.7464619874954224
4.545478805084713e-05
0.002021131571382284
2.8114509404986165e-06
0.7159207463264465
5.464752575790044e-06
0.6646292209625244
0.00032508381991647184
0.8952915668487549
2.535008934501093e-05
0.22078584134578705
5.523662912310101e-05
0.5326393842697144
0.00012876029359176755
0.5339549779891968
0.0008507764432579279
0.2921387553215027
1.7237101928913034e-05
0.11662159115076065
0.0001492133451392874
0.14143040776252747
9.843163752520923e-06
0.0017279867315664887
1.9332437659613788e-05
0.0013341373996809125
6.44404353806749e-05
0.23825377225875854
1.0424249012430664e-05
0.0008372990996576846
9.72098350757733e-05
0.004710344597697258
2.4055942049017176e-05
2.679804993022117e-06
2.337692421860993e-05
0.04718821123242378
3.602763536036946e-05
0.00029393043951131403
4.126942440052517e-05
0.0048054419457912445
0.00011086690938100219
0.0069198161363601685
2.064060936390888e-05
0.0003884048492182046
0.0010086627444252372
0.0002357421035412699
3.824782197625609e-06
0.0002993282687384635
0.001624284777790308
8.633581455796957e-05
6.321549790300196e-07
0.0006490524974651635
0.00010363099136156961
0.001016623922623694
2.3053102268022485e-05
0.002287618350237608
0.00022248600726015866
0.00010150713933398947
2.9863815143471584e-05
0.00017579302948433906
0.0006263109389692545
0.0002812260645441711
2.001842744903115e-07
0.019025247544050217
7.463613201252883e-06
0.3008062541484833
0.00023530122416559607
0.24620789289474487
1.8326481949770823e-06
0.004437335301190615
2.423208934487775e-05
0.05208457633852959
0.0012326020514592528
0.10258927196264267
0.000932323164306581
0.051074787974357605
0.00035228559863753617
0.026714345440268517
0.0019344938918948174
0.03195502609014511
0.00016677865642122924
0.17117071151733398
0.0011186872143298388
0.1391301304101944
0.0010329940123483539
0.11348603665828705
0.002719199052080512
0.0021278257481753826
0.00033476590760983527
0.37204283475875854
2.4704888346605003e-05
0.012732570059597492
0.000694882299285382
0.023601608350872993
4.064005770487711e-05
0.021988047286868095
0.00014493954950012267
0.1299906075000763
0.0009275050251744688
0.06540738046169281
2.5271372578572482e-05
0.21834290027618408
0.00032967282459139824
0.03495036065578461
0.00025517932954244316
0.237947478890419
0.00011549830378498882
0.2033432126045227
0.0006985474028624594
0.23503616452217102
0.0007330880034714937
0.01854352280497551
0.0009232409065589309
0.002003301167860627
0.003964430186897516
0.0044753155671060085
0.00021847922471351922
0.036875169724226
5.796508958155755e-06
0.10732672363519669
7.388563972199336e-05
0.006163401994854212
0.0012211768189445138
0.00809477362781763
0.014666233211755753
0.08799410611391068
0.00014468001609202474
0.05069754645228386
0.00011581533908611163
0.5611467361450195
0.0001541522506158799
0.03285730630159378
0.00017038338410202414
0.0035476379562169313
0.0028662793338298798
0.15061548352241516
0.006200368981808424
0.030214041471481323
0.0008958658436313272
0.05730355530977249
0.0004201300616841763
0.11956623941659927
0.013482209295034409
0.0249482374638319
7.4388190114405e-05
0.14739058911800385
0.0007320966687984765
0.08103674650192261
0.00023574088118039072
0.004190308973193169
2.7945325200562365e-05
0.08208730816841125
0.00023785917437635362
0.006935464218258858
0.0019145902479067445
0.08329393714666367
0.0001338629808742553
0.055420879274606705
0.0009324231650680304
0.04182015359401703
0.000384250859497115
0.10173402726650238
9.946436330210418e-05
0.008140282705426216
0.004063046537339687
0.0516485720872879
0.002714503323659301
0.008384816348552704
0.0004440572811290622
0.012506403028964996
0.0012024836614727974
0.11935659497976303
0.0036910297349095345
0.0028063966892659664
0.0008621797314845026
0.04387735202908516
0.00024888612097129226
0.023632144555449486
0.0034989360719919205
0.004191454499959946
0.001847567269578576
0.02507622353732586
0.0008549237390980124
0.009086590260267258
0.001466345158405602
0.035655438899993896
0.00023478073126170784
0.17220287024974823
0.0032602972351014614
0.031667064875364304
0.002466527046635747
0.04662308096885681
0.0001905446988530457
0.0963660478591919
8.00332854851149e-05
0.01936318725347519
0.0011271244147792459
0.010811193846166134
0.0033602032344788313
0.6242567300796509
0.000654373608995229
0.049297865480184555
0.0003068824007641524
0.058252569288015366
0.00024831260088831186
0.0712868943810463
0.0005091451457701623
0.08452505618333817
0.0003431911172810942
0.011908233165740967
0.0014160373248159885
0.02236403338611126
0.0009834913071244955
0.11814508587121964
0.0023751631379127502
0.1166469156742096
0.0010616399813443422
0.35186392068862915
8.85429690242745e-05
