0.007232548203319311
0.12108422815799713
0.0007533940952271223
0.31252431869506836
0.0006862435839138925
0.015149891376495361
0.0035114078782498837
0.009782533161342144
0.0010841985931620002
0.01857922412455082
4.297114719520323e-05
0.0001316078705713153
0.00020633557869587094
0.0002667953376658261
0.002018145052716136
0.0005336362519301474
0.00834353081882
0.006459423806518316
0.0899621918797493
0.013174512423574924
0.050636909902095795
0.006759678944945335
5.5181986681418493e-05
0.000837170344311744
0.0636269822716713
0.011421414092183113
0.00011833330790977925
2.5227216156054055e-06
0.14777110517024994
5.14174098498188e-06
0.014501052908599377
0.001776717253960669
0.0071418103761971
0.0019891615957021713
0.012600395828485489
0.00024181228945963085
0.21397797763347626
0.003760203020647168
0.00953769963234663
0.013515867292881012
0.0021624048240482807
0.014683840796351433
1.320611545452266e-06
0.00014216158888302743
0.05744796618819237
0.024308884516358376
0.0599798709154129
0.008879279717803001
0.06410139054059982
0.03336959332227707
0.02680082805454731
0.005859198980033398
0.0031285209115594625
0.0008965302840806544
0.00873028114438057
0.0047072758898139
0.07661879062652588
0.11304586380720139
0.002606461988762021
0.005355709232389927
0.0001432365970686078
0.03584188222885132
0.0006919482257217169
0.0006298347725532949
0.0322512686252594
0.2450006902217865
0.0597815066576004
0.035753823816776276
0.048593778163194656
0.2835254669189453
0.007916907779872417
0.02614423632621765
0.010491766035556793
2.8139205824118108e-05
4.198787428322248e-05
0.00012915667321067303
0.0005044260760769248
5.177942512091249e-06
0.0071705239824950695
0.0620194636285305
0.021227210760116577
0.0033297252375632524
5.936863999522757e-06
0.7279940247535706
2.682824060684652e-07
0.0008318183827213943
0.4974350929260254
0.003822613973170519
0.030765997245907784
0.07649078965187073
0.0014362321235239506
0.32016026973724365
0.0003603197983466089
0.00040714649367146194
0.001469889422878623
0.002838542452082038
0.7147599458694458
0.007902872748672962
0.0335574746131897
0.11672148108482361
0.5305176377296448
0.025964802131056786
0.0001961876405403018
0.0009092712425626814
0.41572874784469604
0.005005164071917534
0.5133920311927795
0.005843355320394039
0.014523171819746494
0.1444200873374939
0.0013331430964171886
0.00028234513592906296
0.008222601376473904
0.0010969635332003236
0.0008185844635590911
0.0003642509982455522
0.00029156560776755214
0.002334188437089324
0.0001797223958419636
5.781981963082217e-05
0.007335834205150604
5.28116179339122e-05
0.09265623241662979
0.003809509798884392
0.016629697754979134
7.164269391068956e-07
0.015400891192257404
0.006181551609188318
0.05259881913661957
0.01848839409649372
0.0006958398735150695
1.2932796380482614e-05
0.0003608335682656616
0.00023805616365280002
0.02145250141620636
0.3054161071777344
0.0151309072971344
0.00025232695043087006
0.002178772585466504
0.03915992006659508
0.010369538329541683
0.0001247375475941226
4.18694326072e-05
7.038504554657266e-05
5.652368054143153e-05
1.1507144336064812e-05
0.024560073390603065
0.023942798376083374
6.652325100731105e-05
5.292377318255603e-05
0.021455353125929832
0.0062791332602500916
0.15037831664085388
0.13428592681884766
0.0007881489000283182
0.004742986056953669
0.002589300274848938
0.0003824765735771507
0.16619820892810822
0.007044294849038124
0.03299760818481445
0.012455997057259083
0.01685645803809166
0.0011052739573642612
0.00435052253305912
5.6618908274685964e-05
0.01431291364133358
0.04772813990712166
0.0006343761342577636
0.00021300624939613044
0.0005273018032312393
0.001631361898034811
0.005243839230388403
0.006714459974318743
0.0113495709374547
0.017288966104388237
0.0006997463060542941
0.0004411409026943147
0.03665110096335411
0.008656938560307026
0.00048153370153158903
0.001071649487130344
0.05212654918432236
0.0030721863731741905
0.10121100395917892
0.03002842143177986
0.020900895819067955
0.0020125973969697952
0.11926908791065216
0.0003334816137794405
0.006526526063680649
0.24909698963165283
0.03036230243742466
0.0005685813957825303
0.09191074222326279
0.08372284471988678
0.0023515496868640184
0.0037409209180623293
0.0003756721271201968
0.0002441026590531692
0.24171508848667145
0.11617150157690048
0.051824089139699936
0.6359293460845947
0.002990423236042261
0.32342442870140076
0.8070129156112671
0.0424979142844677
0.17049404978752136
0.0005791506264358759
0.020820291712880135
0.684278666973114
0.005316591821610928
0.008955578319728374
0.005430717021226883
0.19047494232654572
0.24946144223213196
0.003924573305994272
3.098299146131467e-07
0.143930122256279
0.0011738389730453491
1.4257449947763234e-05
0.0026879922952502966
0.1339050829410553
0.0014505195431411266
2.2534863092005253e-05
0.39059969782829285
0.20877525210380554
3.058366246477817e-06
7.810577926647966e-07
1.4374901184055489e-05
5.5690812587272376e-05
0.0004970537847839296
0.005846795160323381
0.08573611080646515
0.0004090077127330005
0.1891920566558838
0.003093455685302615
0.00019151129527017474
0.17607606947422028
0.0001514915347797796
0.0006258946959860623
0.0022885894868522882
0.0018325340934097767
0.7019355893135071
0.6168620586395264
0.008458588272333145
1.0686424900541169e-07
0.0005594085669144988
9.913356916513294e-05
0.01076620165258646
0.0014172238297760487
0.005193045362830162
0.2535567283630371
0.13580241799354553
0.0001242221042048186
6.118585588410497e-06
0.03821071237325668
0.037643395364284515
0.15045955777168274
0.000440495612565428
0.0032427385449409485
0.1251724362373352
0.00921102985739708
4.1096279801422497e-07
0.33242708444595337
0.006905293092131615
0.0007777001010254025
8.390258017243468e-07
0.04343531280755997
0.002374087693169713
7.743337482679635e-05
0.018448831513524055
0.00011271544644841924
0.0011633341200649738
0.009670029394328594
0.00023870618315413594
0.061910439282655716
0.0005562205333262682
3.269468652433716e-05
0.12634477019309998
0.07280205190181732
4.713651287602261e-05
1.51685544551583e-05
0.006047369912266731
0.04688800126314163
0.03664011135697365
6.701655365759507e-06
0.6976869106292725
8.372872980544344e-05
0.7903735637664795
0.544201135635376
4.320667721913196e-05
0.001431986689567566
0.3968006670475006
0.02010219730436802
0.002556414110586047
8.197734473469609e-07
0.001002500532194972
0.0010305411415174603
