3.0727305784239434e-06
2.847302084774128e-06
1.3335353266086258e-08
2.2400513444154058e-08
1.2378243354760343e-06
1.6700139440217754e-06
1.0908442504842242e-07
3.241196822045822e-08
1.0197037227044348e-05
1.1991007340839133e-05
6.128516815806506e-06
9.425192729395349e-06
1.9902183339581825e-05
3.373389336047694e-05
4.705437373075938e-09
4.915814422190579e-09
1.796431234879492e-07
3.659999592287022e-08
3.4908175621239934e-06
4.794791948370403e-06
8.261730499725672e-07
4.804280706594e-07
6.0986280914221425e-06
1.1888209883181844e-05
4.404695118864765e-06
3.863935035042232e-06
4.404695118864765e-06
3.863935035042232e-06
1.0743005077529233e-05
7.416369044221938e-06
6.31082102131586e-08
1.0987034926301931e-07
1.1033931741621927e-06
3.8899784158275e-06
1.4849332728772424e-05
2.4544820917071775e-05
3.7567153867712477e-06
4.032332512338144e-08
4.5090091589372605e-06
1.0372764336352702e-07
2.2978001652518287e-06
1.8721807464316953e-06
2.9557311265193675e-08
2.0064966577137966e-08
4.354974407760892e-06
9.038253665494267e-06
4.089348304425755e-10
6.231598570494157e-10
7.877308121351234e-07
6.09383050687029e-07
1.880680247268174e-05
1.269716267415788e-05
2.2197184534888947e-07
2.3588940223362442e-07
1.1250606803514529e-05
8.004375558812171e-06
5.850188699696446e-06
2.3570673874928616e-06
5.850188699696446e-06
2.3570673874928616e-06
5.214973498368636e-06
4.768359758600127e-06
3.892828281948368e-09
4.505561257417412e-09
2.671737497905724e-08
2.419768385664156e-08
7.0760854953277885e-09
6.979973043996779e-09
6.591412216039316e-07
1.128178951148584e-06
6.619895742687731e-08
3.179440355438601e-08
