1.2467062333598733e-05
1.2467062333598733e-05
1.2467062333598733e-05
1.0945000212814193e-06
1.0945000212814193e-06
1.0945000212814193e-06
1.2221645420140703e-06
1.2221645420140703e-06
1.2221645420140703e-06
6.411083859347855e-07
6.411083859347855e-07
6.411083859347855e-07
1.93248774849053e-06
1.93248774849053e-06
1.93248774849053e-06
5.540259735425934e-07
5.540259735425934e-07
5.540259735425934e-07
6.140908226370811e-07
6.140908226370811e-07
6.140908226370811e-07
1.1425744560256135e-05
1.6824629938128055e-06
1.6824629938128055e-06
1.2759171113430057e-05
6.2639874158776365e-06
1.2759171113430057e-05
2.8851854949607514e-06
2.8851854949607514e-06
2.8851854949607514e-06
8.585040632169694e-06
8.585040632169694e-06
8.585040632169694e-06
2.843858783307951e-05
2.843858783307951e-05
2.843858783307951e-05
5.5219901696546e-05
5.5219901696546e-05
5.5219901696546e-05
8.444714694633149e-06
0.0002607214846648276
0.0002607214846648276
3.2427167298010318e-06
1.2053865816596954e-07
3.2427167298010318e-06
4.435803475644207e-06
4.435803475644207e-06
4.435803475644207e-06
3.47425657309941e-06
3.47425657309941e-06
3.9808565333032675e-09
6.353810022119433e-06
8.120394340949133e-06
8.120394340949133e-06
2.969459274027031e-06
1.5340776371886022e-05
2.969459274027031e-06
2.120164572261274e-05
2.120164572261274e-05
2.120164572261274e-05
4.257903128745966e-06
4.257903128745966e-06
4.257903128745966e-06
6.050971478543943e-06
6.050971478543943e-06
6.050971478543943e-06
6.615419351874152e-06
6.615419351874152e-06
6.615419351874152e-06
1.858328323578462e-05
1.858328323578462e-05
1.858328323578462e-05
1.0099553549025586e-07
2.426139690214768e-05
2.426139690214768e-05
8.860749858285999e-07
7.401418145036587e-08
8.860749858285999e-07
1.8141031432605814e-06
1.8141031432605814e-06
7.245050115400886e-10
3.2801506222313037e-06
3.2801506222313037e-06
3.2801506222313037e-06
2.069059519271832e-05
4.569778866425622e-07
8.282419798888441e-07
2.2522644940181635e-05
4.0950084212454385e-07
7.285182073246688e-05
1.2782102203345858e-06
1.2782102203345858e-06
8.905110462364974e-07
7.859602192183957e-06
7.859602192183957e-06
1.9996249989162607e-08
2.0315203073550947e-05
2.0315203073550947e-05
2.0315203073550947e-05
1.959497240022756e-05
1.959497240022756e-05
1.959497240022756e-05
