6.609338498719808e-08
5.077741960235471e-08
2.9249940780573525e-06
1.2483349109970732e-06
5.003442311135586e-06
3.2103596367960563e-06
1.6765842048016566e-08
6.106751726520088e-08
2.544857352404506e-06
6.520018587252707e-07
2.166009608117747e-06
1.7031972276981833e-07
4.156367594987387e-06
2.3898955987533554e-06
6.983954676798021e-07
3.6733533761434956e-06
6.436239800677868e-06
4.623740551323863e-06
6.436239800677868e-06
4.623740551323863e-06
2.167195134461508e-06
7.85284782978124e-07
3.045120138267521e-07
4.5223754341350286e-07
3.1027426302898675e-05
2.2164686015457846e-05
2.2632660545696126e-07
5.170175541024946e-07
5.8733905916597e-07
9.697595260149683e-07
5.8733905916597e-07
9.697595260149683e-07
2.636642193465377e-06
4.182129487162456e-06
2.497058403605479e-06
3.5612008559837705e-06
5.93150480199256e-06
4.234967491356656e-06
9.377264404974994e-07
1.2319064808252733e-06
4.681449183863151e-07
3.2432926673209295e-06
2.2646494812761375e-07
4.4241164687264245e-07
2.724559408306959e-06
3.8698445337104204e-07
1.943701136042364e-05
5.802489795314614e-06
2.8134283525105275e-07
6.005574846312811e-07
2.34374670071702e-06
1.7969287000596523e-06
2.90804882752127e-06
4.768151484313421e-06
2.90804882752127e-06
4.768151484313421e-06
2.0787227583696222e-07
1.2844944308199047e-07
3.296781869721599e-07
2.492053283731366e-07
1.126566999687384e-07
8.871293033507754e-08
9.622584911994636e-06
8.403530955547467e-06
