8.192012501240242e-06
6.554091669386253e-06
1.17148993012961e-05
1.3670002772414591e-05
7.149264547479106e-06
4.7780622480786406e-06
1.7841520048023085e-06
3.4856134334404487e-06
1.542810059618205e-05
9.251327355741523e-06
2.1303487301338464e-05
1.2851145584136248e-05
8.507331585860811e-06
5.706442607333884e-06
1.4602637747884728e-05
1.4462203580478672e-05
2.23632414417807e-05
5.7563025620765984e-05
6.947777819732437e-06
7.592833298986079e-06
2.825788760674186e-05
3.970812394982204e-05
1.108409560401924e-05
1.7985012163990177e-05
5.844286988576641e-06
4.2228730308124796e-06
7.582998023281107e-06
6.24579342911602e-06
9.604605111235287e-07
8.058354410422908e-07
6.064070930733578e-06
1.1117745998490136e-05
5.298199175740592e-05
1.5746893041068688e-05
7.174918664532015e-06
1.144292218668852e-05
7.4640811362769455e-06
1.880669515230693e-05
2.4112185201374814e-05
1.7290385585511103e-05
6.617478902626317e-06
5.21964921063045e-06
3.904584445990622e-06
1.4309848666016478e-05
5.649800641549518e-06
1.821384284994565e-05
5.458629402710358e-06
5.371969109546626e-06
2.9663287932635285e-06
6.373495011757768e-07
1.6812402463983744e-05
8.169278771674726e-06
3.541782120919379e-07
4.387009084894089e-07
3.357936066095135e-06
3.1233832942234585e-06
3.147752522636438e-06
4.658485522668343e-06
5.7816951084532775e-06
5.65085292691947e-06
3.0501194487442262e-05
2.9562024792539887e-05
1.622252784727607e-05
1.4197628843248822e-05
1.4627092923547025e-06
1.1428505786170717e-06
8.294003919218085e-07
9.945854344550753e-07
1.988289841392543e-05
4.399063254822977e-05
8.28007614472881e-06
4.9571722229302395e-06
1.6640061062389577e-07
1.974374441715554e-07
4.525149961409625e-06
6.994842806307133e-06
1.0943122106255032e-05
1.0719782949308865e-05
9.087489161174744e-06
6.233418048395833e-07
4.703424565377645e-06
6.8127760641800705e-06
3.070462526011397e-06
1.5870815559537732e-06
2.0332254280219786e-05
2.209829108323902e-05
2.116468567692209e-05
8.63811783347046e-06
