0.00016799327568151057
4.54641085525509e-05
1.239354396886938e-08
6.7405308001866615e-09
0.00027845866861753166
6.89236621838063e-05
1.6795296460259124e-06
4.477490449517063e-07
2.9642992868753674e-29
1.1968456916682505e-28
8.700725561509606e-28
5.210320834320328e-28
1.0996201980660892e-27
6.5738532348922415e-28
2.2033551871913915e-08
9.988386118209291e-09
0.0001565978891449049
1.5252136108756531e-05
4.3432899587969587e-07
1.271390743795564e-07
0.00029103682027198374
2.4295701223309152e-05
1.3199019984257764e-27
3.2827776828634246e-28
6.900247535668314e-05
1.2070407137798611e-05
3.3875807719059017e-28
2.0119880776516136e-28
2.0172255972283892e-05
8.308002179546747e-06
3.194695352704002e-08
1.2942097171730893e-08
1.895746095215145e-06
6.04919523539138e-06
3.464732562513082e-26
1.7268633601450423e-26
0.0001603470154805109
2.8241742256795987e-05
3.521011421980802e-06
1.2470053434299189e-06
4.843609809916901e-28
2.142006284120359e-28
3.6945491501683136e-06
2.5592871679691598e-06
2.9357993996324494e-27
4.322051032793327e-27
3.1600557726108036e-09
4.299873346269578e-09
1.3478528444466065e-06
6.448786393775663e-07
9.683997924222832e-27
2.2033905055321407e-26
6.104742624302162e-06
9.197107715408492e-07
9.255087162631972e-28
4.218382172043348e-28
3.5968961345692536e-28
1.363692734239784e-28
6.900972238099712e-08
9.372148923603163e-08
1.998702892524609e-28
1.069796306208778e-28
9.693777514030444e-08
3.9182111777336104e-08
1.1284320180493523e-06
1.4676750481612544e-07
1.453324500744202e-07
8.619594638048511e-08
6.585647497558966e-06
1.509148205514066e-06
3.6908451761519245e-07
1.15546264112254e-07
