1.920550244273579e-27
1.920550244273579e-27
3.920212066077511e-07
2.064215806995371e-28
2.064215806995371e-28
2.064215806995371e-28
0.00012158621393609792
1.875327218434055e-28
1.875327218434055e-28
7.4829066131176e-28
5.400165719038341e-07
7.4829066131176e-28
2.9815483247174127e-27
2.9815483247174127e-27
8.59801730257459e-06
3.514273643658544e-27
1.2754050658259075e-05
3.514273643658544e-27
1.599942879693117e-05
1.1331235309339037e-28
1.1331235309339037e-28
5.7276280131191015e-05
7.749256465154035e-28
7.749256465154035e-28
2.1126056695351066e-29
3.8167172533576377e-07
2.1126056695351066e-29
2.0797915631979588e-26
2.0797915631979588e-26
2.0797915631979588e-26
1.7196020977953124e-30
1.7196020977953124e-30
1.7196020977953124e-30
9.40669203451176e-29
9.40669203451176e-29
9.40669203451176e-29
1.2316478476164355e-29
1.2316478476164355e-29
1.2316478476164355e-29
0.00013378165022004396
1.918943326018052e-06
2.999113576182202e-26
3.3599742437218083e-06
7.33482409032149e-07
4.2497347862990864e-08
1.3229456225540894e-26
5.1995543799421284e-06
6.72754231345607e-06
1.9147169950883836e-05
2.426567007487191e-28
2.8410869212791567e-09
1.965580065635907e-26
1.965580065635907e-26
1.965580065635907e-26
4.4848471585792716e-29
4.4848471585792716e-29
4.4848471585792716e-29
8.865290256726419e-29
8.865290256726419e-29
8.865290256726419e-29
8.797702682371314e-27
8.797702682371314e-27
8.797702682371314e-27
7.747483068861243e-27
7.747483068861243e-27
7.747483068861243e-27
2.575269021458302e-28
2.575269021458302e-28
2.575269021458302e-28
2.7304413415223272e-27
2.7304413415223272e-27
2.7304413415223272e-27
7.074364702930325e-07
0.00010814568668138236
5.4543107808058267e-08
1.4431323052122025e-06
1.9045366173031653e-08
3.246881237594963e-28
3.2924057436931566e-27
7.224289220175706e-07
1.405555281053239e-07
6.403274022126482e-10
8.644225325103095e-27
5.538769300983404e-07
3.324412682559341e-05
7.068612376315286e-06
2.2616890597649234e-27
0.0001836018345784396
4.747880211652955e-06
1.5959980714796984e-07
1.733936106754211e-27
3.6454389373830054e-07
1.1989460801942187e-07
3.231250957469456e-06
2.1562182026624786e-27
9.866591987872653e-10
7.475805709412644e-28
7.475805709412644e-28
7.475805709412644e-28
1.7791850604256115e-27
1.7791850604256115e-27
1.7791850604256115e-27
