9.296461030317005e-06
1.0206712630633774e-07
3.060238644460667e-28
1.797152999767648e-28
5.892887017756934e-29
1.7915521547481268e-28
8.548852861167688e-07
4.47684442406171e-06
5.703440365323331e-06
1.4682042248637117e-09
1.0772798475500167e-07
5.9586059251159895e-06
8.485191732167692e-29
1.3755530923198067e-27
1.2886747526863473e-06
1.5177212844719179e-05
9.979837350752357e-29
4.358558575633143e-28
8.636074198875576e-06
4.924406766804168e-06
5.753954042687485e-29
1.3082620630278889e-27
1.220255114731117e-07
8.447899745078757e-06
2.5792708413518994e-08
4.776383288884745e-09
8.99938044085502e-08
2.864213968223339e-07
1.2203059017291932e-27
1.2916199097854443e-27
1.2203059017291932e-27
1.2916199097854443e-27
1.642377043253873e-07
5.20253570357454e-06
3.570285620712966e-29
2.067437887792331e-28
2.662852852350499e-28
8.203384583064723e-27
3.660471747934935e-08
5.142200976138156e-08
1.133469140768284e-06
3.48995149579423e-06
3.3293897416797336e-08
1.4507597256852023e-07
4.91016726300586e-06
8.311073543154635e-06
5.75216172413299e-29
4.798773197846594e-28
3.5043242405663477e-06
9.964015589503106e-06
2.1696823893080364e-08
6.8710468426047555e-09
5.837039262341458e-29
1.0391242348039584e-27
5.837039262341458e-29
1.0391242348039584e-27
4.918943432130618e-06
7.635587735421723e-07
4.263535657855755e-08
5.068305242161841e-08
2.2908358005224727e-05
9.022087397170253e-06
1.6947835774772102e-06
1.3412225996489724e-07
