1.6821040837916522e-28
6.302989123436784e-29
6.314757157250098e-29
3.849733421374625e-28
2.5139587268674355e-28
7.123746197061143e-28
1.4253797417040914e-05
8.574175808462314e-06
1.802962085962406e-28
3.338195835530681e-28
7.7383407757117345e-28
1.0772818181236278e-27
2.1984530462759722e-07
0.00017957687668967992
9.85453767264736e-28
2.4501220455237706e-27
3.3161489932335513e-28
3.6541959207921765e-28
2.236541999888065e-28
6.614542597568554e-29
2.4446885638164167e-28
1.1080708897725688e-27
3.790651427729415e-28
8.884311944563402e-28
6.353474969516465e-29
1.1667428047843704e-27
6.9933939528255e-08
6.760021278751083e-06
1.6764690826676087e-06
2.306550413777586e-06
4.225505705425151e-28
2.119877589800593e-28
2.4894250275296156e-28
4.950173439669791e-28
4.094010912542168e-28
8.540867598335632e-28
1.7261911720758523e-27
9.992529590197733e-28
1.1396595353120464e-28
2.449598722209632e-28
6.854685598627983e-28
2.2049639710374056e-28
4.73700188377529e-28
5.9345951973738275e-28
3.80049894827631e-28
6.607602268272711e-28
7.798372012078285e-28
6.986210243425104e-28
9.016392701631965e-29
1.0613450848715637e-28
1.2670384955332523e-28
1.2287492026795112e-28
1.403057779338087e-28
1.6456018131850594e-29
6.411438118234608e-28
1.5704590082511178e-28
3.08032248266198e-28
1.01641554668144e-28
1.2588861544492826e-28
3.0451480203814207e-28
4.073032239140444e-28
9.551562892340999e-28
9.810954961341471e-29
1.8703290691165055e-28
7.516637765547785e-07
2.8148494948254665e-06
2.2477385641650471e-07
9.704817784950137e-07
5.941087988698843e-28
2.5048875968293716e-28
3.4048566042482983e-28
1.4494860762109328e-27
5.517912349262133e-09
1.2882817479464848e-08
6.187032612974496e-28
3.0157542368289397e-28
2.0897254713325093e-28
3.155343231785696e-28
3.120485359286073e-30
6.131278626273187e-29
2.4921212116169045e-07
3.2740899769123644e-07
3.697223362420975e-29
5.084465961769878e-30
1.5844817369270459e-07
1.6727975662433892e-06
2.190662256011629e-28
3.7177869979196834e-28
