0.00010358293366152793
6.871880032122135e-05
2.1698664198765982e-08
2.0117335353120325e-08
6.897753337398171e-05
8.618374704383314e-05
1.7501456568425056e-06
1.1286102790108998e-06
1.3904694242228288e-05
1.2820426491089165e-05
4.615285433828831e-05
2.751827378233429e-05
2.2693159351661052e-08
1.1481635908694443e-07
1.5632462435632988e-08
4.466129244207195e-09
6.523414413095452e-06
9.497503015154507e-06
7.425564490404213e-06
2.1124440081621287e-06
0.00012920383596792817
0.00014514128270093352
2.5587910386093426e-06
5.734750061492377e-07
2.9957898732391186e-05
1.788762165233493e-05
2.064448199234903e-05
9.004364983411506e-06
1.9600449377321638e-05
1.3438355381367728e-05
3.55296023712981e-08
2.6677472675373792e-08
1.7087666492443532e-05
1.4908592675055843e-05
1.0641696462698746e-05
1.7109713326135534e-06
4.212743078824133e-05
4.000036642537452e-05
3.597295062718331e-06
5.516421879292466e-06
1.0146285603696015e-05
3.998800821136683e-06
3.496221779641928e-06
3.1925276289257454e-06
1.7617750927456655e-05
4.0057570913631935e-06
1.026369389478532e-08
3.0493247926699496e-09
3.5752270832745126e-07
3.2508864933333825e-07
2.2020458345650695e-05
4.500190243561519e-06
6.115709538789815e-08
5.8309169048698095e-08
2.7848287572851405e-05
9.8906039056601e-06
2.486909033905249e-05
1.0336760169593617e-05
4.898716952084214e-07
1.6843499395235995e-07
3.0313765819300897e-05
1.3343214959604666e-05
4.6233964212660794e-08
9.127040101475359e-08
3.042486866888794e-07
4.863130698140594e-07
5.5888136785142706e-08
5.039132489059739e-08
1.8512766928324709e-06
2.8895099148940062e-06
1.8587041950013372e-07
2.5772740741558664e-07
