1.2964074812771287e-05
1.2964074812771287e-05
7.490925213460287e-08
5.1989172789035365e-06
5.1989172789035365e-06
5.1989172789035365e-06
3.062648602281115e-06
2.982438445542357e-06
2.982438445542357e-06
1.7567048189448542e-06
7.467985142284306e-06
1.7567048189448542e-06
4.694225935963914e-06
4.694225935963914e-06
1.1154374078614637e-05
5.805673936265521e-06
2.611283775877382e-07
5.805673936265521e-06
8.698954843566753e-06
1.4651549463451374e-05
1.4651549463451374e-05
5.613775556412293e-06
1.0493770332686836e-06
1.0493770332686836e-06
1.0022893093264429e-06
2.3086509827408008e-05
1.0022893093264429e-06
1.4433330761676189e-06
1.4433330761676189e-06
1.4433330761676189e-06
6.404154555639252e-05
6.404154555639252e-05
6.404154555639252e-05
4.667954272008501e-05
4.667954272008501e-05
4.667954272008501e-05
1.994765261770226e-05
1.994765261770226e-05
1.994765261770226e-05
2.0881752789136954e-05
1.316096529535571e-07
2.3432787656929577e-06
4.967408244738181e-07
1.1477409316285048e-06
6.4464393290109e-07
1.254477410839172e-06
4.1416415115236305e-06
3.885822650318005e-07
1.6793804036296933e-07
2.616848405523342e-06
1.1593980389079661e-06
1.6963364259936498e-06
2.072765482807881e-06
2.072765482807881e-06
5.0761595815629335e-08
4.42781313836349e-08
5.0761595815629335e-08
1.097869153454667e-05
1.097869153454667e-05
1.097869153454667e-05
1.0456751624587923e-05
1.0456751624587923e-05
1.0456751624587923e-05
1.8073902538162656e-05
1.8073902538162656e-05
1.8073902538162656e-05
1.8390730474493466e-05
1.8390730474493466e-05
1.8390730474493466e-05
9.942067663359921e-06
9.942067663359921e-06
9.942067663359921e-06
2.1888681658310816e-06
2.3348148658897117e-07
0.00036477085086517036
2.8373469262987783e-07
3.285582806711318e-06
2.391339876339771e-05
6.269248115131631e-05
6.269248115131631e-05
5.947438694420271e-06
6.692429906252073e-06
6.692429906252073e-06
2.0690501756348567e-08
6.912893013577559e-07
2.6632727895048447e-05
5.036425136495382e-06
0.00021931783703621477
5.167230028746417e-06
5.586212864727713e-06
9.1942711151205e-06
9.1942711151205e-06
3.063019903493114e-06
8.549392805434763e-05
8.549392805434763e-05
9.019810818244878e-07
1.5956329662003554e-05
1.5956329662003554e-05
1.5956329662003554e-05
1.3874055184714962e-05
1.3874055184714962e-05
1.3874055184714962e-05
