3.841335569632065e-07
2.3544137661701825e-07
1.4540622039760365e-08
6.420537488338596e-07
5.017516713223813e-08
5.728073801947176e-07
2.2916507802506203e-08
3.3750875871874086e-08
1.2575311814089218e-07
2.3068778318702243e-06
8.253712735495355e-07
1.064056505128974e-06
2.9600524698025765e-08
1.267577687258381e-07
6.78465355008484e-08
4.9012900404932225e-08
2.2489400919312175e-07
4.5123497329768725e-06
2.2489400919312175e-07
4.5123497329768725e-06
4.6792388275207486e-07
1.711881736810028e-06
5.2914037951268256e-06
5.655149948324834e-07
1.3032062540219158e-08
1.0073289757883686e-08
8.067431167546602e-08
9.479270346446356e-08
1.6139715626195539e-06
3.388403911230853e-06
1.6139715626195539e-06
3.388403911230853e-06
9.98422706288693e-07
3.710689497893327e-07
4.369579755802988e-07
3.754681983991759e-06
4.8238081944873556e-05
0.0002864394919015467
1.8346209174069372e-07
7.418342420351109e-07
1.4005400998939876e-06
2.6327445539209293e-06
5.170992167791155e-08
1.6494166743541427e-07
2.1863702386326622e-06
7.551357157353777e-07
5.2244513426558115e-06
3.345421646372415e-05
1.0116456223840942e-06
5.088641614747758e-07
1.5047930901346263e-07
8.462922806984352e-08
2.1447807796448615e-07
3.97547665897946e-07
2.1447807796448615e-07
3.97547665897946e-07
1.6239321212196955e-06
5.830756322211528e-07
1.1658145240289741e-06
6.619519012929231e-07
6.674792984995292e-07
2.2887540751526103e-07
3.086947799602058e-07
2.4320677027844795e-08
