2.0281918295950163e-06
6.838458261881897e-07
3.098383558608475e-06
1.031488977787376e-06
7.610758530063322e-07
3.939094312954694e-07
1.7304485311342432e-07
9.08409583644243e-06
2.4620871954539325e-06
2.0978309294150677e-06
5.912846745559364e-07
2.547516260165139e-06
7.249491318361834e-08
8.85193429667197e-08
4.1699327994138e-05
2.8188039777887752e-06
5.113811766932486e-06
1.4184302017383743e-06
4.592649020196404e-06
6.877846203678928e-07
3.357141395099461e-06
2.7314918042975478e-06
5.408641754911514e-06
8.401173090533121e-07
4.485911233587103e-07
2.0853426576650236e-06
1.9558919461815094e-07
4.824302095585153e-07
6.020105161042011e-07
6.080893513171759e-07
3.647131234174594e-05
8.316217645187862e-06
4.991291007172549e-06
5.015908755012788e-07
3.970936177211115e-06
2.1590367396129295e-05
3.2740449569246266e-06
3.672013690447784e-06
4.370416490928619e-07
4.0521504161006305e-06
5.105359377921559e-06
6.929220148776949e-07
2.7812103553515044e-07
6.234903366930666e-07
4.790098273588228e-07
1.405930561304558e-06
1.914268295877264e-06
2.8504521196737187e-06
1.1493968941067578e-06
2.7419093839853304e-07
3.983272108598612e-06
7.151292038543033e-07
5.310555025062058e-06
3.983644091931637e-06
8.513024454259721e-07
7.121253133846039e-07
2.4983150979096536e-06
1.3157875400793273e-05
3.5552429835661314e-06
1.1582720844671712e-06
6.985631625866517e-05
6.65954576106742e-06
3.169111369061284e-05
4.6056698010943364e-06
2.128437301962549e-07
8.317408628499834e-08
1.5090859960764647e-05
1.852113382483367e-05
1.540592529636342e-05
1.831924237194471e-05
9.00754730537301e-06
8.700141734152567e-06
7.964659744175151e-06
6.667670277238358e-06
6.04308922902419e-07
1.9232193153584376e-06
6.413131359295221e-06
2.0722409317386337e-06
4.055518002132885e-05
5.954522293905029e-06
2.070288758204697e-07
3.0725018405064475e-06
7.448346650562598e-07
9.54156575971865e-07
1.981476316359476e-06
7.526920171585516e-07
1.7504706875115517e-06
1.6928682953221141e-06
