2.270115146529861e-06
3.4054323805321474e-07
3.235250233046827e-06
3.2011694202083163e-06
2.3175543901743367e-05
1.8609500784805277e-06
5.0420744912571536e-08
7.305590088435565e-08
1.1831441497633932e-06
4.6632564476567495e-09
8.940384645939048e-07
4.7716208761983125e-09
1.604486897122115e-05
4.592064669850515e-06
4.5785009206156246e-07
3.2269068128698564e-07
9.379322364111431e-06
4.6784907681285404e-07
9.379322364111431e-06
4.6784907681285404e-07
1.2939954103785567e-05
4.653135874832515e-06
1.1068694902860443e-06
1.7219789469891111e-06
2.972825541291968e-07
5.023660420988563e-08
1.4748870569292194e-07
2.3165975804317895e-08
4.240645921527175e-06
5.96507220507192e-07
4.240645921527175e-06
5.96507220507192e-07
9.880280771312755e-08
2.2286337753030239e-07
2.445740574330557e-05
1.0140959147975082e-06
0.00011381456715753302
3.9217960875248536e-05
3.934063386168418e-07
6.571588073711609e-07
1.3223502719483804e-05
1.1924930731765926e-05
1.1761243285945966e-06
4.495049324759748e-06
3.29405338561628e-08
1.294696128084638e-09
3.859906428260729e-05
7.329912250497728e-07
2.636990984683507e-06
5.928665132159949e-07
9.263544598070439e-07
6.383468758031086e-07
1.2169987712695729e-05
5.974753776172292e-07
1.2169987712695729e-05
5.974753776172292e-07
2.7225172516409657e-07
1.0863489308121643e-07
4.3978755570606154e-07
1.3039917234891618e-07
1.1091498208770645e-06
5.876037221241859e-07
6.326725809913114e-08
5.929546631477933e-08
