2.5345059384562774e-06
2.5345059384562774e-06
8.941439659793105e-07
2.384361323493067e-06
2.384361323493067e-06
2.384361323493067e-06
6.262592796701938e-05
1.1186210713276523e-06
1.1186210713276523e-06
2.5307259420515038e-05
3.293928239145316e-05
2.5307259420515038e-05
1.1309548426652327e-06
1.1309548426652327e-06
1.6125745787576307e-06
2.05541800823994e-06
8.852450719132321e-07
2.05541800823994e-06
3.723961071955273e-06
2.283480625919765e-06
2.283480625919765e-06
0.0005306937964633107
1.851039814937394e-05
1.851039814937394e-05
3.1446611501451116e-06
3.9918504626257345e-05
3.1446611501451116e-06
5.371251972974278e-05
5.371251972974278e-05
5.371251972974278e-05
1.2140592389187077e-06
1.2140592389187077e-06
1.2140592389187077e-06
1.5678252793804859e-06
1.5678252793804859e-06
1.5678252793804859e-06
1.4968220511946129e-06
1.4968220511946129e-06
1.4968220511946129e-06
1.0559879228821956e-06
4.2224293395065615e-08
1.4540843267241144e-06
3.877541985275457e-06
2.8809361651838117e-07
8.805021423086146e-08
0.0004605115100275725
1.1800464562838897e-05
0.00010101479711011052
1.1341293770783523e-07
8.842570053957388e-08
2.2825153322969527e-08
1.7107337043853477e-05
2.796795524773188e-05
2.796795524773188e-05
7.2525840550952125e-06
6.387425401044311e-06
7.2525840550952125e-06
1.399138795932231e-06
1.399138795932231e-06
1.399138795932231e-06
1.2245902780705364e-07
1.2245902780705364e-07
1.2245902780705364e-07
8.0354067222288e-07
8.0354067222288e-07
8.0354067222288e-07
8.920723075789283e-07
8.920723075789283e-07
8.920723075789283e-07
2.259056941511517e-07
2.259056941511517e-07
2.259056941511517e-07
8.518296681359061e-07
4.016548516005969e-08
1.7502362652521697e-06
9.617673413231387e-07
8.829149464872899e-07
2.717471943469718e-06
5.382915333029814e-06
5.382915333029814e-06
3.855348040815443e-06
4.9961631276573826e-08
4.9961631276573826e-08
2.430811605336203e-07
1.152641857515846e-06
1.5605248336214572e-05
5.863839305675356e-06
8.170053661160637e-06
9.876916010398418e-06
2.0099228095205035e-06
7.601639026688645e-06
7.601639026688645e-06
1.3612159818876535e-05
8.811169209366199e-06
8.811169209366199e-06
9.168633852141284e-08
1.6333669918822125e-05
1.6333669918822125e-05
1.6333669918822125e-05
5.028017767472193e-06
5.028017767472193e-06
5.028017767472193e-06
