7.970977094373666e-06
5.268073891784297e-06
1.1508052466524532e-07
9.70381819342947e-08
8.383057320315856e-06
5.339469225873472e-06
2.848201347660506e-06
3.347743358972366e-06
0.00013292813673615456
7.891288259997964e-05
0.00012624140072148293
7.760252628941089e-05
9.796689482755028e-06
7.047480903565884e-05
3.080064203686561e-08
4.1192837585413145e-08
5.118314948049374e-05
6.479226431110874e-05
7.489867584808962e-06
6.571352969331201e-06
0.00012993585551157594
0.00018840335542336106
0.00010965126421069726
0.00014164656749926507
1.3680880329047795e-05
4.882188022747869e-06
3.766904410440475e-05
0.000345336040481925
1.7062326151062734e-05
5.904198133066529e-06
2.371458407424143e-08
9.012821777787394e-08
3.6417659430298954e-06
3.5991986351291416e-06
7.622956036357209e-05
0.00012476913980208337
3.2908012599364156e-06
3.145587243125192e-06
3.6104607715969905e-05
3.850329085253179e-05
0.00014726190420333296
0.00023690790112596005
9.460899264013278e-07
8.466862482237048e-07
5.255114592728205e-05
7.633035420440137e-05
5.308747219601173e-09
3.4748012467389344e-08
6.738352453794505e-07
3.4124698800042097e-07
3.049591941817198e-05
0.00023515059729106724
3.3845799407572486e-07
2.756561059413798e-07
0.00026717071887105703
0.0005167288472875953
0.00041047463309951127
0.0006503973272629082
1.3383280474954518e-06
1.2353599458947429e-06
0.0003340516414027661
0.0005679602036252618
9.30448834424169e-07
1.3445277318169246e-06
2.3465493370622426e-07
2.1997162491516065e-07
2.80119223816655e-07
3.9175756683107466e-07
3.0619415269939054e-07
3.087089339715021e-07
5.973688530502841e-06
8.709429494047072e-06
