1.1486596122267656e-05
1.4397201084648259e-05
5.966149728919845e-06
6.581772140634712e-06
7.954065040394198e-06
6.607925115531543e-06
1.011819676932646e-05
1.5495494153583422e-05
1.5931202142382972e-05
1.0102962733071763e-05
3.936286702810321e-06
2.509418891349924e-06
1.762702761531898e-10
3.342309484732908e-10
1.0791726708703209e-05
1.0947733244393021e-05
1.3594280972029082e-05
1.6908834368223324e-05
7.355317393376026e-06
8.288686331070494e-06
2.3473594410461374e-06
8.423083272646181e-06
4.6187680709408596e-05
4.872600038652308e-05
4.014669229945866e-06
1.5197540506051155e-06
1.4395615810514073e-09
1.3517856833900055e-09
1.067145039002071e-09
1.8319016303891544e-09
7.340640149777755e-05
5.452439654618502e-05
5.499632152350387e-06
9.873080671241041e-06
4.587614967022091e-06
8.391311894229148e-06
3.3374658414686564e-06
3.228762579965405e-06
6.778543138352688e-06
7.610642569488846e-06
2.1606700101983733e-05
1.6631425751256756e-05
1.0995202501362655e-05
1.9234248611610383e-05
1.753303877194412e-05
9.305906132794917e-06
7.643895514775068e-06
8.498531315126456e-06
3.5650564313982613e-06
6.913464858371299e-06
9.234826393367257e-06
7.984702278918121e-06
2.2678625555272447e-06
4.448434538062429e-06
2.122770638379734e-06
8.037003681238275e-06
1.429853273293702e-05
1.0699042832129635e-05
7.23611083230935e-06
3.275869858043734e-06
2.717666347962222e-06
4.525856638792902e-06
1.1329236258461606e-05
2.6919535230263136e-05
1.5259074004347895e-08
1.120280046507105e-08
9.284266688780463e-10
2.3018867367774476e-10
1.8060436559608206e-06
1.0396881862106966e-06
8.035250175453257e-06
8.324174814333674e-06
2.3202198917715577e-06
2.148955672964803e-06
6.95460721544805e-06
9.679552931629587e-06
2.9790396638418315e-06
3.870520231430419e-06
6.439952358050505e-06
8.724106919544283e-06
9.915435583707222e-08
3.869635634146107e-08
3.6577857827069238e-06
3.431448476476362e-06
5.884946403966751e-06
6.645106623182073e-06
1.5789160897838883e-05
1.4921598449291196e-05
