2.9660686777788214e-06
2.9660686777788214e-06
1.6367615899071097e-05
4.55441877420526e-05
4.55441877420526e-05
4.55441877420526e-05
8.380233339266852e-05
2.1787673176731914e-05
2.1787673176731914e-05
1.2953953500982607e-06
1.267609422939131e-05
1.2953953500982607e-06
2.547557471643813e-07
2.547557471643813e-07
1.3400037460087333e-05
4.2483833340156707e-07
1.6404442249040585e-07
4.2483833340156707e-07
5.09631063323468e-05
1.1264048680459382e-06
1.1264048680459382e-06
1.0351319360779598e-05
4.149866938973901e-08
4.149866938973901e-08
2.8010429105052026e-06
0.00011025496496586129
2.8010429105052026e-06
4.6604100134572946e-08
4.6604100134572946e-08
4.6604100134572946e-08
3.323386636111536e-06
3.323386636111536e-06
3.323386636111536e-06
3.363628593433532e-07
3.363628593433532e-07
3.363628593433532e-07
1.7984255464398302e-05
1.7984255464398302e-05
1.7984255464398302e-05
0.00012324420094955713
2.3912241431389702e-06
1.397031951455574e-06
3.94437023487626e-07
2.813148398672638e-07
2.1084813894844956e-08
1.526823780295672e-06
1.5471400161004567e-07
2.6032530797692743e-08
2.547214137393894e-07
9.29204929889238e-07
7.367726766460692e-07
6.396206799763604e-07
1.968107596894697e-07
1.968107596894697e-07
3.78013815804934e-08
5.1505693043907286e-09
3.78013815804934e-08
2.6452016754774377e-06
2.6452016754774377e-06
2.6452016754774377e-06
1.8462079864889347e-08
1.8462079864889347e-08
1.8462079864889347e-08
4.244777684903056e-08
4.244777684903056e-08
4.244777684903056e-08
1.1319420423205884e-07
1.1319420423205884e-07
1.1319420423205884e-07
3.6488729815431498e-09
3.6488729815431498e-09
3.6488729815431498e-09
2.3117245007142628e-07
4.11586071891179e-08
1.8627177269081585e-05
6.437520738700186e-08
5.756059522354917e-07
1.4234291256798315e-07
9.028462244486946e-08
9.028462244486946e-08
7.538506906712428e-06
2.9300016635147585e-08
2.9300016635147585e-08
3.3045186031976925e-10
7.487176389986416e-07
3.9856945477367844e-06
2.6688242726891076e-08
5.204370609135367e-05
1.1974651670243475e-07
3.118303993687732e-06
9.272034162677301e-07
9.272034162677301e-07
8.42887948238058e-06
2.638172873048461e-06
2.638172873048461e-06
5.833546765643405e-07
4.2312885852879845e-06
4.2312885852879845e-06
4.2312885852879845e-06
1.4566818435923778e-06
1.4566818435923778e-06
1.4566818435923778e-06
