0.00043990497943013906
0.0004966381238773465
2.0215777496446208e-08
1.6387229351266797e-08
0.00018033581727650017
0.00037807493936270475
2.085362893922138e-06
5.407723165262723e-06
1.59974952111952e-05
2.2040074327378534e-05
9.411251994606573e-06
1.7848802599473856e-05
4.765511221194174e-07
2.1854407350474503e-07
3.64826524545947e-09
5.288408599923855e-10
1.9141245502396487e-05
1.550495835545007e-05
3.9895263626021915e-07
3.11250943241248e-07
0.00039116869447752833
0.00035690926597453654
3.0105675818958844e-07
5.30937484199967e-07
4.102541879547061e-06
1.1672465916490182e-05
1.9500246253301157e-06
1.963434442586731e-06
2.3647955913475016e-06
8.883303962647915e-06
7.01777858047592e-10
1.8400593271294952e-09
1.2874589629063848e-05
3.301067408756353e-05
5.6175608733610716e-06
8.447394066024572e-06
5.883018457097933e-05
0.00011446788266766816
3.6290971365815494e-06
8.383754902752116e-06
2.6943132525047986e-06
2.545399183873087e-06
2.2749836716684513e-06
4.5020560719422065e-06
3.6839542190136854e-06
6.949392627575435e-06
5.215115450596386e-09
4.164603772949249e-09
4.8989949874567174e-08
1.387457473356335e-07
5.4417960200225934e-06
6.364275577652734e-06
1.7836923049685538e-08
4.4113768637998874e-08
4.206704488751711e-06
5.698824679711834e-06
1.4995921446825378e-06
3.6252431527827866e-06
2.5945033144125773e-07
4.5687096417168505e-07
2.0424247395567363e-06
3.2021764582168544e-06
1.637847724111907e-08
1.3360991601985006e-07
1.0573727422524826e-06
3.0261170991252584e-07
5.9511258143629675e-09
5.6051362662401516e-08
3.331580501253484e-06
2.8195070171932457e-06
9.85110517603971e-08
3.621014172949799e-07
