1.1540450941538438e-05
1.5506547015320393e-06
1.1624719263636507e-05
1.1136247849208303e-05
2.455667345202528e-05
3.459562321950216e-06
4.1739775724636274e-07
2.721789314819034e-06
1.0390405805082992e-05
8.72802957019303e-06
1.7904605556395836e-05
7.656230445718393e-05
1.5543836298093083e-06
9.435053698325646e-07
8.200785487133544e-06
8.236900612246245e-06
2.0803656298085116e-05
1.7768386442185147e-06
2.0942292394465767e-05
9.842211511568166e-06
9.25125914363889e-06
1.5341352991526946e-05
1.9434670321061276e-05
5.636367404804332e-06
1.2193443126307102e-06
1.4239036545404815e-06
5.943514835848873e-08
5.802942268928746e-07
8.888050615496468e-06
7.827489753253758e-06
0.00017345836386084557
2.3887843781267293e-05
2.8418122383300215e-05
6.284680239332374e-06
6.055388439563103e-06
4.163021003478207e-05
6.826834578532726e-05
5.2889910875819623e-05
3.6729638850374613e-06
1.1221714885323308e-05
1.1184157301613595e-05
1.524019808130106e-06
1.1899563105544075e-05
6.135243165772408e-05
1.4237795085136895e-06
4.953039933752734e-06
1.4743333167643868e-06
9.332643458037637e-06
2.5856152205960825e-06
2.203674284828594e-06
1.2767324733431451e-05
3.7033350963611156e-06
0.0005067686433903873
0.0005788453272543848
2.927416289821849e-06
2.3521533876191825e-06
2.6909212920145364e-06
1.7541938177600969e-06
1.719399733701721e-05
8.691961738804821e-06
0.00010358398867538199
8.073695789789781e-05
1.4226379789761268e-05
8.508292921760585e-06
6.565926469193073e-06
7.633438144694082e-06
5.5029548093443736e-05
5.815557233290747e-05
3.3780495868995786e-05
3.401836147531867e-05
7.795490091666579e-05
4.862355581281008e-06
6.126652351667872e-06
2.8595525236596586e-06
8.4619778135675e-06
8.321384484588634e-06
4.6407865738729015e-05
2.095445779559668e-05
3.985506191384047e-05
6.738690717611462e-05
1.1546848099897034e-06
8.734707989788149e-06
2.8895449304400245e-06
7.293164344446268e-06
0.00031968235271051526
0.00024742353707551956
1.2694436009041965e-06
3.069103058805922e-06
