2.1195918975536188e-07
1.4014202065482095e-07
3.03587688321727e-09
3.349295596422053e-08
6.046078482313533e-08
1.8925376821243844e-07
2.4667125231303544e-08
7.659340717225405e-09
1.7783021277750777e-08
2.083438772615409e-07
2.208771121559039e-07
7.044217795737495e-07
3.4605782683883035e-09
2.4483952643095108e-08
2.1357898560836475e-07
3.945648430203619e-08
2.5445558549108682e-08
8.144177598978786e-08
2.5445558549108682e-08
8.144177598978786e-08
3.704516871039232e-08
1.2699989326847572e-07
1.2122325188101968e-06
3.5447786217446264e-07
4.05871647402023e-09
2.5100823641821535e-09
3.5675089549158656e-08
3.4376803625946195e-08
2.427431411433645e-07
1.496010099799605e-06
2.427431411433645e-07
1.496010099799605e-06
4.6971177880550385e-07
3.4701358231359336e-07
5.055821095112378e-09
4.290539123985582e-08
8.14647819424863e-07
1.0438724302730407e-06
1.7737387736360688e-07
2.657211553014349e-07
3.609874738685903e-06
2.111151388817234e-06
5.333659913731026e-08
4.8352944759244565e-08
5.382107133300451e-07
3.0075912604843325e-07
1.1467907370388275e-06
9.933170304066152e-07
2.48840628103153e-08
3.132266357397384e-08
4.351046745121323e-10
1.6615452347323867e-09
2.652995192420349e-07
2.164102710366933e-07
2.652995192420349e-07
2.164102710366933e-07
1.1410953675294877e-06
8.041578780648706e-08
2.431787606838043e-07
7.864425555226262e-08
1.050597916218976e-06
2.4379849037359236e-06
2.3347512367877243e-08
1.1143082012665673e-08
