9.785104282400425e-09
1.4544805253535742e-06
1.8437610327382004e-09
1.5061299984964194e-09
3.815475935198265e-08
1.2075256563548464e-06
1.2294408691104763e-07
1.311158293049175e-09
5.635407251958213e-09
6.249864270557737e-08
1.427470834869382e-07
6.445831104429089e-07
1.6714961859065625e-08
2.7568797023036495e-08
4.7678152981234234e-08
6.748631449227105e-07
1.155445694678292e-08
2.220550321396786e-08
5.323199729900807e-05
6.874745395180071e-07
8.233285916503519e-05
3.548436655620435e-09
1.125477933072716e-08
3.221755973115137e-09
3.126079839432805e-09
5.0002233464852e-09
7.985990535530618e-09
4.7956891791045564e-08
3.5411440535426664e-07
7.448942795917901e-08
7.27627791352603e-10
1.646349834238947e-09
2.4231818329667476e-08
1.20244635581912e-07
8.404153484242727e-10
1.4550445293082248e-09
0.00011808605631813407
3.886489139404148e-06
6.190320078758305e-08
9.07946251516023e-09
1.2602353081092588e-06
7.9107564943115e-09
4.930334895902888e-08
1.114578296323998e-08
2.5988340368598983e-09
6.143227593291556e-10
5.022321447611944e-10
2.575117008518646e-09
4.079383415955817e-06
1.5264321007180115e-07
5.21942711273482e-09
4.450998236649184e-09
3.3231071938644163e-07
4.8417510001286246e-09
1.8866574968967598e-10
2.3451143249531015e-09
3.623203497227223e-07
2.2829581780570152e-08
1.0224009656667477e-06
5.719193119091415e-09
4.857405588865049e-10
5.14678855090267e-10
2.718964164927229e-09
1.580977362913849e-11
8.082013530641419e-11
4.52852155774508e-09
2.6213006765196667e-10
5.803018954253503e-09
6.066753940103808e-06
2.802426308790018e-07
7.241884759423556e-06
1.8621143738073442e-08
1.2851928410384517e-09
1.0409647366316221e-08
5.447574494610308e-06
3.567221483535832e-06
2.708064883449879e-08
2.3300162865780294e-07
4.983700918614886e-08
7.532700578849472e-07
1.0429516095200597e-07
2.094811435426891e-07
2.2500859131469042e-07
8.478995709992887e-07
1.3144629829042742e-09
9.146328352471755e-07
1.1578888958752032e-09
1.3822435107613273e-07
1.623773471237655e-07
7.400195158879797e-07
8.788858529840127e-09
2.429465695286126e-08
2.61464401773992e-06
5.518422312889015e-06
8.220012387027964e-05
5.379660024118493e-07
8.888449976041102e-09
4.007801024386026e-08
1.980514298338676e-06
6.832950020907447e-06
4.334669156946802e-08
6.643924734817119e-07
2.386113351349195e-08
9.386517518805704e-08
4.259718843968585e-05
6.833214138168842e-05
9.486058843322098e-06
1.2179580153315328e-05
3.1089382179771974e-09
6.496528648369804e-09
3.675036497341466e-09
1.330656260734031e-07
1.0130968064459012e-07
1.0361891327193007e-06
2.0604263184509364e-08
3.1891988783172565e-07
5.2871762079576e-08
4.504427408846823e-07
4.391986507812362e-08
2.9448466420944897e-07
2.573280255546706e-08
9.608400297622666e-09
2.879430471836031e-09
2.879430471836031e-09
1.8301770410289464e-07
1.8210852825717438e-09
2.044720162075464e-07
2.715154856502977e-08
3.924054544768296e-05
5.963543259213111e-08
7.244651989424256e-09
4.8730786517126035e-08
5.622114329639771e-09
5.622114329639771e-09
1.1214953410387807e-08
1.321834446343928e-07
1.3918617369768072e-08
1.4281077653777174e-08
6.476860825443964e-09
7.237002996873798e-09
3.2625666057661817e-10
2.530058829108839e-09
1.552416684091895e-08
2.6139244102552084e-09
6.117907069835837e-09
5.392116975144745e-09
3.671485870881952e-08
1.3718930880202151e-08
1.2622296097219987e-08
5.716537643252195e-08
4.7998295116258305e-08
9.847367010706876e-08
1.0269076256008702e-08
7.67763594922144e-08
3.3086131168147404e-08
4.883654725063025e-08
7.914139388276453e-08
4.1041479903469735e-07
8.596312545705587e-05
0.00010423893400002271
4.220738869520346e-09
2.540241084147965e-08
5.6948238125187345e-08
2.1074599487747037e-07
1.4517748780917827e-08
4.0512915688850626e-08
5.5372126439579006e-08
7.528603163109437e-08
7.501596144265932e-08
9.086192420681982e-08
2.3363691070699133e-07
1.5148650112095652e-09
2.8915897232195675e-08
2.1538602368309512e-07
1.8394620271422468e-09
5.05652089088926e-08
8.815947083462561e-09
4.965495747910609e-08
0.00034862590837292373
8.978315122476488e-07
1.1406597444363342e-08
7.87562228765637e-08
1.641568658783399e-08
4.2762709995258774e-07
7.777674504438892e-09
8.242374782696515e-09
6.297278076772272e-08
2.82928283468209e-07
3.053321862012126e-08
1.2784903447027318e-06
5.5497388018466154e-08
2.2086111073349457e-07
2.2182010184224055e-07
1.2420843020777284e-08
6.538986951909465e-08
7.839587823355032e-08
1.126615643443074e-05
5.357408554118592e-06
1.303940621255606e-06
6.661117026851571e-07
3.024133443663146e-10
9.036455472788418e-10
2.4930042474835545e-09
1.1506216651469003e-05
7.588821127058054e-09
2.3036426455291803e-07
7.1288148717485456e-09
2.763171913500173e-08
1.0270619021923721e-08
8.8489464644681e-09
2.9483068431090942e-08
1.313115262746578e-06
9.836998060563928e-08
3.303930640186081e-08
2.0911961939873436e-07
1.1883923889399739e-07
6.33148076190082e-08
1.9475369583688007e-07
4.530180952588836e-10
2.7708826344507997e-09
1.4401162218291574e-07
1.1538455169102235e-07
2.522547504213435e-08
1.2172527021903079e-05
1.2181476449768525e-07
2.4950805865842085e-09
7.828390380382189e-07
8.247651521742227e-07
1.2251261694018467e-07
1.5148505383422162e-07
1.4927256870578276e-06
8.150765751224753e-08
1.340169397678892e-08
1.0189378940594906e-07
2.517715758099115e-10
3.1525501653639765e-10
5.362486454885129e-09
1.013716310893642e-08
1.0583003806630131e-08
1.4861758756978816e-07
1.0052565002638403e-08
3.565833495144943e-08
6.052111034549057e-10
2.1324129129141056e-09
4.789234342439386e-09
6.1196807621399785e-09
2.946014454607848e-08
5.773664497610298e-07
5.145466985823077e-08
1.838337260195999e-09
1.5069151260149738e-08
6.607728253449352e-10
1.5825554200432634e-08
4.3001821836696763e-07
1.1027508906025218e-09
2.874048732337542e-07
1.0150939289133021e-07
1.5921601814739006e-08
1.3855530056616772e-08
3.78009579193872e-09
4.2007251011000335e-09
2.3665201354106102e-08
2.4734541526072462e-08
2.0079009743767529e-07
5.686578430363909e-10
3.4686913341630543e-09
4.662112362829873e-10
9.154443425529735e-09
3.278966076436518e-08
1.2146013432356995e-05
3.255435672144813e-07
2.915445662665661e-09
6.1539371927210595e-06
1.282877519770409e-07
2.981906982313376e-05
1.2870890486738062e-07
9.973988426281721e-07
5.121021899867628e-07
1.3970177860755939e-05
2.056693944041399e-07
6.165136401392601e-09
7.03224500853139e-09
2.0209026274642383e-07
3.725788033648314e-08
7.392923180304933e-07
5.769455135862245e-09
5.143766975379549e-05
1.983297970298281e-08
2.4907388151973464e-08
1.8677361595109687e-06
2.3057140424498357e-05
8.973642979981378e-05
3.275924598256097e-07
1.2618078244486242e-06
1.3155519340557476e-08
3.9699403941995115e-07
1.0185781995630805e-08
7.074541485962982e-08
1.1739169281099748e-07
7.400986135053245e-08
