3.3823889111772587e-07
2.0524164767721231e-07
4.952801191393519e-08
2.288096993652289e-06
1.6177688522134304e-08
3.4992391206856155e-09
1.5423804455849677e-08
2.571364099424045e-08
7.241858224205089e-10
1.027841278755659e-07
7.697395609795876e-09
1.3702624528377783e-06
2.5076898779730072e-08
1.8647604349553148e-07
4.165086409102514e-08
8.711063514965645e-08
2.5939769443539262e-08
8.214646527449077e-07
6.31517309557239e-08
7.329406059852772e-08
1.932449755770449e-08
2.5516424528859716e-09
5.703808980683789e-09
1.1293020740765769e-08
1.794085022766012e-07
2.1234760083643778e-07
1.5806867281753512e-07
1.3093203961034305e-06
2.011495503495553e-08
1.1950161749041399e-08
1.3494461370555655e-07
4.113484664003408e-09
5.587978080257017e-07
1.9671634987616926e-08
7.194284262368456e-05
1.4094301548084331e-07
1.1984332559222821e-05
8.541853446786263e-08
0.00011421237286413088
1.4103264902587398e-06
1.08222448034212e-05
5.94777702644933e-07
0.00046221751836128533
1.2468598242776352e-06
7.318025745917112e-05
3.325507691442908e-07
9.111851113630109e-07
1.372868894122803e-07
9.149136167252436e-05
1.3521466257770953e-07
3.901340824086219e-05
9.511342824453095e-09
3.734293319013204e-09
1.852082789355336e-07
1.52746924868552e-05
7.294646025002294e-07
3.619729250203818e-05
9.265513689626914e-09
2.7332256649970077e-05
2.0240007003735627e-08
4.4263947529543657e-07
1.943470273602088e-09
5.061645424575545e-06
2.501340290450571e-08
8.924200045612452e-08
1.401854547111725e-06
6.450068667618325e-06
5.3244171738242585e-08
2.0008110368507914e-07
1.339769539754343e-07
8.867065162121435e-07
1.919195824484632e-08
5.4560048738494515e-05
7.18718382586303e-08
9.040916665981058e-06
1.9760961755821427e-09
9.043504542205483e-05
3.413912708083444e-08
2.9801138225593604e-05
3.507651769041331e-08
1.995268030441366e-05
3.615353853092529e-05
6.274999759625643e-05
2.59897658949626e-09
3.6675694445875706e-06
1.3920216090923532e-09
7.773455763526727e-06
2.552918232368029e-08
6.129034318291815e-06
3.484163073608215e-07
1.4691982869408093e-05
2.763450481779728e-07
2.8614294933504425e-05
2.251633759442484e-07
4.035602614749223e-06
1.2062396415046805e-08
3.0402075026358943e-06
1.7826451426117274e-07
9.002304068417288e-06
2.6514376827435626e-07
1.5075283954502083e-05
2.3078111155427905e-07
6.450212822528556e-06
4.356564318186429e-07
1.4346686612043413e-06
3.277899054410227e-07
7.165061219893687e-07
4.6295764377646265e-07
1.0603544069454074e-05
1.0439778819204548e-08
9.162772585113999e-06
9.022156518767588e-06
1.0786903658299707e-05
1.750279743362171e-08
2.1773736079921946e-05
4.623299503236922e-07
1.5813493519090116e-06
6.4999827742440175e-09
2.213427796959877e-05
1.866625964908053e-08
2.8275768272578716e-05
6.323207912828366e-08
1.1641825949482154e-05
1.2900807178084506e-07
1.825636536523234e-05
1.008953631753684e-07
5.660944225382991e-06
1.6543420855441582e-08
1.1449562407506164e-05
1.955472725967411e-07
6.774663233954925e-06
1.968799878682148e-08
4.474135494092479e-06
4.144238374692577e-08
2.3899447114672512e-05
2.2993330617282481e-07
8.162703124980908e-06
7.047643180158047e-08
1.8324317352380604e-07
1.630791075513116e-06
6.032189048710279e-06
1.402669931849232e-05
1.8908336642198265e-05
1.5155680557654705e-05
1.0163151955566718e-06
8.510872895328703e-09
1.0858168479899177e-06
1.8701047377334135e-09
3.0991573112260085e-06
5.681980042027135e-08
4.482692020246759e-06
1.964446205704462e-08
6.381170351232868e-06
9.768061914883219e-08
8.940631232690066e-06
3.018958594225296e-08
1.3049983635937679e-06
1.5004861353418164e-08
6.6432353378331754e-06
3.4926092573606127e-10
1.3408608765530516e-06
9.289294666814385e-09
2.387984068263904e-06
1.9183225674623827e-07
2.9667664421140216e-05
1.1131286115073635e-08
1.2151930377513054e-06
1.9753499145735987e-05
1.1944661309826188e-05
5.704262093786383e-07
3.097595617873594e-05
3.371143520780606e-06
2.325070454389788e-06
9.425468761037337e-08
0.00010826153447851539
7.8732107056112e-08
0.00014337613538373262
2.63806214206852e-07
2.1790026949020103e-05
0.0010743476450443268
6.626938102272106e-06
8.23745722300373e-06
5.833828618051484e-05
3.35031167253419e-08
6.365363788063405e-06
1.2369401929390733e-06
1.7907907022163272e-05
9.37603363126982e-06
2.5286462914664298e-05
1.044411760631192e-06
1.033914668369107e-05
5.420243098797073e-08
0.00010961475345538929
1.9622282820819237e-07
1.924130174302263e-06
5.134114910987364e-09
2.650561441441823e-07
4.2073088479810394e-07
6.047645001672208e-06
4.2203112116112607e-07
5.226859684626106e-06
6.266218655071043e-09
2.146429778804304e-06
7.3213577422848175e-09
3.0007936402398627e-06
2.4201494142062074e-08
3.36650282406481e-06
1.1852741010898171e-08
8.525547627868946e-07
2.7109331313113216e-07
3.314290324851754e-06
5.59067939320812e-06
3.318875769764418e-07
5.419795797934057e-06
3.780715360335307e-06
5.894493337876838e-09
3.0818141567579005e-06
3.0817691367701627e-06
1.2583277753108746e-09
4.026470890039491e-08
8.873860792846244e-07
1.4063475384240576e-10
1.2432735729817068e-08
7.675449609223506e-08
1.101294611061121e-09
3.403046378025465e-07
1.2224788292769517e-08
1.2514500546956242e-08
5.686871862309317e-09
6.5855796371749875e-09
7.2330166744905e-08
9.307312254236422e-09
3.031630342320568e-07
4.425791928497347e-07
3.1407301204211535e-09
2.0553958535174388e-08
1.7114215822289225e-08
1.876861688288045e-08
7.805403612337614e-08
1.4818036220276554e-07
4.6028763023286956e-08
5.532658775564414e-08
4.221115901259509e-08
1.0508111714102597e-08
2.822476652397654e-08
2.0430313441011094e-07
3.723320318727019e-08
1.7371327487580857e-08
2.7127699198103983e-08
1.6389661183779936e-08
3.0909419024283125e-07
1.1166196856038368e-07
9.555790825288568e-09
1.212208360357181e-07
3.5230303296884813e-07
2.538070376090218e-08
1.4793629077303194e-07
7.418292113925418e-08
3.2498082447318666e-08
1.4973061679413036e-09
4.895257461612346e-07
2.5184393459554144e-10
2.025812939621119e-08
4.384470386753492e-08
8.085494773713009e-11
2.2855635961605003e-06
5.6855530061739046e-08
2.223393735789614e-08
2.2946632327602856e-07
4.718708623840939e-08
5.283282700219161e-09
1.367255197948225e-08
2.4014201471800334e-07
1.0234656855345747e-07
2.641702110395272e-07
9.717005866605177e-08
6.208862757262068e-09
1.608274047271152e-08
2.8642060101446987e-07
2.2679726896512875e-07
1.3345563765199131e-08
5.33964827909017e-09
1.3077493576929555e-07
3.0506399184559996e-08
0.0008274896536022425
2.8082844494292658e-08
0.0091286925598979
1.9642752704385202e-06
0.002315475372597575
7.3634632826724555e-06
0.0016790491063147783
4.5111286794963235e-07
3.818738696281798e-05
1.2583836195290132e-08
0.0013159187510609627
1.3737538893110468e-06
7.406093936879188e-05
3.890776056891809e-08
0.00033402201370336115
5.2503384750934856e-08
0.009879196994006634
2.979018631776853e-07
6.506135105155408e-05
5.649855339129317e-08
0.0036051846109330654
6.4427169377268e-08
0.0013474579900503159
4.475409696169663e-07
0.003982865251600742
1.3880124924980919e-06
0.0006761784316040576
3.2610552036516083e-09
0.0008745222585275769
3.106602264324465e-07
0.00014740395999979228
8.060777823004628e-09
0.000667860615067184
1.9968224762578757e-07
0.00019280727428849787
2.3527095436293166e-06
1.5349331761171925e-06
2.3256282588590693e-07
0.00013837630103807896
6.580751499285498e-09
0.02464769221842289
1.5225806393459607e-08
0.0005267824162729084
4.509719886414132e-08
0.002541176276281476
3.4794069847521314e-08
0.0014578760601580143
1.3510781400327687e-06
4.21366494265385e-05
4.1641520454049896e-08
8.111896750051528e-05
1.0193573984906834e-07
0.0019334228709340096
1.3604542381528972e-08
0.0004333257966209203
1.2285960337976576e-07
0.0006280130473896861
2.9147757540926023e-09
0.0011492210905998945
1.4634111948907957e-06
7.821390681783669e-06
1.930601911226404e-06
4.349600235542539e-09
1.8669160661843875e-10
1.4214530663636538e-09
1.3464728887413457e-08
4.5087645617059025e-08
2.137067767193912e-08
7.194125295484355e-10
2.6982438612321857e-06
3.062513769691577e-06
1.5881681747487164e-07
7.434204718492765e-08
3.5141429322038675e-08
2.9097332543415177e-08
1.1416444678502558e-08
6.217359960203339e-09
3.074101186939515e-07
5.149122372927195e-08
5.217700049797713e-09
7.854611112634302e-07
5.019518312110449e-07
1.6039687125157798e-06
1.2584762316691922e-06
1.769838888776576e-07
1.7122445683526166e-07
3.524792191456072e-07
1.3837870938004926e-07
4.546415688366778e-09
7.616148423039704e-08
3.754216493234708e-08
1.2584601449816546e-07
7.136104329674708e-08
1.5803745867515318e-08
1.8881686969507427e-07
1.06456965909274e-07
2.8753834158123937e-07
1.3764787532011269e-08
5.275197736409609e-07
1.318645548309405e-08
1.4051116181690304e-07
7.17182970788599e-08
1.31209475284777e-07
4.5701708017986675e-07
3.1376294895579804e-09
7.326681839003868e-08
8.430090758793085e-08
8.887092803888663e-07
4.7235769073949996e-08
2.3735216458931063e-08
3.3067674820586035e-08
2.032526857931316e-08
1.483113454270324e-08
1.952317951747773e-08
1.5441136369531705e-08
6.908619809564698e-08
3.822396177355358e-09
1.6097597921316265e-08
2.0785346350749023e-06
3.628528872923198e-07
3.6886549992232176e-07
1.6940763458705987e-08
5.616013254439167e-07
5.183636631045374e-08
5.343421207726351e-07
2.1856054388535995e-07
7.083285424869246e-08
3.846120577577494e-08
1.453921288918636e-10
2.5832633809841354e-08
7.903994969638006e-07
8.199733336766712e-09
8.282446515295305e-07
3.123869873888907e-07
2.4605786297371424e-09
3.5264548614577507e-08
7.49966318380757e-07
3.624249416134262e-07
2.7023196480513434e-07
6.757369988008577e-07
5.823328592668986e-07
4.53954527301903e-08
6.841879803687334e-05
1.6332625918380472e-08
0.00010666427260730416
3.6445314322008926e-07
2.9391356292762794e-05
3.736077403004856e-08
0.00013782596215605736
6.198347932695469e-07
3.4679505915846676e-05
1.0882563827863123e-07
7.426271622534841e-05
4.211014186239481e-07
0.0001219802798004821
2.3255727228388423e-06
6.504324119305238e-05
9.376394771720697e-09
8.820616494631395e-05
6.578443390026223e-08
2.1800437934871297e-06
3.36847278958885e-08
7.910352724138647e-05
6.555814735520471e-08
7.440874469466507e-05
5.824495108441852e-09
1.2786463230440859e-05
1.5403412589876098e-07
0.00030712998704984784
1.849760877803419e-08
0.00020150234922766685
7.568356750198291e-07
0.00017102733545470983
7.391274436940876e-08
0.0002345317043364048
6.890556125682679e-09
3.296699287602678e-05
2.2194011251031043e-07
0.0001263656304217875
2.760462223250215e-07
8.73694007168524e-05
9.955896551616661e-09
3.7920741306152195e-05
1.0378705894709128e-08
4.513802196015604e-05
1.1387719212052616e-08
5.066911853646161e-06
1.51157803429669e-06
3.064078191528097e-05
6.843807227596699e-07
2.7818517992272973e-05
2.7303831302560866e-06
0.00024782391847111285
1.2011776107101468e-06
3.9256014133570716e-05
6.288343001870089e-07
7.0067339947854634e-06
1.7636587301694817e-08
8.044626156333834e-05
8.805036486592144e-07
5.642299583996646e-05
3.0009084639459616e-07
0.0001029428603942506
4.9545523239658e-09
1.2909006272820989e-06
1.2250465886154416e-07
8.581903239246458e-05
1.3684049804396636e-07
2.7520973162609152e-05
3.388828773154273e-08
6.789267354179174e-05
1.4800667713643634e-07
0.00020303568453527987
8.004600715594279e-08
7.185667345765978e-05
2.1886107148816336e-08
4.919546699966304e-05
4.758850202790654e-09
8.059956599026918e-05
1.5090729776900957e-09
0.00029107462614774704
4.6661558172900186e-08
0.00012076461280230433
7.90197589140007e-07
3.0853752832626924e-05
8.174397825300161e-10
1.627555093364208e-06
4.6727700464543886e-07
5.799495193059556e-05
1.4121307003733818e-06
4.5678163587581366e-05
3.485612687370576e-09
1.465251669996448e-10
2.2541124522490463e-08
4.4859598674618084e-11
8.989606392617588e-09
5.718779963470588e-11
5.1670787648561145e-09
4.427154642883124e-09
7.8743820353111e-09
5.377091838454362e-08
1.7516386208171753e-07
1.1638029207006184e-08
3.821364202849509e-08
1.2479471678261689e-08
1.8078685215527912e-08
3.2368532298931996e-09
8.610048674029258e-09
9.763748837210429e-11
5.605431119271032e-10
1.3777263774272797e-09
3.148678615616518e-07
9.432662295694172e-08
5.372698907990525e-08
6.453750422963367e-09
1.8454947792179155e-07
1.5051213053673962e-10
1.2885808864382398e-08
2.187667647035596e-08
2.8615280811550292e-08
1.6997568630383597e-10
1.3474944493552243e-09
4.1005958451023616e-07
1.4859882213613673e-08
2.4375251816977084e-10
3.918532343050174e-07
4.537833442341821e-10
1.6038361749792784e-08
6.022750353995576e-11
2.5086392962947457e-09
4.841046452597197e-10
5.045286002314242e-07
5.402542857524395e-10
6.345995284817718e-09
1.1514525999345437e-09
1.5161509825389885e-09
2.70932054569073e-10
3.1020547908156004e-08
1.1845447955849409e-09
7.953644853841979e-09
2.474444649180896e-09
1.4043716412004414e-08
2.617301486651513e-09
1.8900580656122656e-08
7.357160436427534e-10
1.7338892988050247e-08
1.1015997836150149e-10
1.5441409928484973e-08
2.6789239271352017e-08
7.195875184606848e-08
2.1237520630990048e-09
2.2105939301297894e-09
7.493833109606385e-09
7.836751692025246e-09
2.270907240031761e-09
1.4726441399659507e-08
3.123519887182624e-09
4.4563726930846315e-08
1.3452309133299423e-07
6.178340061779863e-09
7.545351565774183e-10
1.7424371279162187e-08
4.368439832092008e-08
3.627549816087594e-08
6.99491242706074e-10
1.0207804024275902e-07
1.9544982521324528e-08
5.868801972175319e-11
2.9644682264517996e-09
2.9786208222137844e-11
6.299796240227806e-08
1.0003240902278776e-08
4.629822214496926e-08
8.903281667471674e-09
3.76896069909094e-09
3.925442193519757e-10
1.0502243519283638e-09
3.3007763189374373e-10
8.38766425204085e-08
2.671168619627906e-09
7.82586795367024e-08
2.934960718903312e-07
6.130411520643975e-07
1.8923276456916938e-07
3.514822433103859e-09
1.1035565794514923e-09
2.4549365318371486e-10
4.860572014320219e-11
2.689712808034983e-08
3.1833864433394865e-09
3.029437589674444e-09
8.427366582353102e-10
2.546355903909614e-10
1.8306504756537834e-08
4.02863150839039e-07
1.1800442401010969e-08
9.155932012561152e-09
1.1095125955762342e-06
1.0545668338579617e-08
8.458300726488233e-09
4.102233219782647e-08
1.4152198302141983e-09
1.1730855176139698e-09
2.4992205638341147e-08
8.500521175847098e-09
3.626317095495324e-07
1.0639128333878034e-07
8.17379586237621e-09
6.06366015176718e-08
7.78732527351167e-08
1.7025982013141316e-10
6.17438100647405e-10
3.3703251745009766e-08
5.634352540084819e-09
6.592194568000309e-10
1.5629965377517152e-10
3.128223236004146e-09
6.8291843291490295e-09
2.5245340040669362e-08
6.307619315748525e-09
7.653004896468474e-10
1.2182559405715665e-09
6.107882910555418e-08
2.7713031869325278e-08
1.7531120999336736e-09
3.6268912317893864e-09
3.1210344531018563e-08
2.2498300111806202e-08
1.504731272916615e-07
1.2410942495932886e-08
1.5839171640941174e-10
3.3369428747986873e-11
2.109182162257639e-08
2.010280386599561e-09
1.612004862927563e-09
2.179726843465346e-09
1.6109608225178818e-07
5.3826944679258304e-08
1.907235514408967e-06
2.372814655871025e-08
5.086295473688551e-08
1.1862774762505524e-08
4.0249170751849306e-07
7.859280799493717e-07
3.4658289678191068e-06
6.608845524169737e-07
7.514114258810878e-06
3.4960419270646526e-07
7.891334234955139e-07
4.390458627767657e-07
1.549844819237478e-05
7.031181894490146e-07
5.772420763605624e-07
7.709554665780161e-07
6.186223799886648e-08
6.180867018201752e-08
6.375261136781774e-07
9.608130824290129e-08
3.403995833650697e-06
2.624217954050323e-09
8.68248116603354e-06
7.042804668344615e-07
7.687744982831646e-06
2.821970879196556e-09
3.878114512190223e-06
5.489448540174635e-07
1.851396547181139e-07
2.0661994781789872e-08
1.3440845577861182e-05
5.549374009206076e-07
8.69616769705317e-08
6.869055368952104e-07
1.1074552475065502e-07
1.6722815132652613e-08
8.258228626800701e-05
8.317892508102886e-08
4.354393240646459e-06
2.616636152197316e-07
7.683057674512384e-07
4.323487416968419e-07
3.958126399083994e-05
6.695708520965127e-08
1.3434259926725645e-05
8.879537745087873e-06
6.722310354234651e-05
9.674435830220318e-08
2.551161014707759e-05
1.4824956906522857e-07
0.00013423035852611065
5.947964382357895e-06
5.7244192248617765e-06
4.717686579169822e-07
4.249370704201283e-06
1.6990954065931874e-07
4.374608124635415e-07
1.7271812424723976e-08
6.1836709086549035e-09
3.2963658469498114e-08
2.4560301881138002e-06
1.2466210819184198e-06
3.5806319829134736e-06
9.623756014320861e-09
7.012607056822162e-06
4.9395271872754165e-08
0.0009223070810548961
1.6153755666437064e-08
0.0002453683118801564
4.6861394764619035e-09
1.1138691036194359e-07
3.698438222343725e-09
0.0002813391911331564
1.4614137455737364e-07
7.430197729263455e-05
1.268483487137928e-07
0.0007580677629448473
1.2599713272720692e-07
0.00032695409026928246
4.094397354492685e-08
8.383693057112396e-06
4.9749804276189025e-08
0.00016354565741494298
1.6232786947512068e-05
0.0006188950501382351
4.19316023680949e-07
0.0005167864728718996
7.820218250742528e-09
7.111395461834036e-06
1.1947402356327075e-07
0.00015234993770718575
1.8636855614317938e-08
7.894515874795616e-05
6.6273413423800775e-09
0.0005521698622033
5.969471885691746e-07
9.931650856742635e-05
1.8509441090941436e-08
6.10805582255125e-05
1.0448988518874103e-07
2.916824996646028e-05
3.1025111368876424e-09
0.0016499271150678396
4.543288856240224e-09
1.4141154679236934e-05
9.253282939880592e-08
0.0001591991021996364
6.476233238572604e-07
2.6741718102130108e-05
9.271734597859904e-06
0.00016424729255959392
4.2907704056460716e-08
0.00024415814550593495
4.730539160391345e-08
0.0005912163178436458
1.2012931760452261e-09
0.00033240055199712515
9.843986070734445e-09
0.0005243069608695805
2.4523583164182128e-08
4.2834803025471047e-05
4.8902276006401735e-08
0.000987224280834198
5.939127856180448e-09
0.0010852937120944262
1.597648520146322e-07
4.003747017122805e-05
3.763100497877758e-09
6.604585360037163e-05
7.940958113294982e-08
0.0001138106599682942
3.678040982890707e-08
4.4581697693502065e-06
1.1629193163997797e-09
0.00020395792671479285
4.346817128464409e-09
4.546677155303769e-05
1.9474943879771445e-09
1.4174930583976675e-05
4.307056258312514e-07
0.0002737522008828819
1.55718183236786e-07
0.00018100823217537254
2.841246349305493e-08
2.0921588657074608e-05
4.612962129613152e-06
5.570958364842227e-06
2.0904972188873217e-06
0.0002396800264250487
3.520986169291973e-08
0.00014312242274172604
1.800681204144894e-08
0.0001803731283871457
1.3903759281674866e-06
0.00020544673316180706
1.1825807000320765e-09
2.0573592962591647e-07
8.369435278154924e-08
1.2318002973188413e-07
6.535277918828797e-08
5.616013254439167e-07
3.3860567327792523e-07
2.2005984590123262e-07
1.0498839486672296e-07
1.7138830799012794e-07
2.0919932808283193e-07
7.503405186071177e-08
6.713063438468225e-10
1.5586108403908838e-08
2.553954603357056e-09
5.672835072800808e-07
3.195101960784541e-09
6.541017505412583e-09
1.039789498946675e-08
7.431845006067306e-08
8.595279155088065e-08
2.3872344101505405e-09
2.8340541025073662e-09
3.324313695429737e-07
1.3567131418312783e-07
1.6933638491423153e-08
6.378988448574319e-10
2.0085130003621998e-08
3.570825635179631e-09
2.174543567434739e-08
3.5713622281718926e-08
1.3364008566441044e-07
4.0712944837650866e-07
1.258079240784582e-08
1.1520288722977057e-07
5.980228365842777e-07
2.9115884814245874e-08
1.781461556049635e-08
3.8617526953999e-09
4.158061006620528e-09
2.3777023017146348e-08
5.128351290295541e-07
3.4626128808668e-07
2.925904141193314e-08
9.56384216266315e-09
3.077369115089823e-07
3.825471850404938e-08
8.851620805216953e-07
1.265595983568346e-07
5.867394348157973e-10
5.1873705331217934e-09
3.524792191456072e-07
1.7357604065182386e-07
2.963229128738476e-08
6.01184808601829e-08
5.5558366796049086e-09
1.8417310343465942e-08
8.970302189936774e-08
7.08393486092973e-08
5.362427600630326e-06
3.552579437382519e-05
1.1502550734121542e-07
3.725846653424014e-08
4.4352280070825145e-08
1.767129020890934e-08
1.5049459989313618e-07
6.793637208346581e-09
4.5632287992702913e-07
6.085229387053914e-08
2.291370426732442e-09
2.606743265687328e-09
7.499236858166114e-07
1.4029359896028382e-08
2.0573592962591647e-07
8.369435278154924e-08
1.4214530663636538e-09
1.3464728887413457e-08
1.7138830799012794e-07
4.015297250248295e-08
2.2005984590123262e-07
3.0839356668366236e-07
1.7719478107025566e-09
1.0779518788694986e-06
8.325843481316042e-08
3.086112485561898e-07
1.6265225895040203e-06
3.0707838050147984e-06
3.39669810500709e-07
2.0381463627927587e-08
5.672835072800808e-07
3.195101960784541e-09
1.7385023198812632e-08
1.8057834338947032e-08
7.431845006067306e-08
3.226982414616941e-08
2.3872344101505405e-09
2.8340541025073662e-09
1.8281415492538144e-08
1.6558374227315653e-08
2.0428156943808062e-09
7.482221953125645e-09
1.2323187803531255e-08
1.6050759086283506e-06
7.503405186071177e-08
3.75965925059063e-08
1.6933638491423153e-08
4.7031165628652616e-09
1.2034377050440526e-07
4.1861824229272315e-08
4.397838537784082e-08
5.4844889518790296e-08
2.2221238182851266e-08
2.0609266471183219e-07
6.217359960203339e-09
3.074101186939515e-07
8.970302189936774e-08
1.1893077953573084e-06
5.128351290295541e-07
2.2467139260129443e-08
1.283877821833812e-07
9.300687509039562e-08
5.213214038235492e-08
1.7572915567143355e-07
1.6709385590729653e-06
7.127025725139902e-08
6.090779436362936e-08
1.6920984080570634e-07
1.752296441281942e-08
3.050303831741985e-08
3.527300123096211e-07
5.662393665062382e-09
1.2269973694856162e-06
3.7505807881643705e-07
6.161886290101393e-07
3.807383563980693e-06
1.6882805198292772e-07
7.77536470764062e-08
1.39330255666259e-10
8.653121312818257e-07
2.0085130003621998e-08
8.9338909603498e-09
4.4867508108836773e-07
4.815325027607287e-09
1.6686794168663255e-08
7.185584127711309e-09
3.8332540697183504e-08
2.657899358382565e-06
1.1106850195119478e-07
2.7068722374679055e-06
3.939122805718398e-08
5.4799693671725436e-09
3.822959229182743e-07
4.0053276251228453e-08
5.2911644843334216e-08
4.3174921415811696e-08
5.321033924587937e-08
1.2577864971774488e-08
8.848007659878476e-09
3.106602264324465e-07
2.1488128254532057e-07
1.4951945104257902e-07
1.1304383207288993e-08
1.5509384638789925e-06
1.4331757824948e-07
3.2607767934678122e-06
2.122173325957988e-09
2.687844244064763e-06
7.060485529564176e-08
6.714030575949437e-08
1.6134450220306462e-08
1.2671914362272219e-07
1.2947003824592684e-06
8.662703976369812e-07
9.146670976178939e-09
6.6113129832956474e-06
2.778486702936789e-07
6.996425128136252e-08
6.580336719963498e-09
9.371323540108278e-05
5.498739028553246e-07
1.1290130608188065e-08
7.852171961530985e-07
8.704766685241339e-09
6.172677924354275e-09
4.449141144391433e-08
4.3499152724280066e-08
1.8795203615695755e-08
6.918764228203145e-08
3.02439502775087e-07
8.064298384624635e-08
3.744851184706022e-08
7.628201501574949e-07
5.474162776408775e-07
1.578708179295063e-06
1.4238555889889426e-09
5.58100566649955e-07
1.1256823739813626e-07
1.0724455705712899e-06
2.5458602337380398e-08
3.603885190273104e-08
2.959589551210229e-07
1.444960048502253e-06
7.052887553982146e-07
6.513582917477834e-08
1.9410735241365273e-09
8.113596550174407e-08
3.3490238138256245e-08
1.2483941702612356e-07
9.481413343337408e-08
1.2737412191654585e-07
2.1815285133897078e-09
3.9437477283854605e-08
1.1471253856143449e-05
9.210221918465322e-09
4.937444373354083e-07
6.875859437371901e-09
5.906717319703603e-07
6.067401159270958e-08
7.81351872092273e-08
9.661714273079269e-08
4.574542078472632e-09
2.2820888290198127e-08
1.039016837012241e-07
7.657870781940801e-09
2.2918010245120968e-07
3.989812213944788e-08
1.1875316886289511e-05
7.387079392628948e-08
7.978373162131902e-08
2.582488036750874e-07
8.402371065585612e-08
1.3672681653531527e-08
1.2822672701418014e-08
3.991393171531854e-08
5.859169149857735e-08
2.1270700756303995e-07
8.382203375845165e-09
6.272813379837316e-08
2.2892329809565126e-08
2.0865213912202307e-07
1.6868592922492098e-07
3.456781882960058e-08
3.4154282957388205e-07
5.669516767170535e-08
7.316011618740959e-08
2.5820071414273116e-07
1.8972717441556597e-07
4.008442431313597e-07
4.026470890039491e-08
9.678124479250982e-05
8.254429849330336e-05
5.416007843450643e-05
5.168628263163555e-07
6.811143248341978e-05
8.219624447747265e-08
0.0001890587154775858
5.264184324005328e-07
0.00022875607828609645
1.907292102032443e-07
0.00040568472468294203
5.592758952843724e-06
1.9090564819634892e-05
3.6460839680785284e-08
7.68457425692759e-07
5.296773508689512e-08
2.2630589228356257e-05
6.240580319172295e-08
0.00024192981072701514
7.202336291811662e-06
0.0001502212107880041
9.621698154660407e-06
0.00020057140500284731
1.4822021832117116e-08
2.298299477843102e-05
9.595084975444479e-07
0.00014749847468920052
1.8396681511489987e-08
0.0001581472606630996
9.464085337640427e-08
4.667648681788705e-05
5.871193664575003e-08
0.0001656223030295223
3.774233618969447e-07
0.00018821550474967808
2.64427519880428e-08
3.5043528896494536e-06
2.764424777979002e-07
3.9921587813296355e-08
2.0930369828420226e-06
6.633738848904613e-06
1.2886187050753506e-07
0.00036190339596942067
3.707575160660781e-05
4.973171598976478e-05
4.644937871489674e-05
2.687867663553334e-06
2.328126136319497e-08
0.00013705540914088488
8.164337117477771e-08
0.0002692918060347438
2.5956098397728056e-05
1.3623990525957197e-05
7.249653322105587e-08
1.7414138710591942e-05
1.2572110108521883e-07
0.00015463288582395762
8.96149686013814e-06
4.975528645445593e-05
1.0636253477969149e-07
1.0309724629564698e-08
6.209769765064266e-08
9.038463417709863e-07
1.118214413509122e-06
5.436954353399415e-08
2.2149703227114514e-07
1.1163217550347326e-07
1.712803907594207e-07
2.0943696199537953e-07
2.000583481276408e-05
2.2841810221052583e-08
1.7851439437777117e-08
2.8590813272444393e-08
5.8719912487958936e-08
5.98058802481205e-09
8.737516310475257e-08
3.119528741990507e-07
7.099684751210589e-08
4.550021159843709e-08
3.6408323467185255e-07
5.7661566188471625e-08
2.339788380822938e-07
7.37862308142212e-07
6.348615499973675e-08
4.996567781745398e-08
1.2137689076041625e-08
7.080233643819156e-08
7.599410167813403e-08
9.710497295145615e-08
9.284480029236875e-08
5.316024953572196e-07
2.987266327636462e-07
3.284702998485045e-08
4.4451823555391456e-07
4.0664147604729806e-08
3.5836336564898374e-07
5.986691462567251e-07
1.354119572027912e-08
7.964918324887549e-08
2.3521096181866596e-08
5.3406747468898175e-08
1.842303873900164e-07
1.7446888378458425e-08
5.6790337765733057e-08
6.221941362127836e-08
9.84108510238002e-08
3.561149242159445e-07
2.2815920601715334e-06
1.9314498889144716e-09
8.112775340407552e-09
0.0023592831566929817
1.9015706698155554e-07
3.339431350468658e-05
1.7111306149786287e-08
9.758297528605908e-05
6.880153335941941e-08
0.0008439912926405668
2.9206357794464566e-05
1.260644512512954e-05
2.310659965587547e-06
0.00010415096039650962
5.000117653253255e-07
7.328384299398749e-08
3.744121812587764e-08
0.001074949512258172
2.4581663637945894e-07
0.00013569204020313919
1.1876639405272726e-07
3.790733899222687e-05
3.7210065784165636e-06
3.2365985447313506e-08
0.00020111982303205878
7.782977263559587e-06
4.236990847061861e-08
0.0002093154180329293
5.408617198554566e-08
1.133749719883781e-05
1.898626145191429e-09
9.917653187585529e-07
8.929822570280521e-08
0.00022239284589886665
2.298045842508145e-08
1.3392074833973311e-05
1.1755641082800139e-07
0.0002704983635339886
1.4999443465057993e-07
8.446799620287493e-05
2.8123849915573373e-08
3.917476533388253e-06
4.044881904974318e-07
0.00026102480478584766
2.1044029097083694e-07
0.0006877537234686315
7.542762148204929e-08
7.674000102042555e-08
2.037646424923878e-07
0.00013503064110409468
1.1533365373850302e-08
9.430552381672896e-06
6.732510371421085e-08
3.252543137932662e-06
7.249653322105587e-08
4.6180662138795014e-07
4.6337390813278034e-07
8.363734309568827e-07
7.316011618740959e-08
7.087843982844788e-07
2.310491709067719e-08
0.0005473855417221785
1.770726072436446e-07
3.4959941785928095e-07
2.6467898806004087e-07
4.1761846659937873e-05
5.2548646323202775e-08
1.2938943427798222e-07
3.873581704283424e-07
4.3457752326503396e-05
4.0977717219448095e-08
5.1865647776594415e-08
3.080814536815524e-08
7.867663953220472e-05
3.289563110797644e-08
6.88750212418654e-09
6.2922572396928445e-06
2.838753607647959e-05
9.058743444256834e-08
6.901891902089119e-05
3.015133813732973e-07
9.917187526298221e-06
2.0164222291896294e-08
3.1088071409612894e-05
8.939348816738857e-08
3.943639967474155e-05
5.289813476139216e-09
4.089013236807659e-05
1.101166660077979e-07
6.279175431700423e-05
1.8097949578077532e-05
5.509455149876885e-05
1.0798585492466373e-07
4.691242429544218e-05
7.21432940054001e-08
4.4005497329635546e-05
8.543591320631094e-06
0.0001978344371309504
7.825114445303427e-10
0.0002786839322652668
3.5358677763497326e-08
6.416570613509975e-06
6.600592428185337e-08
8.345428454958892e-07
9.406887329532765e-06
1.0384473171143327e-05
2.962206053780392e-06
4.9397694965591654e-05
3.065940973101533e-06
0.00011867338616866618
4.200279590804712e-08
1.874316149041988e-05
7.234985588411291e-08
0.00017237631254829466
1.0437921815764639e-07
5.927730308030732e-05
3.286854166617559e-07
0.000132883942569606
1.2366881740888402e-08
2.0109728211537004e-05
2.214551102497353e-07
0.0003102306218352169
1.5706994815900543e-07
0.000417050818214193
4.404769882171422e-08
0.00019715259259101003
2.3131967452627578e-07
0.00018583280325401574
2.0253710886208864e-07
0.00011506664304761216
7.204739915778191e-08
8.660269668325782e-05
3.927588920760172e-08
0.00017635543190408498
2.6486574711270805e-08
1.5885131006143638e-06
4.860859235122916e-07
4.731262379209511e-05
1.793127637483849e-07
1.0417703379062004e-05
4.4620088601732277e-07
3.1204359629555256e-07
1.1915667528228369e-06
1.3050828783889301e-05
2.657876230216516e-08
1.850060925789876e-06
9.474438229517546e-06
2.1154002752155066e-05
2.561100700404495e-07
0.0003128880634903908
3.393660108486074e-08
1.4591395256502437e-06
3.021353052190534e-07
9.089418017538264e-05
2.7639231348075555e-07
7.505444955313578e-05
1.4906009937476483e-07
0.00011947115854127333
1.3579791513507189e-08
0.0001382376649416983
6.407709065570089e-07
9.977208537748083e-05
1.7836512711255637e-08
3.0384127967408858e-05
1.8535545677877963e-05
4.237286702846177e-06
1.838329097836322e-07
2.5942821594071575e-05
1.727426202080551e-08
3.952837869292125e-05
7.70946186889887e-08
0.0004505542165134102
2.6053871948761298e-08
2.8495080186985433e-05
5.652779577758338e-07
0.0056203254498541355
1.9184881239198148e-08
0.005958704277873039
2.8627533765757107e-07
1.2532530035969103e-06
1.0606315825612e-09
6.380494710356288e-07
2.2710537450620905e-07
0.0010451514972373843
3.611920540436131e-09
3.0879268706485163e-06
4.150074062181375e-09
0.00014365240349434316
1.9832209829928615e-07
0.0005097452085465193
6.225152304750736e-08
7.396007276838645e-06
1.3536922779167071e-05
1.309157710238651e-06
1.7678650010566344e-06
1.5043195844555157e-06
1.5066124205986853e-06
0.0031841211020946503
6.997213830572946e-08
5.595400125457672e-06
5.144113856658805e-06
6.529106030939147e-05
3.4460967981431168e-06
3.75850561340485e-07
1.8247698463369488e-08
1.4004525837663095e-05
7.487543030038069e-08
4.831082947021059e-07
2.1062878108324412e-09
7.751247721898835e-06
2.4260105035978086e-08
0.0004579835804179311
6.65099975094563e-09
0.0006601010099984705
1.4076464438517178e-08
1.5219142369460315e-05
1.5376214079765305e-08
4.6149403942763456e-07
5.22616190323788e-08
2.5583549358998425e-06
7.746240953565575e-06
3.3539806736371247e-06
1.0294036734137535e-08
7.466352940355137e-07
5.6653508551107734e-08
2.6295072530047037e-05
1.5822953614019752e-08
4.009741587651661e-06
5.419914117510416e-08
7.14061002327071e-07
1.5210073343041586e-06
6.272322821132548e-07
1.8158350485464325e-06
1.827761593631294e-06
3.090996472110419e-07
9.668745803992351e-09
5.104697553548476e-09
5.049135779700009e-06
2.6688475873726247e-09
8.226267709687818e-06
4.7594458010280505e-06
1.6492081158503424e-06
7.870723095493304e-08
2.8466824005590752e-05
1.4466989739503333e-07
1.050055473683642e-07
1.8120860545423056e-07
2.8378099159453996e-06
5.3212154682569235e-08
1.8482220411897288e-06
4.496477146176403e-08
5.643756594508886e-06
6.931975349289132e-07
2.980115141326678e-06
2.1380532899684113e-08
0.0004016221209894866
9.120093636738602e-06
3.3412123912057723e-07
1.8706563409409682e-08
2.733871724558412e-07
1.2318843118919176e-06
2.2276522031461354e-06
1.0877236036321847e-06
6.901696281147451e-08
7.4105446223882154e-09
7.400782919830817e-07
4.602149328292171e-09
3.646382538136095e-06
1.7786516082196613e-07
4.412848966239835e-07
6.502325788915186e-08
1.2828272133447172e-07
1.1319002624077257e-06
6.0673905863950495e-06
2.4146398658331236e-08
1.0930237976936041e-06
2.56330196179988e-07
7.42841677947581e-07
7.976188598490808e-09
1.304021907344577e-06
7.499671994537493e-08
2.0533814222289948e-06
6.962319787362503e-08
3.2554073641222203e-06
7.445254141202895e-06
8.596331099397503e-06
1.9174622423179244e-07
4.0002290916163474e-05
1.6412178283076173e-08
2.7631806460703956e-06
3.7466920730366837e-06
1.3982257769384887e-05
5.118880608279142e-07
2.1313844627002254e-05
9.373308785143308e-06
1.4708149137732107e-05
4.6933936914683727e-07
3.3509045351820532e-06
1.2261452297934738e-07
1.3822014807374217e-05
1.3750185701155715e-07
4.308057668822585e-06
7.69797736666078e-09
1.755638913891744e-05
4.660446847992716e-06
1.6159152437467128e-05
4.463923630737554e-08
5.190016509004636e-06
1.1937099086978264e-09
7.859913239371963e-06
1.7404772734153084e-06
8.344281354766281e-07
1.6779978295744513e-06
5.681405127688777e-06
4.568220447254134e-06
2.403567577857757e-06
3.070589684739389e-07
2.277706016684533e-06
6.070422955417598e-07
7.784172339597717e-06
4.650704568121e-07
2.2334083951136563e-06
6.000016583129764e-06
2.773844926196034e-06
2.7988702466785753e-09
5.475377520269831e-07
1.9310684251649946e-07
2.7290502657706384e-06
6.82503753068886e-07
6.0349193518050015e-06
6.942600884940475e-05
2.398967581029865e-06
2.798019522742834e-07
2.0200533867864578e-07
7.74037118844717e-08
6.641864274570253e-06
5.701734266949643e-07
2.726035006617167e-07
1.158728309746948e-06
6.636365469603334e-06
3.9588976541438115e-09
2.860081076505594e-05
1.5250484466378111e-06
5.968841287540272e-05
5.974529813101981e-07
2.086779204546474e-06
2.1531805032282136e-06
1.345610053249402e-05
1.53876609232384e-08
1.5569115703328862e-06
6.699467647308666e-09
3.158590698149055e-05
5.479221965032366e-09
1.001543478196254e-05
1.2049066633323946e-08
1.0278184163325932e-05
1.1868136473580648e-09
1.3374348782235757e-05
2.0134951483896657e-09
6.69810697218054e-06
3.5794690234070003e-07
7.48867614674964e-06
5.223111720908946e-09
1.7809948985814117e-05
3.162916982546449e-05
4.163568519288674e-06
8.533317668479867e-06
