0.04829547554254532
0.1405002325773239
0.0033363450784236193
0.007654800545424223
0.0017251932295039296
0.006737357005476952
0.057596590369939804
0.11173707246780396
0.004778088070452213
0.008566276170313358
0.004249648656696081
0.004239761270582676
0.3549233376979828
0.17688792943954468
0.005399822723120451
0.025061694905161858
0.0007512895972467959
0.005193304270505905
0.0299289021641016
0.024906892329454422
7.12898836354725e-05
4.2394498450448737e-05
7.737282430753112e-05
6.19684360572137e-05
0.030073340982198715
0.13889895379543304
0.09329570829868317
0.03159418702125549
0.0007298685959540308
0.0005499048857018352
0.002840186934918165
0.014887192286550999
0.03861180320382118
0.07907149195671082
0.0007127716089598835
0.0008321641944348812
0.0006214148015715182
0.0001247819745913148
0.002265752060338855
0.004142581019550562
0.00018858135445043445
0.0007482009823434055
0.0024432556238025427
0.011494003236293793
0.0001642632414586842
0.0005222443724051118
0.0032585125882178545
0.00714695593342185
0.0033004821743816137
0.006311492063105106
0.0005259026074782014
0.007375548593699932
3.979480607085861e-05
0.0003872294910252094
0.014503519982099533
0.011944619007408619
0.0005483446875587106
0.00047740829177200794
0.0001282340963371098
0.0002074942021863535
0.00027534589753486216
0.001684503280557692
0.004862878937274218
0.004493621177971363
0.0016194058116525412
0.0009809872135519981
0.04146679490804672
0.07116632163524628
0.008249523118138313
0.02382493019104004
0.0003245975822210312
3.298759111203253e-05
0.0011345671955496073
0.0031812628731131554
0.001105796778574586
0.009500066749751568
0.0030891182832419872
0.0022391672246158123
5.522004721569829e-05
8.11348290881142e-05
0.00275673670694232
0.011840767227113247
0.015047908760607243
0.007158623076975346
0.0008027824806049466
0.0018606947269290686
0.008050686679780483
0.0013192269252613187
