0.03561784699559212
0.06723340600728989
0.0005962568684481084
0.0008571526850573719
0.05071142315864563
0.08089446276426315
0.0002904107386711985
0.0006788131431676447
0.0997718945145607
0.07839908450841904
0.001292622648179531
0.0007584652630612254
0.28739669919013977
0.20634488761425018
0.0004241403366904706
0.00016741409490350634
0.022978948429226875
0.010865108110010624
0.010871750302612782
0.009457427076995373
0.13534459471702576
0.07617409527301788
7.293014641618356e-05
4.7056484618224204e-05
0.5341250896453857
0.554450511932373
4.379440360935405e-05
6.583872891496867e-05
0.310724675655365
0.3474126160144806
0.0006280724192038178
0.000449592771474272
0.19767041504383087
0.22775477170944214
0.0008503153803758323
0.001186047331430018
0.04244379699230194
0.07134141027927399
0.0006601799977943301
0.0011305415537208319
0.04636853188276291
0.03439708054065704
0.0002295295853400603
0.001542472280561924
0.003756439546123147
0.0017200264846906066
9.223895176546648e-05
9.35026619117707e-05
0.07887177914381027
0.034935083240270615
0.0009678899659775198
0.0011729118414223194
0.15672385692596436
0.03835754096508026
3.404375092941336e-05
6.91222376190126e-05
0.16182000935077667
0.08452384918928146
0.0002356150362174958
0.0008745485101826489
0.2998116612434387
0.1373041868209839
8.603134119766764e-06
5.6525062973378226e-05
0.061914537101984024
0.01635444350540638
1.691354896138364e-06
4.6495520109601784e-06
0.0306059829890728
0.015320847742259502
0.00015107350191101432
0.0001328537182416767
