0.06545766443014145
0.06428029388189316
0.02212883159518242
0.06025217846035957
0.0836128443479538
0.03159475326538086
0.0030180460307747126
0.015011336654424667
0.0007206780137494206
0.0022170902229845524
9.191510616801679e-05
0.007525001652538776
0.0019343523308634758
0.0028742034919559956
0.013538694009184837
0.057205840945243835
0.05445648729801178
0.09993385523557663
0.1672198325395584
0.06849788874387741
0.08055756986141205
0.007871545851230621
0.007847490720450878
0.03323614224791527
0.00011493385682115331
4.929800343234092e-05
6.7610148107633e-05
0.00015056930715218186
0.0011357980547472835
0.001691260957159102
0.0024591765832155943
0.0067840320989489555
0.0021937943529337645
0.0040514818392694
0.0036660460755228996
0.00349369365721941
0.11018843948841095
0.017720377072691917
0.001249533030204475
0.00946769118309021
0.008932090364396572
0.03734169900417328
0.0001590049359947443
0.003024890786036849
0.0056945872493088245
0.036605484783649445
0.0010936000617220998
0.008075151592493057
0.01439543254673481
0.02661288157105446
0.004569375887513161
0.00380167574621737
0.001923253876157105
0.005241225473582745
0.00139946851413697
0.0014711691765114665
0.027117351070046425
0.019171353429555893
0.0012305978452786803
0.0006519220769405365
0.007990667596459389
0.0024234873708337545
0.0004376612196210772
9.193359437631443e-05
