0.007416866719722748
1.6813766706036404e-05
0.0009312052861787379
0.00011234132398385555
0.018493713811039925
0.010880118235945702
0.07710716873407364
0.00727928476408124
7.397125591523945e-05
0.9209407567977905
0.001232073875144124
0.00010299988935003057
0.3639684021472931
0.00010296992695657536
0.065236397087574
0.0122494176030159
0.0006130055990070105
0.0004948091809637845
0.03373110294342041
0.0006179941119626164
0.0003384797601029277
0.2584286332130432
0.054640382528305054
0.013721049763262272
0.09816398471593857
0.0461542122066021
0.005013180430978537
0.0014072105986997485
0.0016774021787568927
0.008148835971951485
0.06624403595924377
0.018193621188402176
2.733496785367606e-06
0.00505613349378109
0.0026972719933837652
0.030068112537264824
0.00025946873938664794
3.2171665225178e-05
4.728028670797357e-06
0.013008574023842812
0.0003147200040984899
0.0008905869326554239
0.0011880111414939165
0.0014263381017372012
0.0016709784977138042
0.0014610674697905779
0.003014476504176855
0.0018616300076246262
1.8398196743873996e-07
1.0549231710399454e-08
2.3688150108114314e-08
0.033119987696409225
0.004060833714902401
7.812139665475115e-05
0.115213543176651
0.04411091282963753
0.0022475889418274164
0.00025292468490079045
0.00021025631576776505
0.0023266540374606848
0.28053614497184753
0.015349925495684147
0.08644331246614456
0.12235899269580841
0.10330551117658615
0.015382974408566952
0.07812923938035965
0.007051818072795868
0.020152505487203598
0.06172528117895126
0.0756097286939621
0.02862553298473358
1.2771608659534195e-08
3.076255694622887e-09
5.638417288622577e-09
0.005660532508045435
1.9775710825342685e-05
0.0018974998965859413
0.006797620560973883
2.0641906303353608e-05
1.496806180512067e-05
5.290928129397798e-06
0.0022881501354277134
2.4995857529575005e-05
0.0016164969420060515
0.010032028891146183
1.3456437955028377e-05
0.00046642994857393205
4.631281626643613e-06
1.0976381418004166e-05
0.0022527759429067373
0.002878334140405059
0.005565492436289787
0.0005660750903189182
0.00014510944311041385
7.933786946523469e-06
0.0046385666355490685
0.0006664100219495595
9.160822810372338e-05
0.05288158729672432
0.001504524378105998
3.0003056963323615e-05
