0.0096785519272089
0.02526549994945526
0.00010503392695682123
0.04521374776959419
0.0002579058345872909
0.01653226651251316
0.004323718603700399
0.0004955943441018462
0.008040642365813255
0.007237735670059919
1.99417227122467e-05
0.0027388010639697313
0.00042538903653621674
0.0005127524491399527
0.004997823853045702
0.00111372210085392
0.011037874035537243
0.0018711240263655782
0.02804466523230076
0.0049250125885009766
0.05260523036122322
0.0003113102284260094
0.000342674320563674
0.00029036562773399055
0.031232427805662155
0.0027362226974219084
5.364920070860535e-05
1.6209856994464644e-06
0.08502800017595291
2.5220804673153907e-05
0.13908928632736206
0.002130769658833742
0.004203191492706537
0.0007658586837351322
0.0019882081542164087
0.00575700867921114
0.12540490925312042
0.02589995600283146
0.019870109856128693
0.00938473455607891
0.0005537478718906641
0.030808178707957268
2.933967607532395e-06
0.00043884693877771497
0.0261125098913908
0.0032897181808948517
0.005479759071022272
0.0015364867867901921
0.0528169684112072
0.020674582570791245
0.01628735102713108
0.045288898050785065
0.0016045583179220557
0.0005648467922583222
0.024845562875270844
0.0012524484191089869
0.2054581493139267
0.05419900268316269
0.0030177391599863768
0.004604694899171591
0.0007831517141312361
0.05248896777629852
0.0001126862844103016
0.0005449642194435
0.03787492215633392
0.15849940478801727
0.08310786634683609
0.08793044835329056
0.011147087439894676
0.04717276245355606
0.07821175456047058
0.01775704137980938
0.02983442135155201
0.0014438405632972717
0.0010449038818478584
0.0010541329393163323
0.00012932847312185913
0.0004996056668460369
0.0034466299694031477
0.008915209211409092
0.008806220255792141
0.0007442303467541933
4.105628249817528e-06
0.1031624898314476
2.4612145352875814e-06
0.001122086076065898
0.4095142185688019
0.0039724018424749374
0.00460222689434886
0.04320225492119789
0.00830374751240015
0.052001774311065674
0.005455730948597193
0.000662996550090611
0.0035609325859695673
0.00016106179100461304
0.6268547177314758
0.0018745596753433347
0.026204226538538933
0.027007143944501877
0.18937163054943085
0.06643225252628326
0.00019964428793173283
0.0006521019386127591
0.26708850264549255
0.015566502697765827
0.44754087924957275
0.021743493154644966
0.0016229277243837714
0.07228407263755798
0.0012390186311677098
0.0001941616355907172
0.004039570223540068
0.01349159236997366
0.001216665841639042
0.003484733635559678
0.0003978879249189049
0.0036214592400938272
0.0009235629113391042
0.00016148379654623568
0.002670649904757738
7.43219061405398e-05
0.3238484859466553
0.001222114427946508
0.008687914349138737
2.16273815567547e-06
0.0008560335845686495
0.0021660064812749624
0.06302474439144135
0.0546276681125164
0.000892399693839252
6.339433184621157e-06
0.0007382986950688064
0.0003997986204922199
0.01045461930334568
0.08250971883535385
0.014987677335739136
0.00021973534603603184
0.015021220780909061
0.008517391048371792
0.015288143418729305
0.0006856209947727621
2.0236177078913897e-05
4.627120870281942e-05
5.34638320459635e-06
2.139993739547208e-06
0.021088292822241783
0.012059252709150314
0.001446128822863102
0.001351861865259707
0.05606568232178688
0.023489799350500107
0.14018884301185608
0.10632336139678955
0.000921795901376754
0.006068019196391106
0.0010858656605705619
0.00039657941670157015
0.11015589535236359
0.011328240856528282
0.039885491132736206
0.007853537797927856
0.0019908472895622253
0.012969688512384892
0.01114565134048462
3.867682607960887e-05
0.013739646412432194
0.0378267802298069
0.0001592121843714267
0.0006056556012481451
0.0051834541372954845
0.0018323668045923114
0.005211871583014727
0.05287633836269379
0.001262126723304391
0.021225696429610252
0.0005626770434901118
0.0007333038374781609
0.026532096788287163
0.007516009267419577
0.0004409189277794212
0.002939981874078512
0.0028398013673722744
0.003623673226684332
0.011173823848366737
0.035784609615802765
0.002179024275392294
0.027163950726389885
0.05147170275449753
0.0002691693080123514
0.005207241512835026
0.008147713728249073
0.0023200903087854385
0.00011948619794566184
0.028077205643057823
0.03635498136281967
2.132206100213807e-05
0.0004655309021472931
0.00022783227905165404
0.00033908741897903383
0.2235381305217743
0.023157304152846336
0.21950802206993103
0.8027902841567993
0.0010387864895164967
0.04991345480084419
0.3277290165424347
0.014996315352618694
0.04017914459109306
0.0011844984255731106
0.014738032594323158
0.7263422012329102
0.002293776022270322
0.016080519184470177
0.0026736902073025703
0.06716467440128326
0.3140581548213959
0.0008866683347150683
2.0037577996845357e-06
0.048546865582466125
0.009799480438232422
5.168536063138163e-06
0.002931971335783601
0.11942364275455475
0.0002714900765568018
2.298734943906311e-05
0.2807001769542694
0.19031138718128204
9.418156423635082e-07
1.963316435649176e-06
6.251392733247485e-06
4.0236984204966575e-05
0.0431603342294693
0.051230791956186295
0.008532741107046604
0.0005702797207050025
0.012461661361157894
0.0011924810241907835
0.00084812002023682
0.10397101938724518
0.0013695063535124063
0.00048656639410182834
0.00037601994699798524
0.001732525764964521
0.2109355926513672
0.20110450685024261
0.009237637743353844
1.5321523960665218e-06
0.0007974887848831713
0.0002299651241628453
0.02571556530892849
0.002403275342658162
0.013803431764245033
0.563036322593689
0.010846602730453014
0.0006342855049297214
8.300163244712166e-06
0.0013385978527367115
0.027433831244707108
0.019194336608052254
0.0003008649800904095
0.008623906411230564
0.25795242190361023
0.0011260120663791895
1.7181878320116084e-06
0.0627748966217041
0.007058743853121996
0.0019782520830631256
2.213019342889311e-06
0.013232382945716381
0.0008363683591596782
0.00012030441575916484
0.12356597930192947
9.351954213343561e-05
0.005515044089406729
0.09100237488746643
0.0003479589940980077
0.0844670832157135
0.00040914557757787406
0.0002507341268938035
0.18178190290927887
0.041995059698820114
2.320924431842286e-05
1.668313780101016e-05
0.0066365874372422695
0.046626556664705276
0.04777839779853821
6.4126843426493e-06
0.22196944057941437
0.057574447244405746
0.2834126055240631
0.36793503165245056
0.0016714278608560562
0.0020867239218205214
0.14971953630447388
0.00971477385610342
0.0004828931123483926
2.9056307084829314e-06
0.0007498629274778068
0.0011825819965451956
