0.0298308152705431
1.2788791536877397e-05
0.11547897756099701
0.000104557751910761
0.001379100140184164
9.91934120975202e-06
0.0026682978495955467
4.858826650888659e-05
0.004432504065334797
6.322246917989105e-06
0.0013694938970729709
4.441718556336127e-05
0.015760112553834915
4.640633960661944e-06
0.00419505825266242
1.7864572328107897e-06
0.004418003838509321
9.604326578482869e-08
0.00013554269389715046
8.469422755297273e-05
0.0011261311592534184
4.533779247140046e-06
0.001807231456041336
3.772202035179362e-05
0.0005833313916809857
2.4585158826084808e-05
0.00026691658422350883
2.855570892279502e-05
0.0017221759771928191
2.481641558915726e-07
0.0008612129022367299
0.0006458921125158668
0.00010099347127834335
0.0002838617656379938
0.26919814944267273
9.158050670521334e-05
0.12908494472503662
1.9831441022688523e-07
0.07911547273397446
6.868068339827005e-06
0.010070553980767727
0.0007443086360581219
0.11690866202116013
0.01775185763835907
0.010388035327196121
5.432777470559813e-05
0.00877594668418169
5.0756461860146374e-05
0.13596521317958832
9.613010661269072e-06
0.054250236600637436
3.749133611563593e-05
0.003963327035307884
1.882390643004328e-05
0.010928128845989704
0.0005798632046207786
0.07862864434719086
0.0012126070214435458
0.003472084878012538
1.9799686924670823e-05
0.12424348294734955
5.354274981073104e-05
0.003834893461316824
0.00030142057221382856
0.029540393501520157
0.0008682656334713101
0.007752344477921724
0.00017818868218455464
0.04569346830248833
1.2928986507176887e-05
0.1200229600071907
9.281129314331338e-05
0.11593331396579742
6.798220420023426e-05
0.05674593523144722
1.8921449736808427e-05
0.11718543618917465
1.55537072714651e-05
0.05115184187889099
0.0011423103278502822
0.27951276302337646
0.00036995255504734814
0.12943892180919647
4.4276068365434185e-05
0.0033390314783900976
0.0006191618740558624
0.0018230275018140674
0.00013189554738346487
0.0010298320557922125
2.703454447328113e-05
0.0012208117404952645
7.591015219077235e-06
0.0011429819278419018
0.00011683743650792167
0.005517629440873861
1.0485702659934759e-05
0.005008447449654341
7.682258728891611e-05
0.005086788907647133
0.0008268698584288359
0.004390400368720293
7.497612841689261e-06
0.0055157095193862915
8.34919137560064e-06
0.0013337659183889627
0.00014519522665068507
0.003681683447211981
0.00019589137809816748
0.015909509733319283
2.0084962670807727e-05
0.005306048318743706
6.95453563821502e-05
0.009968138299882412
0.00022929585247766227
0.003435994265601039
0.0003877025155816227
0.012515413574874401
0.001009155996143818
0.002168994629755616
2.060427505057305e-06
0.005006944295018911
3.258586730225943e-05
0.0007968435529619455
4.115326009923592e-05
0.0023941698018461466
3.7333931686589494e-05
0.0012060905573889613
2.4182825654861517e-05
0.0016539436765015125
6.172347639221698e-05
0.003849535482004285
7.908100997155998e-06
0.0009052256355062127
2.382259026489919e-06
0.008954058401286602
0.0017026502173393965
0.002518207998946309
0.00019183504628017545
0.02053135074675083
9.531539944873657e-06
0.001212014351040125
0.0034181412775069475
0.014201570302248001
0.12140420824289322
0.0047208876349031925
0.00020283058984205127
0.0005537609104067087
7.79985057306476e-05
0.003022870747372508
0.00014791700232308358
0.004573287907987833
0.001422950066626072
0.005739850923418999
0.0002725918311625719
0.0014257715083658695
8.600344881415367e-05
0.00817607156932354
0.00012826781312469393
0.002124945167452097
0.00042155798291787505
0.001700088381767273
9.269090810448688e-07
0.0006198379560373724
0.00012538344890344888
0.004285107832401991
0.0004895087913610041
0.0008748440304771066
0.011069031432271004
0.007762623950839043
5.57896273676306e-05
0.2062099128961563
0.00025994607130996883
0.31796395778656006
2.024213426921051e-05
0.08447729051113129
4.147470826865174e-05
0.3772130012512207
2.2809175789006986e-05
0.11419888585805893
0.021876394748687744
0.3046708106994629
8.782889926806092e-05
0.6193564534187317
9.052699897438288e-05
0.35427945852279663
0.00015380093827843666
0.5432654023170471
0.0002814212639350444
0.43649426102638245
0.0005139237619005144
0.08018776774406433
9.095698260352947e-06
0.299123078584671
1.3480520465236623e-05
0.08048863708972931
0.0003046583733521402
0.008537912741303444
0.001303845434449613
0.03921174257993698
0.0009471728699281812
0.24819642305374146
1.607116973900702e-05
0.0028969666454941034
0.00011476269719423726
0.09388494491577148
3.825442036031745e-06
0.07990827411413193
1.4845027180854231e-05
0.4591355323791504
0.0001337552530458197
0.01885143667459488
2.7256148314336315e-05
0.0032662327867001295
0.0018358795205131173
0.5551722645759583
8.684450222062878e-06
0.004643991123884916
0.0044902111403644085
0.0037722932174801826
5.756728569394909e-06
0.06312244385480881
5.277464151731692e-05
0.003823641687631607
2.3522416086052544e-06
0.00016839097952470183
0.00022846130013931543
0.0006146822706796229
1.8558379224486998e-06
0.011516569182276726
5.733576472266577e-06
0.0005782477091997862
1.3050822417426389e-05
7.363528129644692e-05
1.5255556036208873e-06
0.005175212398171425
2.4515526320101344e-07
0.0026362831704318523
9.74342924564553e-07
8.810150029603392e-05
1.082862468138046e-06
0.0012585665099322796
7.914254092611372e-05
1.1326900676067453e-05
1.325233552051941e-05
0.0005036534275859594
4.526745215116534e-06
0.0022369909565895796
0.0002302179200341925
0.00042598237632773817
1.0877861313929316e-06
4.579086089506745e-05
2.979267719638301e-06
0.0001103851172956638
1.4648174328613095e-05
0.00030125040211714804
5.2497012802632526e-05
3.0193874408723786e-05
4.166773578617722e-06
1.4692356671730522e-05
1.3933656191511545e-05
3.8327270885929465e-05
0.002170588355511427
5.086922465125099e-05
0.0001352654944639653
1.2042135494994e-05
0.00020806262909900397
1.6923286239034496e-05
7.969038051669486e-06
0.00032903876854106784
0.0001125583949033171
0.0006119897589087486
2.113174195983447e-05
0.00016487886023242027
0.003634489607065916
5.565140236285515e-05
1.1141149116156157e-05
1.993270416278392e-05
8.67442759044934e-06
1.5252145203703549e-05
7.922159284134977e-07
5.5135613365564495e-05
0.0002491419727448374
2.3701335521764122e-05
1.3730009413848165e-06
0.30820614099502563
3.5090240999124944e-05
0.00715356320142746
0.01917853392660618
0.3013570010662079
0.0005823146784678102
0.02984980121254921
7.602036203024909e-05
0.08370433747768402
4.309211362851784e-06
0.019361479207873344
0.00045934703666716814
0.06995979696512222
1.3728801604884211e-05
0.10925257951021194
8.450727182207629e-05
0.3099744915962219
3.383309012860991e-05
0.016484428197145462
1.3072418369119987e-05
0.025684835389256477
0.0018490648362785578
0.1826866716146469
0.0018206530949100852
0.3336842358112335
0.13504377007484436
0.011047517880797386
2.1548578388319584e-06
0.0035841285716742277
5.319911338119709e-07
0.07558583468198776
3.982800626545213e-05
0.08247305452823639
2.298907929798588e-05
0.01870260387659073
0.0030413453932851553
0.004918456077575684
0.00017000049410853535
0.10220985859632492
1.650607919145841e-05
0.0692945346236229
3.255920091760345e-06
0.12324727326631546
3.870110958814621e-05
0.42983555793762207
5.6292257795576006e-05
0.10950023680925369
0.010620097629725933
0.08544865995645523
9.804827641346492e-06
0.021352171897888184
3.66525309800636e-05
0.06038479506969452
2.089559711748734e-05
0.022331232205033302
0.0071230800822377205
0.1376420557498932
0.00010891168494708836
0.026949992403388023
0.0012994934804737568
0.00046837099944241345
0.0068780407309532166
0.22195963561534882
8.189151412807405e-05
0.33666911721229553
7.511343574151397e-05
0.24350066483020782
0.00015405176964122802
0.22667935490608215
2.3963868443388492e-05
5.617755596176721e-05
1.8190223272540607e-05
0.42917492985725403
3.296902661986678e-07
0.1460600644350052
7.64229479699452e-09
0.000826560368295759
1.0949129318760242e-05
0.1541520208120346
1.1761550240407814e-06
0.5327993631362915
7.462280336767435e-05
0.23924624919891357
0.0007352670072577894
0.09072168916463852
8.647685899632052e-05
0.0022186359856277704
1.4723954336659517e-05
0.030115725472569466
2.6993502615368925e-05
0.252501904964447
0.0037269312888383865
0.689192533493042
8.207605901588977e-07
0.0005641693132929504
2.1420366920210654e-06
0.014603565447032452
1.1895874195033684e-05
0.06863325089216232
9.74974136624951e-06
0.0008290301193483174
1.3933004083810374e-06
0.056219641119241714
0.0005347717669792473
0.0014918996021151543
5.143857833900256e-06
0.38829776644706726
9.35229254537262e-05
0.004426193423569202
0.00012114473065594211
0.26079830527305603
6.179389856697526e-06
0.00030042906291782856
0.004433124326169491
0.06478635966777802
7.775795893394388e-06
0.05583866685628891
2.7905201704925275e-07
0.0011927321320399642
0.00010292127990396693
0.0654536634683609
2.4100463633658364e-06
0.0034410872031003237
5.523047730093822e-05
0.07074087113142014
4.439766598807182e-06
0.4182509481906891
6.385994311131071e-08
0.00036045003798790276
1.4276223737397231e-05
0.0029812899883836508
1.2289014193811454e-05
0.06079701706767082
0.05334476754069328
0.0008678149315528572
1.277911962915823e-07
0.04211576655507088
0.00022985434043221176
0.06448674947023392
6.710471643600613e-05
0.15415844321250916
8.057350896706339e-06
0.003728593932464719
0.003218664787709713
0.021909095346927643
2.0537290765787475e-05
0.0713166892528534
1.230731049872702e-05
0.09451000392436981
0.0033248618710786104
0.18942677974700928
6.283378297666786e-06
0.0786232054233551
0.0009808494942262769
0.02984626404941082
0.0015182604547590017
0.011074021458625793
1.8447441107127815e-05
0.0017175854882225394
9.085748388315551e-06
0.008134390227496624
4.090030779480003e-05
0.052257947623729706
0.00035683554597198963
0.08668746799230576
0.0007100028451532125
0.017724988982081413
0.00042605228372849524
0.08461107313632965
3.7943543702567695e-06
0.02937065251171589
0.0005507550667971373
0.06633291393518448
0.0002908044552896172
0.016712741926312447
0.008125361986458302
0.03878162428736687
0.00014625117182731628
0.004288923926651478
0.0026862917002290487
0.03853797912597656
0.00022838420409243554
0.0366489440202713
0.006718972697854042
0.09851884096860886
0.00010730428039096296
0.010855238884687424
0.001442790380679071
0.032165441662073135
0.002108577638864517
0.009137219749391079
0.0007199152605608106
0.11700393259525299
0.00231242086738348
0.11552213132381439
0.0006667737034149468
0.0004458659968804568
0.0005758022307418287
0.002188852522522211
5.974424129817635e-05
0.013809626922011375
1.3320031030161772e-05
0.05850900337100029
0.003945974633097649
0.0001744161854730919
7.02368124620989e-05
0.14701130986213684
2.44815819314681e-05
0.01758025586605072
0.0019224878633394837
0.013438365422189236
0.010227683000266552
0.14844289422035217
0.00010374095290899277
0.000321620493195951
2.092219074256718e-05
0.04336605593562126
0.00166908313985914
0.0035724344197660685
0.000855199818033725
0.049758899956941605
0.00018273443856742233
0.25460249185562134
0.0007396330474875867
0.0030471079517155886
7.814889613655396e-06
4.870317570748739e-05
0.0007496757316403091
0.08169149607419968
0.02450381964445114
0.013576174154877663
0.009364054538309574
0.32231149077415466
3.284562581029604e-06
0.10351764410734177
1.824150422180537e-05
0.5305753350257874
0.0006421349244192243
0.4772387146949768
3.7149511626921594e-05
0.16569742560386658
3.4498101740609854e-05
0.588699996471405
5.895384674658999e-05
0.4370652735233307
8.866410644259304e-05
0.6237584352493286
9.475700608163606e-06
0.09798044711351395
1.1249667863921786e-07
0.7633386850357056
6.471444976341445e-06
0.3072648346424103
7.012360583757982e-05
0.09829245507717133
0.00013818402658216655
0.00746419420465827
2.3231032173498534e-05
2.491422264938592e-06
1.220514533883943e-08
0.05097229778766632
1.5467881553377083e-07
0.03205905109643936
0.0007128608413040638
0.11653774976730347
5.1613874347822275e-06
0.20377376675605774
0.00015778018860146403
0.07788526266813278
1.4986198038968723e-05
0.03968164324760437
1.5402645203721477e-07
0.6875911951065063
6.794853106839582e-05
0.36820369958877563
9.210472171616857e-07
0.0424470379948616
0.00028115525492466986
0.411885529756546
1.906656689243391e-05
0.0035107277799397707
4.92373073939234e-05
0.7107058763504028
4.019398693344556e-05
0.09198210388422012
0.00012426855391822755
0.0013047027168795466
2.59522221313091e-05
0.4908287525177002
1.8830232875188813e-05
0.0006124486098997295
9.97517759060429e-07
0.00498821958899498
1.8666671167011373e-05
0.0002986190374940634
1.9069599147769623e-05
0.0005929081235080957
7.716037231375594e-08
0.004076505545526743
3.3510543744341703e-06
0.00018965649360325187
2.9425743832689477e-06
0.0005393769824877381
5.2945735660614446e-05
6.467433559009805e-05
5.1786089898087084e-05
0.0010709511116147041
1.6178988460069377e-07
0.00302103185094893
1.4698148333991412e-06
0.005960637703537941
3.604875746532343e-05
0.013322543352842331
0.000200910129933618
0.0013329379726201296
0.00027118297293782234
6.558264885825338e-06
2.80843892142002e-06
0.0002459815004840493
2.4006346848182147e-06
0.002059235004708171
2.811957983794855e-06
0.0008863768889568746
1.061932653101394e-05
0.0012851805659011006
9.472043893765658e-05
5.8724923292174935e-05
6.680433983774492e-08
9.641959331929684e-05
1.378945216856664e-05
0.00031865513301454484
1.740072366374079e-05
1.236790012626443e-05
6.951679097255692e-05
0.0004093591414857656
0.0001581680990057066
0.0022146336268633604
2.2606733182328753e-05
0.0005599965807050467
2.110235254804138e-05
0.0014872546307742596
8.715574608686438e-07
0.00010085834219353274
6.120058060332667e-08
0.000611721770837903
3.675703055705526e-06
0.0005183716421015561
2.029029474215349e-06
0.00738782063126564
9.0359419118613e-05
0.0001713012024993077
2.921853774751071e-05
0.0016318887937813997
9.47242951951921e-05
0.0015970153035596013
1.1058704529887109e-07
9.537655569147319e-05
8.019914048418286e-07
0.0001290617510676384
0.0002961263817269355
0.0005824490799568594
1.8376325897406787e-05
0.0006242631934583187
9.850957212620415e-06
6.088335067033768e-05
1.2175717074569548e-06
0.0009882074082270265
2.6721572794485837e-05
7.511165313189849e-05
5.586531187873334e-05
0.0018580518662929535
6.047625902283471e-07
0.005540608428418636
0.0012351635377854109
0.0007302307640202343
8.581754400438513e-07
0.0007518540951423347
6.474633846664801e-05
0.1054498478770256
5.240397513261996e-05
0.030259832739830017
0.0002286149829160422
0.12064403295516968
0.0002032742340816185
0.1786557137966156
5.830505415360676e-06
0.48446208238601685
0.0023020540829747915
0.32008132338523865
0.0013600059319287539
0.11394907534122467
0.0007428450626321137
0.7080097198486328
0.0011500108521431684
0.0021780559327453375
9.214611964125652e-06
0.13479231297969818
0.0001162302287411876
0.4239405393600464
0.0004095007316209376
0.38864487409591675
0.0001357871078653261
0.7954246401786804
0.0013768741628155112
0.2582443654537201
0.01750476285815239
0.15577659010887146
0.00031610229052603245
0.7467717528343201
9.495530684944242e-05
0.12267835438251495
0.001158236525952816
0.45024755597114563
5.078411049908027e-06
0.13617190718650818
2.447673432470765e-05
0.029505964368581772
2.5284669391112402e-05
0.048930633813142776
7.649442704860121e-05
0.29395490884780884
1.5089098042153637e-06
0.5968210101127625
1.2272711501282174e-05
0.02236400544643402
1.88795627309446e-06
0.22533628344535828
0.0010232598287984729
0.30263781547546387
0.0002340263017686084
0.20575517416000366
0.00027421253616921604
0.4287358522415161
0.0048505570739507675
0.003821393707767129
3.6808680761168944e-06
0.001139393076300621
0.006392278708517551
0.020630473271012306
0.0002392932219663635
0.06422232836484909
0.004265232477337122
0.08466329425573349
0.00025102696963585913
0.31553298234939575
8.261656330432743e-05
0.5450878143310547
1.4391202057595365e-05
0.0007854282157495618
3.387999186088564e-06
0.6005562543869019
3.0372998480743263e-06
0.6039285063743591
0.00028596410993486643
0.9259844422340393
9.118885645875707e-05
0.23813621699810028
5.458125451696105e-05
0.002547827083617449
0.00016331988445017487
0.5072107315063477
0.003569989698007703
0.9080857038497925
0.00021138007286936045
0.3383843004703522
0.000265554990619421
0.002255361992865801
1.3967953236715402e-05
0.7119092345237732
1.0402953193988651e-05
0.09435680508613586
2.582111847004853e-06
0.8861112594604492
0.0002456478541716933
0.5454079508781433
0.00010781241144286469
0.89529949426651
0.007483026012778282
0.5829448103904724
1.8152693428419298e-06
0.005347259342670441
1.8990436728927307e-05
0.05525590106844902
6.54670802759938e-05
0.6151328086853027
0.001496834447607398
0.028881747275590897
9.889766079140827e-05
0.8409102559089661
6.691249836876523e-06
0.897896409034729
3.4190727546956623e-06
0.5938690304756165
0.00022991553123574704
0.37769946455955505
0.0005085160955786705
0.09601708501577377
2.177388705604244e-05
0.4768352508544922
0.00016538912313990295
0.4925896227359772
0.0005075533408671618
0.7037023901939392
0.00014733987336512655
0.7406964302062988
2.0517365555861033e-05
0.4025794565677643
0.0029814026784151793
0.07618404924869537
3.059630762436427e-05
0.0442136712372303
1.8073344108415768e-05
0.6385651230812073
2.081984894175548e-05
0.008402183651924133
2.4326436687260866e-06
0.11958277970552444
0.0005078139947727323
0.2922959625720978
8.175333277904429e-06
0.14345763623714447
0.000120858836453408
0.00033816625364124775
6.406380998669192e-05
0.22954429686069489
0.00019655229698400944
0.21513822674751282
0.0005312971770763397
0.31433331966400146
0.0006854728562757373
0.18102474510669708
0.018334995955228806
0.8758531808853149
1.177788908535149e-05
0.24347564578056335
0.002178875496610999
0.05538592487573624
2.7378833692637272e-05
0.027402736246585846
0.00010402871703263372
0.011670014820992947
0.00018737660138867795
0.23911021649837494
6.599138941965066e-06
0.016847888007760048
4.790862476511393e-06
0.011960671283304691
9.40988343245408e-07
0.006403911858797073
2.839411718014162e-05
0.17748214304447174
1.6944298977250583e-06
0.20583607256412506
9.001757462101523e-06
0.032096732407808304
5.758566658187192e-06
0.0038340867031365633
2.2740592612535693e-05
0.01011116523295641
2.0147606846876442e-05
0.05857791006565094
7.328347237489652e-06
0.16766561567783356
5.363996251617209e-07
0.10378968715667725
3.816067328443751e-05
0.43996211886405945
3.2485913834534585e-06
0.018241602927446365
6.71547195452149e-06
0.06041783094406128
1.2631400750251487e-05
0.1319802701473236
6.0975144151598215e-06
0.014402443543076515
6.38673236608156e-06
0.11099223792552948
1.3847067748429254e-05
0.023823076859116554
2.055716140603181e-05
0.01659201830625534
6.442695303121582e-05
0.20961199700832367
6.472916538768914e-06
0.010332026518881321
2.5459144126216415e-06
0.17627248167991638
0.00012471838272176683
0.028720535337924957
3.5836960705637466e-06
0.004531425889581442
0.000254692102316767
0.00043752530473284423
0.0001874148874776438
0.10965213924646378
0.00029765942599624395
0.0011808074777945876
8.851667985254608e-07
0.04974667355418205
1.4873000509396661e-05
0.28732830286026
4.1004634113051e-05
0.032680340111255646
7.222343356261263e-06
0.0010520179057493806
8.877224172465503e-05
0.0006869379431009293
1.628940117370803e-05
0.0004906945978291333
1.7887847434394644e-06
0.0003368294856045395
4.882816028839443e-06
0.0006439114222303033
1.7397769624949433e-05
0.0002127754269167781
0.005892960820347071
3.3488762710476294e-05
0.00011107138561783358
0.0004107831628061831
2.664682688191533e-05
8.180902659660205e-05
1.2676059668592643e-06
0.00013764914183411747
2.839411718014162e-05
0.07952199131250381
0.0003230081347282976
0.00018445419846102595
2.4119697627611458e-05
0.0007372844847850502
5.758566658187192e-06
0.004297498147934675
0.0024539981968700886
0.0002348418638575822
0.0003933183616027236
0.0026460918597877026
0.0001184483480756171
0.0003451519878581166
9.789137038751505e-07
0.00016809783119242638
0.00012412136129569262
0.0023488414008170366
7.927986007416621e-05
0.0007514433818869293
0.0003616022877395153
0.004448737017810345
0.000714991707354784
0.00011319822078803554
1.9052424704568693e-06
7.01030803611502e-05
0.0007356117712333798
0.02039319835603237
0.00010161551472265273
0.0008627586648799479
0.0030316642951220274
5.289874752634205e-05
0.0009461742592975497
0.0004321426386013627
0.0005775255849584937
0.002068314701318741
5.5225355026777834e-05
0.00016524712555110455
0.008917798288166523
0.0002210783277405426
5.782525840913877e-05
0.0007905556121841073
0.00040140110650099814
0.00011986671597696841
0.0012078636791557074
0.01887500286102295
0.0003581763303373009
5.711132416763576e-06
4.5627439249074087e-05
0.00034299350227229297
5.234629156802839e-07
0.0006943886401131749
0.0001084172836272046
0.0008133253431878984
5.7001769164344296e-05
0.0004722507728729397
0.00024157784355338663
0.0016680824337527156
0.00025181873934343457
0.03198159486055374
0.0002048433234449476
0.0019278839463368058
6.10456700087525e-05
0.014402280561625957
0.00012326061550993472
0.042298655956983566
1.3290805327415e-05
0.020740199834108353
1.782001527317334e-05
0.08428383618593216
2.59547869063681e-05
0.03999198600649834
0.012691273353993893
0.22930078208446503
0.00885020662099123
0.033857837319374084
0.0010248020989820361
0.019095508381724358
6.630809366470203e-05
0.06976060569286346
4.9736037908587605e-05
0.019747698679566383
0.0018519405275583267
0.014722791500389576
0.25977715849876404
0.005236689932644367
0.0008299213368445635
0.00011625482875388116
0.0007232252974063158
0.000971415953245014
0.0020595374517142773
0.004676573909819126
0.00028059788746759295
0.035905852913856506
7.726928743068129e-05
0.030061615630984306
0.00030490956851281226
0.0006262853275984526
0.00046787268365733325
0.07364729046821594
0.0005239559104666114
0.006319147534668446
0.0051189325749874115
0.0017994532827287912
9.117612535192166e-06
0.002389104338362813
0.0003055886772926897
0.002363847801461816
3.070305319852196e-05
0.007407701574265957
0.00022222608095034957
0.0003064116172026843
0.00020739070896524936
0.0007524570683017373
0.00010647560702636838
0.000530690886080265
9.3170810941956e-06
0.0034666855353862047
0.0009437164408154786
0.017547249794006348
0.0030654112342745066
0.00045548038906417787
0.0006411680951714516
0.003265345236286521
0.00011152392107760534
0.0013419633032754064
0.0005395769840106368
0.0003300729440525174
0.0014341218629851937
0.0009724061819724739
0.0001545765990158543
0.004199321381747723
0.0004499334318097681
0.0003415819664951414
0.0028803388122469187
1.878649891295936e-05
0.0023472358006983995
0.0038732108660042286
4.4393204007064924e-05
1.1825758519989904e-05
0.0007241807761602104
0.008494098670780659
0.0005059560062363744
0.00017142979777418077
0.00014425741392187774
0.003253385191783309
0.0002918402315117419
0.01549998763948679
0.00022793759126216173
6.876113729958888e-06
0.00010608582670101896
0.0007912960718385875
0.003429098753258586
0.007722517941147089
9.730767942528473e-07
0.009721537120640278
1.4886678400216624e-05
0.5112771987915039
1.7729671526467428e-05
0.5004891753196716
0.01052369549870491
0.31548115611076355
0.004964628256857395
0.05494711175560951
6.138977914815769e-05
0.10298032313585281
0.0009691448649391532
0.10456793755292892
0.0005146586918272078
0.029492557048797607
0.0001550818997202441
0.2877558171749115
7.005176303209737e-05
0.006760675925761461
0.002459833864122629
0.005603077821433544
0.001734672812744975
0.0877411887049675
0.0009656464098952711
0.03223263472318649
0.03127031773328781
0.2799472510814667
5.431635509012267e-05
0.15530164539813995
6.0644306358881295e-05
0.5705201625823975
3.576432391128037e-06
0.021556222811341286
0.0040364451706409454
0.04343681037425995
0.0007063070661388338
0.6914888024330139
2.2339677343552466e-06
0.04097122699022293
0.000889723829459399
0.02458803728222847
0.004089528229087591
0.0003876776318065822
0.0012185574742034078
0.000630762311629951
0.0009913608664646745
0.36152970790863037
0.003744635032489896
0.015101875178515911
0.010511121712625027
0.00529026985168457
0.0034634782932698727
0.016621291637420654
3.886038393829949e-05
0.3576773703098297
0.0009316933574154973
0.21511748433113098
0.00015880254795774817
0.007735514547675848
0.00012464955216273665
0.11480703204870224
0.0051805367693305016
0.7486838102340698
7.883902071625926e-06
0.34738364815711975
3.382022896403214e-06
0.7489551305770874
9.893278183881193e-05
0.19701018929481506
7.06753837675933e-08
0.3430613577365875
1.4564178854925558e-05
0.0004394087300170213
0.0033632845152169466
0.0032108775340020657
3.5407207178650424e-05
0.42917999625205994
0.00013566120469477028
0.3478166460990906
0.00039358725189231336
0.05590805411338806
3.2564997809458873e-07
0.564788281917572
2.3112053781915165e-07
0.4206167459487915
0.0007539232028648257
0.545846700668335
6.455823495343793e-06
0.4079994857311249
0.00043038817238993943
0.42591366171836853
1.7965925280805095e-06
0.25748422741889954
7.011954949120991e-06
0.28212717175483704
0.00015884988533798605
0.3882356286048889
0.0009028283529914916
0.3716597259044647
1.0337060302845202e-05
0.3157943785190582
0.0012929702643305063
0.6574028134346008
0.0015859033446758986
0.30541712045669556
0.0004792445106431842
0.15235349535942078
1.3313949239091016e-05
4.288747732061893e-05
0.0003129531687591225
0.00106135755777359
2.6099349270225503e-05
0.10609102994203568
0.0009653465240262449
0.8273334503173828
2.4194196157623082e-06
0.6223881244659424
0.0005779752973467112
0.7702712416648865
7.802931941114366e-05
0.7292065024375916
0.0002997416886501014
0.11857885867357254
0.003505654400214553
0.802518904209137
5.3993542678654194e-05
0.28282344341278076
0.00043132080463692546
0.5072138905525208
0.0006709567387588322
0.4060961604118347
2.503368705220055e-05
0.704736053943634
0.004151191096752882
0.019145583733916283
0.007211264222860336
0.08720972388982773
3.1057836622494506e-06
0.45921480655670166
0.0005951322382315993
0.37074390053749084
0.000933468749281019
0.15557464957237244
6.273163307923824e-06
0.2605411410331726
0.00033441424602642655
0.025047672912478447
0.00014199723955243826
0.5477928519248962
0.0019871911499649286
0.24477912485599518
2.9410666684270836e-06
0.006953011732548475
5.2258292271289974e-05
0.8362095952033997
4.4647524191532284e-05
0.6077547669410706
1.4268146514950786e-05
0.008070176467299461
0.0027155594434589148
0.7975581288337708
0.0007813615375198424
0.006596082355827093
0.0002565102477092296
0.14655642211437225
4.238015026203357e-05
0.031568363308906555
2.4158904125215486e-05
0.012456066906452179
0.0003577509196475148
0.065696582198143
0.0001583055272931233
0.7838929891586304
9.838429832598194e-05
0.011842145584523678
0.0008970089838840067
0.4922295808792114
7.62724494052236e-06
0.0016180776292458177
1.0527462109166663e-05
0.07855459302663803
0.0023783715441823006
0.029139932245016098
8.951304334914312e-05
0.3314501941204071
8.444938430329785e-06
0.0014902036637067795
7.704820745857432e-05
0.46792539954185486
0.0002043699350906536
0.4587036967277527
0.00010008713434217498
0.00048446605796925724
1.141035772889154e-05
0.1091683954000473
0.0005263868370093405
0.5618069767951965
7.014036236796528e-05
0.01355105172842741
0.00015171004633884877
0.18250399827957153
0.036143649369478226
0.4686225950717926
2.2553049348061904e-06
0.18615122139453888
5.221405899646925e-06
0.7253682017326355
0.020189370959997177
0.5970370173454285
3.7670447454729583e-06
0.6763505339622498
0.0005598689895123243
0.05477304756641388
0.0002506662276573479
9.240758663509041e-05
0.000334081967594102
0.08087079972028732
0.00011984113370999694
0.0004724308382719755
0.0004100108635611832
0.24203236401081085
2.342976870295388e-07
0.016336817294359207
1.226151562150335e-05
0.6515142321586609
0.00011068500316468999
0.0012018282432109118
0.0014212533133104444
0.16260024905204773
1.5349360182881355e-05
0.13241338729858398
3.7035253626527265e-05
0.11616036295890808
7.843189814593643e-05
0.005677823908627033
0.001704316004179418
0.8048729300498962
0.0009095795685425401
0.18308059871196747
0.007643663324415684
0.39626678824424744
0.00011551997158676386
0.1424352377653122
0.0022770354989916086
0.0003141628985758871
0.005789990536868572
0.00044869258999824524
0.001087169861420989
0.01077011413872242
0.00022869663371238858
0.005043227691203356
0.0006983194034546614
0.16768239438533783
0.15053240954875946
0.0013467342359945178
0.00012539405724965036
7.983261457411572e-05
0.0012138884048908949
0.008109009824693203
0.0019994848407804966
0.02315017580986023
0.00021492397354450077
0.0005059714312665164
8.101949902084016e-07
0.017827598378062248
0.00011788296978920698
0.5625441670417786
0.00042608080548234284
0.16759106516838074
1.246003830601694e-05
0.12403515726327896
0.0012286229757592082
0.18156619369983673
0.000430207495810464
0.08672535419464111
0.00735129090026021
0.11075028777122498
0.0005089704063721001
0.04675750434398651
3.13445707433857e-05
0.0018340934766456485
0.0011031016474589705
0.011453810147941113
0.00018819438992068172
0.0005386464181356132
1.3146222045179456e-05
0.26820114254951477
5.5608077673241496e-05
0.030088655650615692
0.00010579685476841405
0.0032577808015048504
3.5008768463740125e-05
1.640556911297608e-05
8.857422471919563e-06
0.3403254449367523
2.9484270271495916e-05
0.005835624877363443
0.0001054725144058466
0.020753342658281326
0.0008679687744006515
0.01665252447128296
3.408144766581245e-05
0.00015937944408506155
0.0005213987315073609
0.00020943973504472524
8.669431736052502e-06
4.746871491079219e-05
0.00017117369861807674
0.009807872585952282
1.048364083544584e-06
0.001023051212541759
0.00016819183656480163
0.00075297721195966
4.78242254757788e-05
0.0030654394067823887
0.00032294966513291
0.00010879882756853476
4.282247391529381e-05
0.00036660325713455677
0.001321774092502892
2.1373276467784308e-05
3.527229708311097e-08
0.026573270559310913
9.896606570691802e-06
0.4260684847831726
0.0028872874099761248
0.08435201644897461
2.4821154056553496e-06
0.002164318459108472
0.00020773775759153068
0.001834190683439374
0.0009848864283412695
0.04137406870722771
0.005335223861038685
0.006206406746059656
0.0014181644655764103
0.0009433655650354922
0.0005179991712793708
0.0032868378330022097
0.0003685882256831974
0.02714235708117485
0.006953882984817028
0.057455386966466904
0.0018992655677720904
0.03824452683329582
0.0015293611213564873
0.002529117511585355
0.00037850390071980655
0.06052708998322487
0.0005147262709215283
0.0016574568580836058
0.0006247026030905545
0.0009553051786497235
2.0506649889284745e-05
0.04144004359841347
2.908565329562407e-05
0.0861315056681633
0.0013633501948788762
0.0080250920727849
2.3504473574575968e-05
0.01480404194444418
0.0008184259058907628
0.004319756291806698
0.0007210401818156242
0.025966057553887367
0.000848850526381284
0.03149056062102318
0.0016784985782578588
0.011529621668159962
0.0014770429115742445
0.0004021603090222925
0.0009785210713744164
0.006261083763092756
0.0010698732221499085
0.0002332567673875019
0.0007245640736073256
0.01198170892894268
0.0003495301934890449
0.19142158329486847
7.406313670799136e-05
0.0002813673054333776
0.0006471369997598231
0.0035714907571673393
0.002462945180013776
0.07765407115221024
0.000536356121301651
0.007793837692588568
0.0002321854408364743
0.0022982279770076275
0.0003724312118720263
0.05155743286013603
0.0023339216131716967
0.0008463271660730243
0.009084436111152172
0.015779782086610794
0.005553379189223051
0.01010064221918583
0.00151525076944381
0.0027263283263891935
0.00010482202196726575
0.0028897030279040337
0.0013118688948452473
0.000256070721661672
0.0002019029634539038
0.0033326551783829927
0.0010909209959208965
0.015917126089334488
0.00013978948118165135
0.000254832993960008
0.0002993906382471323
0.19406713545322418
0.0005864721606485546
0.000272900506388396
0.0045174830593168736
0.0022983017843216658
0.0005861865356564522
0.0021612211130559444
0.0016550496220588684
0.001619152375496924
2.485772165528033e-05
0.010012688115239143
0.00023768641403876245
0.00011203375470358878
0.0009950045496225357
0.02327866479754448
0.0046432907693088055
0.002797105349600315
0.001468589878641069
0.001683209091424942
0.0006170180276967585
0.006495991256088018
0.0010849602986127138
0.0007822543266229331
0.0010740893194451928
0.00304601457901299
0.001246495172381401
0.006675373762845993
0.007048967760056257
0.004180827643722296
0.00022401144087780267
0.0008837748318910599
0.0008957895915955305
0.00025925232330337167
0.0025843840558081865
0.00047794406418688595
0.000582189648412168
0.003881977405399084
0.0029258483555167913
0.006933989003300667
0.0013637867523357272
0.0014159587444737554
0.0011833676835522056
0.002453218912705779
2.1628155081998557e-05
0.0007187653100118041
0.0008336093160323799
0.002693421673029661
0.002908323658630252
0.00593493552878499
0.0011547921458259225
2.708222746150568e-05
0.00102325645275414
0.011433078907430172
5.692432387149893e-05
0.009709128178656101
0.0014005366247147322
0.01005656085908413
0.0009405363234691322
0.09269904345273972
0.0005430453456938267
0.014718352816998959
0.0013166008284315467
0.0037004987243562937
0.006242616567760706
0.0007397941080853343
0.0014521852135658264
0.020698729902505875
0.00021831953199580312
