0.007436639629304409
1.6817763025755994e-05
0.0009291235473938286
0.00011197211279068142
0.0185118205845356
0.010852140374481678
0.07712224125862122
0.007296544965356588
7.406915392493829e-05
0.9014200568199158
0.000654845149256289
8.336588507518172e-05
0.3639847934246063
0.000102993129985407
0.0653112381696701
0.010058172047138214
0.00046226129052229226
0.0006626034155488014
0.03372587636113167
0.0006188200786709785
0.0003383140719961375
0.30451005697250366
0.038258809596300125
0.008959056809544563
0.09835024923086166
0.046185337007045746
0.00501741748303175
0.0018872299697250128
0.0010002350900322199
0.005679716356098652
0.06639457494020462
0.018234703689813614
2.741857315413654e-06
0.00046632354496978223
0.0006470098160207272
0.0035001011565327644
0.0009385344455949962
7.085607649059966e-05
1.2941452041559387e-05
0.014619029127061367
0.00043751622433774173
0.001935184351168573
0.001185024157166481
0.0014245387865230441
0.0016707265749573708
0.005174143239855766
0.006998278666287661
0.0016183251282200217
1.8421697234316525e-07
1.0602774658252656e-08
2.3748691901914754e-08
0.03304281085729599
0.004049783572554588
7.77643290348351e-05
0.1152208223938942
0.04409725219011307
0.002245513489469886
0.0002530512574594468
0.00021013646619394422
0.002329836133867502
0.28041425347328186
0.015329229645431042
0.08645175397396088
0.11557557433843613
0.13986192643642426
0.00948842242360115
0.07801339775323868
0.00705686816945672
0.020143380388617516
0.06178656965494156
0.0754142627120018
0.028586486354470253
1.2803173632391918e-08
3.092694100814697e-09
5.663338242811733e-09
0.0056627895683050156
1.9716768292710185e-05
0.0018975884886458516
0.005936258006840944
2.8381566153257154e-05
1.809252171369735e-05
5.2740288083441556e-06
0.0022830343805253506
2.501010021660477e-05
0.00161216058768332
0.010030507110059261
1.346076351183001e-05
0.0004669662448577583
4.639789494831348e-06
1.0977067177009303e-05
0.0022589440923184156
0.002883991925045848
0.005565814208239317
0.0005532705108635128
0.00010836902220034972
1.1751056263165083e-05
0.00395078444853425
0.000491106417030096
6.685320840915665e-05
0.05289793014526367
0.0015058908611536026
3.00974897982087e-05
