0.04821775481104851
0.14031468331813812
0.0033400433603674173
0.007668033707886934
0.0017263396875932813
0.0067587303929030895
0.05765650421380997
0.11186093091964722
0.0047712246887385845
0.008591022342443466
0.004259597975760698
0.004236720502376556
0.3552859425544739
0.17713478207588196
0.005402563139796257
0.02512218989431858
0.0007520795916207135
0.005195639096200466
0.03000371903181076
0.024954644963145256
7.138256478356197e-05
4.2416340875206515e-05
7.734874088782817e-05
6.202103395480663e-05
0.030158642679452896
0.1386721432209015
0.09345424920320511
0.03162851184606552
0.0007327849743887782
0.0005520015838555992
0.0028385468758642673
0.014932829886674881
0.03865465149283409
0.07935784757137299
0.0007099852082319558
0.0008303553331643343
0.0006224110256880522
0.0001251149660674855
0.0022630461025983095
0.004149560816586018
0.00018875412933994085
0.0007504953537136316
0.002449721796438098
0.01152708102017641
0.0001646750170039013
0.0005224178312346339
0.003264825791120529
0.007176234386861324
0.0032966865692287683
0.006313209887593985
0.0005234062555246055
0.007338987197726965
3.9602877222932875e-05
0.00038743059849366546
0.014520002529025078
0.011924728751182556
0.0005483868881128728
0.00047648066538386047
0.0001280068390769884
0.0002082355786114931
0.00027544188196770847
0.001681497204117477
0.004864278249442577
0.004499912261962891
0.001614224980585277
0.000983908073976636
0.041578665375709534
0.0710337907075882
0.008267122320830822
0.023864269256591797
0.0003263525140937418
3.3048192563001066e-05
0.0011365560349076986
0.0031914985738694668
0.0011055292561650276
0.009500008076429367
0.0030880318954586983
0.0022390903905034065
5.515878729056567e-05
8.126008469844237e-05
0.0027532768435776234
0.011801172979176044
0.015021230094134808
0.00714368000626564
0.00080309301847592
0.001857119845226407
0.008084269240498543
0.001320372219197452
