0.03564700484275818
0.06723105907440186
0.0005982567090541124
0.0008546300232410431
0.05063408985733986
0.0809563398361206
0.0002915708755608648
0.0006782059790566564
0.09971459954977036
0.07850584387779236
0.0012931573437526822
0.0007586514111608267
0.28746408224105835
0.20643892884254456
0.00042434263741597533
0.0001670254277996719
0.022966958582401276
0.010864426381886005
0.010878645814955235
0.009448138065636158
0.1354273557662964
0.07624169439077377
7.30133760953322e-05
4.684089799411595e-05
0.5336753726005554
0.5545992851257324
4.378136509330943e-05
6.58233038848266e-05
0.3103213608264923
0.3474622368812561
0.0006303595146164298
0.00044832361163571477
0.19814299046993256
0.22760620713233948
0.0008520987466908991
0.0011842958629131317
0.042374107986688614
0.07142616808414459
0.0006592110730707645
0.0011297316523268819
0.04640500992536545
0.034347474575042725
0.00023013498866930604
0.0015450476203113794
0.003753970842808485
0.0017176150577142835
9.221530490322039e-05
9.340621181763709e-05
0.07871831208467484
0.03487968072295189
0.0009672148735262454
0.0011717983288690448
0.15692050755023956
0.038323793560266495
3.423796079005115e-05
6.938605656614527e-05
0.16194882988929749
0.08447019755840302
0.00023608525225427002
0.0008738639298826456
0.3000398278236389
0.13729287683963776
8.632315257273149e-06
5.639877053909004e-05
0.06181361526250839
0.01634218730032444
1.6883902844710974e-06
4.641145551431691e-06
0.0306704044342041
0.0152932433411479
0.00015145704674068838
0.00013307156041264534
