0.06534785777330399
0.06434734165668488
0.02217542566359043
0.060338154435157776
0.08368715643882751
0.031579744070768356
0.003015509806573391
0.01499989628791809
0.0007204898283816874
0.002218406181782484
9.182890062220395e-05
0.007531252223998308
0.0019404650665819645
0.002882610075175762
0.013562360778450966
0.05728066340088844
0.054373808205127716
0.10015556961297989
0.1671147346496582
0.06846685707569122
0.08052200824022293
0.007868193089962006
0.007832469418644905
0.033247340470552444
0.00011504736903589219
4.945768159814179e-05
6.758985546184704e-05
0.0001507020351709798
0.0011346209794282913
0.0016873931745067239
0.002459887648001313
0.006785505451261997
0.0021971394307911396
0.004051898140460253
0.0036781951785087585
0.003500906750559807
0.11029234528541565
0.01777040585875511
0.0012495857663452625
0.009486854076385498
0.00894229020923376
0.03733915090560913
0.00015898965648375452
0.0030268141999840736
0.005692065693438053
0.03665466979146004
0.0010930172866210341
0.008059932850301266
0.014388270676136017
0.026644742116332054
0.004575250204652548
0.0038150581531226635
0.0019249178003519773
0.005231509450823069
0.0013975470792502165
0.001469939248636365
0.02712521143257618
0.01916518621146679
0.0012309927260503173
0.0006519945454783738
0.007995890453457832
0.0024261572398245335
0.00043761017150245607
9.207635594066232e-05
