4.025593079859391e-05
6.78307330304051e-08
3.105804353253916e-05
3.5837067002830736e-07
2.6629088097251952e-05
2.3683712768729492e-08
3.778367681661621e-05
1.245967951035709e-07
8.375267498195171e-06
3.2692998530592376e-08
4.7485365939792246e-05
8.170417459041346e-06
3.9109123463276774e-05
1.0349561307521071e-05
3.636728069977835e-05
1.2888732271676417e-05
2.4433260477962904e-05
6.685689157848174e-08
1.664551928115543e-05
4.634920060198056e-06
4.3841355363838375e-05
1.645234561920006e-07
9.659589522925671e-06
6.65098625063365e-08
1.445325051463442e-05
6.118863211668213e-07
1.857889765233267e-05
8.026888281165157e-06
1.238295590155758e-05
8.089312359516043e-06
1.5934421753627248e-05
8.041158849891872e-08
3.225904583814554e-05
4.714556567364525e-08
7.08013103576377e-05
2.6197649276582524e-05
0.00010729376663221046
1.521456397313159e-05
0.0001250791538041085
8.870066636745833e-08
3.5363973438506946e-05
3.2843141184457636e-07
8.337009785464033e-05
0.00012352954945527017
3.945509888581e-05
4.241677743266337e-06
3.589408879633993e-05
5.267322649160633e-07
0.0002027064183494076
4.8286066885339096e-05
0.00011044486745959148
5.990435170133424e-08
6.005566319799982e-05
7.765375812596176e-06
4.669702684623189e-05
2.685300160010229e-07
0.00015538034494966269
0.00010030645353253931
4.6523749915650114e-05
1.021308435156243e-05
3.833638038486242e-05
3.1467843886190394e-09
0.0001569211744936183
8.601031731814146e-05
0.00015824013098608702
2.6864020128414268e-06
0.0001793631090549752
1.0053483947558561e-06
7.972762250574306e-05
4.6481565618705645e-07
4.802306284545921e-05
7.704728233193237e-08
5.348071863409132e-05
1.5064349099702667e-05
0.00011931385233765468
2.980467070301529e-05
7.456494495272636e-05
2.907320777012501e-05
4.996377174393274e-05
1.5770176105434075e-05
0.0002959494886454195
0.0001117568026529625
7.198013190645725e-05
6.798297249588359e-07
0.00016194890486076474
8.25809984235093e-05
5.868166408617981e-05
1.4514072972815484e-05
6.187919643707573e-05
4.536896540230373e-06
7.850584370316938e-05
6.879520242364379e-08
0.00011152812658110633
2.746245991147589e-05
4.2609543015714735e-05
5.731213605031371e-06
3.2958818337647244e-05
4.178401269427923e-08
5.990650606690906e-05
1.0470146662555635e-05
5.0542130338726565e-05
6.382399533322314e-06
7.364056364167482e-05
1.533840077172499e-05
0.00013483967632055283
9.163549293589313e-06
3.1938656320562586e-05
3.5985890463052783e-06
0.00013963549281470478
1.0148059459424985e-07
3.8576239603571594e-05
7.539815527479732e-08
2.440691605443135e-05
3.867980012728367e-06
6.440845027100295e-05
9.485369446338154e-06
6.683900573989376e-05
8.79794515640242e-06
6.92703906679526e-05
5.3049756587597585e-08
4.439288022695109e-05
9.430961789291814e-09
0.00010628989548422396
4.790293132828083e-06
7.857671880628914e-05
1.318790964432992e-05
7.874228322179988e-05
1.9144876262089383e-07
2.968387707369402e-05
2.2933089383059269e-07
3.7123205402167514e-05
3.798330183713006e-08
7.214551442302763e-05
1.65058681886876e-05
0.00014300922339316458
1.9125269318465143e-05
4.0215942135546356e-05
5.144808255863609e-06
0.00014581732102669775
1.3873456339297263e-07
6.75620321999304e-05
1.8692111552809365e-05
6.36366821709089e-05
4.741558586829342e-05
3.4916563890874386e-05
3.748463086594711e-06
1.8414120859233662e-05
3.8126938761706697e-06
9.263942774850875e-05
2.639523017933243e-06
4.152777182753198e-05
3.101934908045223e-06
0.0001378847664454952
5.287152049504584e-08
4.8338744818465784e-05
2.020592830831447e-07
3.1594998290529475e-05
5.605390924756648e-07
3.407194890314713e-05
4.643858119379729e-06
0.00026460489607416093
8.972241630544886e-06
9.920915908878669e-05
7.506247584387893e-06
0.0001597006048541516
6.33454055787297e-06
0.00011695177818182856
2.5791265215957537e-05
6.529362872242928e-05
8.040063221415039e-06
7.089236078172689e-06
3.148159635202319e-07
3.0451064958469942e-06
3.294959606137127e-05
4.326840553403599e-06
1.9575823273498827e-07
9.980151844501961e-06
3.644790194812231e-05
2.591169049992459e-06
2.654309901117813e-05
5.874997896171408e-06
1.718890416668728e-07
1.0107028174388688e-05
2.28601238632109e-05
8.022157999221236e-06
2.9130603707017144e-07
7.004734015936265e-06
5.229232442616194e-07
4.245508534950204e-06
4.621917355507321e-07
9.533466140965174e-07
4.2364913497294765e-06
6.385125288943527e-06
9.849165508057922e-06
1.4225015547708608e-05
3.629288403317332e-05
1.3707784773941967e-06
6.305787337623769e-06
1.2165523912699427e-05
5.2040682021470275e-06
3.526128921294003e-06
6.025230959494365e-06
2.818231951096095e-05
1.1786760296672583e-05
4.371352588350419e-06
9.298398254031781e-06
6.096723154769279e-06
7.419449588041971e-08
9.259731086785905e-06
7.670598733966472e-08
1.792768671293743e-06
4.241677743266337e-06
5.363341188058257e-06
4.678337518271292e-06
2.074318217637483e-05
2.160182077659556e-08
3.8120188605716976e-07
1.1307555496387067e-06
9.371374858346826e-07
1.874602457974106e-05
2.285424852743745e-05
1.4820646754287736e-07
6.826951721450314e-05
5.618615887215128e-06
7.571786409243941e-05
9.117206900555175e-06
9.504622721578926e-05
8.166917723428924e-06
9.418133413419127e-05
8.68977622303646e-06
6.640490755671635e-05
6.918286089785397e-06
0.00011253626871621236
2.348549423913937e-05
6.808334728702903e-05
6.582247351616388e-06
0.00018321938114240766
3.077878218959995e-08
7.988341531017795e-05
6.435233785850869e-07
9.18025107239373e-05
8.219250048568938e-06
7.409817044390365e-05
7.215462574095e-06
0.00010098793427459896
4.1954706375690876e-08
0.00019177816284354776
5.907697413931601e-06
6.133717397460714e-05
6.757479553698431e-08
0.0001380111207254231
2.737830982368905e-05
0.00013910041889175773
6.334661156870425e-05
8.21630674181506e-05
9.088336838658506e-08
0.00011047548468923196
8.418717698077671e-06
9.011469228425995e-05
1.5160117072809953e-07
0.00010074337478727102
6.720581779973145e-08
4.567762516671792e-05
4.901387455902295e-06
7.030171673250152e-06
3.93253642982927e-08
0.00010421260230941698
1.1946315680688713e-05
0.00010489951819181442
6.330008091026684e-06
0.00018481812730897218
6.022995876264758e-06
8.112683281069621e-05
1.3346674450076534e-06
0.00022275434457696974
9.866698569283017e-09
0.00011711589468177408
2.42746427829843e-05
9.8179436463397e-05
6.370950814016396e-06
5.1004324632231146e-05
5.36930883754394e-06
0.00018772548355627805
7.196965452749282e-05
3.065087003051303e-05
1.7922470618714215e-08
7.755768456263468e-05
2.3179852632893017e-06
6.020598812028766e-05
8.58288403833285e-05
4.9123496864922345e-05
4.906361937173642e-05
5.2971681725466624e-05
9.809996015519573e-08
4.294142490834929e-05
3.39702055498492e-05
2.700974073377438e-05
4.100986217281388e-08
0.00022986008843872696
2.5825615423968884e-08
0.00046881756861694157
5.2049541409360245e-05
5.585165126831271e-06
3.61500292456185e-06
0.00034094706643372774
8.566759788664058e-06
0.0007890758570283651
7.789358278387226e-07
0.00015737013018224388
1.2022289411106613e-05
4.4566862925421447e-05
4.100962541997433e-06
7.630718755535781e-06
2.32459933613427e-05
1.8028787962975912e-05
2.9718567020609044e-05
5.848693763255142e-05
8.53463734529214e-06
2.503436553524807e-05
3.6551543871610193e-06
2.24911809709738e-06
1.0716474207583815e-05
8.3094862930011e-05
1.4861621266959446e-08
0.0002899153623729944
7.77695845499693e-08
1.577805778651964e-05
8.656416028429703e-09
9.937254071701318e-05
1.3542519639031525e-07
3.875940092257224e-05
3.720041377164307e-06
0.00011351783905411139
1.0066857612400781e-05
0.00010589636076474562
5.076593367903115e-08
2.313536242581904e-05
1.360429564556398e-07
0.0006055087433196604
1.6299503840855323e-05
0.00022218422964215279
1.9699988115462475e-05
0.00026684353360906243
2.267041509185219e-06
0.0008248232188634574
3.505337815568055e-07
7.946539699332789e-05
2.6356670787208714e-05
6.539050082210451e-05
2.566936927905772e-05
8.096070814644918e-05
2.7099507860839367e-05
4.267055919626728e-05
1.2698083992290776e-05
0.00011591254587983713
2.8243253836990334e-05
8.794697350822389e-05
3.474458571872674e-05
6.53132374281995e-05
7.2875545811257325e-06
0.00010792547254823148
2.645193126227241e-05
3.778794052777812e-05
5.141510328598997e-08
0.00011967041791649535
4.641025043383706e-06
0.00010668757749954239
2.1477000700542703e-05
5.4717511375201866e-05
5.476991645991802e-06
4.1331299144076183e-05
3.7792385683133034e-06
9.681508527137339e-05
1.8597665984998457e-05
6.421753641916439e-05
1.5356628864537925e-05
0.00013710593339055777
3.3452499792474555e-06
0.00022219822858460248
4.006563904113136e-05
4.125340637983754e-05
5.52294932276709e-06
6.530369137180969e-05
8.364480891032144e-06
5.3815823775948957e-05
3.202044536010362e-05
7.143570837797597e-05
1.2673200217250269e-05
0.0001017849863274023
9.340155884274282e-06
6.483632751042023e-05
9.54126790020382e-07
8.525063458364457e-05
3.7626210769303725e-07
5.3491043217945844e-05
4.653942596632987e-06
0.00014514221402350813
1.5334916270148824e-06
5.7937308156397194e-05
6.69451480916905e-08
9.890241199173033e-05
2.2600092052016407e-05
7.520624058088288e-05
7.066358648444293e-06
2.2736212486051954e-05
3.08527910419798e-06
0.000126241851830855
2.565694217082637e-07
0.00010282579023623839
3.252741589676589e-05
0.00010040929919341579
6.44277633909951e-06
0.00011032744805561379
4.464866094622266e-07
8.4447514382191e-05
1.583345152766924e-07
6.144722283352166e-05
1.6681580746080726e-05
7.847454253351316e-05
7.312851266760845e-06
3.420743450988084e-05
3.945828552787134e-07
0.00018685909162741154
9.802577238815502e-08
0.00014732326962985098
5.582116546776206e-09
3.9603051845915616e-05
5.001397948944941e-05
3.912169631803408e-06
9.673296830214895e-08
2.017541555687785e-05
4.41303855041042e-05
1.4935366380086634e-05
4.999511656933464e-05
2.2364463802659884e-05
2.1564584073985316e-07
2.1324187400750816e-05
2.3980992409633473e-06
2.7662919819704257e-05
3.4852982935262844e-05
4.2700019548647106e-05
0.00010058882617158815
3.448950155870989e-05
4.57147580164019e-05
2.305666566826403e-05
3.9749145798850805e-05
1.5504907423746772e-05
2.1671841921033774e-07
3.255972478655167e-05
0.00010941251821350306
4.094514952157624e-05
7.336181511163886e-07
7.4436713475734e-05
5.8983634517062455e-05
2.0779105398105457e-05
6.194983143359423e-05
9.718041837913916e-06
9.793830457738295e-08
2.2006113795214333e-05
3.347452002344653e-05
3.8768503145547584e-05
1.0129551810678095e-06
5.523600339074619e-05
2.5202458346029744e-05
2.5033568817889318e-05
1.4910912682353228e-07
1.0090056093758903e-05
4.131204332225025e-05
4.019881453132257e-05
1.9568087736843154e-05
2.772910193016287e-05
2.661068720044568e-06
1.9290011550765485e-05
1.698436426522676e-05
3.1879626476438716e-05
1.5782586615387117e-07
1.8509241272113286e-05
1.7217631693711155e-06
2.8107850084779784e-05
3.97900803363882e-05
2.4736094928812236e-05
6.248307909118012e-05
1.2466478438000195e-05
1.5466481784187636e-07
3.28975947923027e-05
6.91146997269243e-05
3.9919355913298205e-05
2.002479050133843e-05
4.287749561626697e-06
1.2951453754794784e-05
2.5179242584272288e-05
1.4752071365364827e-05
1.745888584991917e-05
2.703539576032199e-05
2.05804972210899e-05
7.285283209057525e-05
8.806417099549435e-06
1.14090788372323e-07
6.383812092281005e-07
1.782932667993009e-05
4.661349521484226e-05
2.1783296688226983e-05
5.581685763900168e-05
2.262521411466878e-05
3.666995689854957e-05
0.00010163406113861129
6.603109795833007e-05
9.657409464125521e-06
1.3549778486776631e-05
3.752913107746281e-05
6.857433618279174e-05
0.00014765279775019735
5.1719416660489514e-05
1.7940335965249687e-05
7.22741024219431e-05
6.33805975667201e-05
5.3078256314620376e-05
4.0882395069274935e-07
1.5827170500415377e-05
1.4127865597401978e-06
3.3249464195250766e-06
8.069839623203734e-07
1.9280510969110765e-05
3.261474375904072e-06
7.481486682081595e-05
4.0807414336541115e-08
4.168065788690001e-05
1.0572651262918953e-05
7.732681842753664e-05
1.5083206562849227e-05
6.522128387587145e-05
5.93305912843789e-07
8.785288628132548e-06
6.970476533751935e-07
1.0909455340879504e-05
2.5466869502110967e-08
7.838151213945821e-05
6.17782234257902e-06
0.00024881691206246614
6.840542482677847e-05
8.576647815061733e-05
5.611694575691217e-08
0.0001352192193735391
4.546013951767236e-05
1.1424397598602809e-05
2.0917718757118564e-07
0.0001244689046870917
1.8943599400245148e-07
6.28669440629892e-05
8.14011116290203e-08
3.230771471862681e-05
7.0375144787249155e-06
9.775974467629567e-05
2.894235512940213e-05
0.00012676266487687826
2.296500589693551e-08
0.00042419828241690993
8.50025171530433e-05
3.881211159750819e-05
1.1773199304343507e-08
0.0002622723113745451
5.307709579938091e-05
1.965104638657067e-05
7.722883879068831e-07
0.0005549365887418389
0.00022507549147121608
0.0003288695588707924
8.673661795910448e-06
0.00027089519426226616
1.3771539670415223e-05
7.466701936209574e-05
3.9156663689254856e-08
5.19751847605221e-05
2.5034705686266534e-06
2.8998227207921445e-05
1.5509547665715218e-05
3.65464948117733e-05
6.222987849469064e-07
1.853481080615893e-05
1.4504333734066677e-08
3.138864485663362e-05
4.100624906300254e-08
2.7461743229650892e-05
8.996357792057097e-06
1.45885160236503e-05
3.81153472517326e-06
9.150116966338828e-05
2.886640686483588e-06
2.4344888515770435e-05
5.909106675971998e-06
9.543466876493767e-05
5.909031187911751e-06
4.832450576941483e-05
6.3933830460882746e-06
4.818190791411325e-05
3.538553073667572e-06
3.605811434681527e-05
2.1027556584840568e-08
2.409574699413497e-05
4.475427431316348e-06
1.3484988812706433e-05
4.1194480218109675e-06
6.275302439462394e-05
3.300065714029188e-07
1.275962404179154e-05
6.303923328232486e-06
0.00019154541951138526
2.0391056750668213e-05
6.133818533271551e-05
5.727919827336336e-08
1.2809321560780518e-05
1.8611514178701327e-06
8.769806299824268e-05
2.645889799168799e-05
3.997590465587564e-05
4.1222433537768666e-06
9.822243555390742e-06
2.0663490829520015e-07
5.748038529418409e-05
9.198259043330381e-09
5.870250970474444e-05
7.082549018377904e-06
5.3906776884105057e-05
1.4435275943469605e-06
7.454714796040207e-05
4.19129355577752e-06
3.0369819796760567e-05
7.553476066846088e-09
3.570625267457217e-05
2.2495101802633144e-05
4.4871609134133905e-05
3.841804755211342e-06
6.44246902083978e-05
4.581667781167198e-06
9.562910236127209e-06
1.8280616131960414e-07
3.72216927644331e-05
1.6121432054205798e-05
5.103187504573725e-05
2.6742291083792225e-06
3.894063047482632e-05
1.8828424799721688e-05
5.897620212635957e-05
8.892747246136423e-06
1.4936887055227999e-05
2.6382886630926805e-07
2.661422513483558e-05
3.797620820478187e-06
4.662220453610644e-05
8.485151738568675e-06
2.8045857106917538e-05
1.9691331544891e-05
2.1986443243804388e-05
4.986226485925727e-06
5.696910375263542e-05
4.363555035524769e-06
2.3685475753154606e-05
4.392495611682534e-06
1.7420879885321483e-05
5.7847078096529e-06
5.349975253921002e-05
9.095111153101243e-08
1.1361368706275243e-05
1.6287689504679292e-05
2.715622031246312e-06
7.903747700765962e-08
5.572025656874757e-06
2.6519501261645928e-05
1.760426675900817e-05
0.0001720990549074486
7.110984824976185e-06
0.00037233499460853636
2.0698667867691256e-05
0.00014614163956139237
4.339405677455943e-06
8.807816698208626e-07
2.9134631404303946e-05
0.00013159347872715443
6.368595677486155e-07
6.464753369073151e-06
1.4201707926986273e-05
0.00012355248327367008
3.078390363953076e-05
5.443752826295167e-08
5.657110250467667e-06
0.00013425330689642578
1.7578251572558656e-05
0.00026055751368403435
3.867844134219922e-05
3.735844074981287e-05
8.607487870904151e-06
6.820913540650508e-07
2.9124505090294406e-05
0.00026319859898649156
3.833027903965558e-07
1.3656585906574037e-06
3.4004578992608003e-06
5.393784158513881e-05
1.7608854250283912e-05
0.0002588635543361306
1.4496559742838144e-05
1.233343311923818e-07
2.8283597202971578e-05
6.831255177530693e-06
1.0578414730844088e-05
0.00017356796888634562
2.308208422618918e-05
9.631318971514702e-05
9.955105269909836e-06
0.0003029772196896374
1.677111504250206e-05
2.283457121166066e-07
3.061495226575062e-05
0.00020177796250209212
5.442976089398144e-06
0.00010786160419229418
6.362592557707103e-06
0.0002361975348321721
1.8219547825992777e-07
2.5216980503728337e-08
9.367657298753329e-07
5.486053487402387e-05
3.823355200438527e-06
5.22621633081144e-07
1.7085127183236182e-05
2.002627843467053e-05
5.437424533738522e-06
2.3409401705976052e-07
0.0007181306718848646
5.784921086160466e-06
0.0003110610123258084
6.507719518822341e-08
9.86284576356411e-05
2.785077590772289e-08
0.0002684536448214203
5.491909178090282e-06
0.0006011425866745412
5.1994898058183026e-06
0.0003418156411498785
3.0328439606819302e-05
0.00037161156069487333
3.048115715387212e-08
1.4230766964828945e-06
5.972835424472578e-06
0.00041250442154705524
8.654405974084511e-06
0.0002167473139706999
9.913078429235611e-07
0.0005776495672762394
4.780295512318844e-06
0.0005022668628953397
2.6836880806513363e-06
6.878005660837516e-05
2.1554695194936357e-05
0.0006822852301411331
2.6557636090274173e-08
0.0003254721232224256
1.0624349670251831e-05
0.00021891480719204992
3.7152574805077165e-05
0.00014771029236726463
1.486359724367503e-05
0.0001940977672347799
5.194017830945086e-06
0.00012182482896605507
2.5540245474076073e-08
6.803940050303936e-05
2.531409393213835e-07
0.00029919767985120416
3.0742721719434485e-06
5.535755553864874e-05
1.0570774065854494e-05
0.00026431382866576314
3.211839327832422e-08
0.0003950297541450709
1.3504949492926244e-05
0.0006220306386239827
6.190789036963906e-08
0.00013385342026595026
1.8762715626507998e-05
0.00039179762825369835
7.4487929850874934e-06
0.000619294005446136
4.253940915077692e-07
0.00014606719196308404
1.8276416085427627e-05
0.0003059388545807451
3.171870775986463e-05
8.486858132528141e-05
4.096450112456296e-08
0.0003876066184602678
7.668882631151064e-07
0.00044635715312324464
4.167440238234121e-06
0.0007475563907064497
5.2004352824042144e-08
0.0003242346865590662
6.4705618569860235e-06
7.543375431851018e-06
1.0444156941957772e-05
6.117570592323318e-05
1.894769047794398e-05
0.00014466693392023444
2.3220733055495657e-05
0.0003873261739499867
8.799241868473473e-08
3.775260211114073e-07
3.7725101719843224e-05
0.0005106232711113989
1.934536868475334e-07
0.0007655006484128535
1.6627192067630858e-08
0.00010781464516185224
1.5499870642088354e-05
0.0004367091751191765
2.0443145331228152e-05
0.00019418379815761
4.923293545289198e-06
4.610389441950247e-05
9.927412975230254e-06
0.00012998828606214374
4.175643425696762e-06
0.000126241851830855
2.0406894236657536e-06
6.863976886961609e-05
1.0559384122643678e-07
0.00012764219718519598
6.515450422739377e-06
0.00010658415703801438
7.36937195711107e-08
0.00013488979311659932
2.2567979840459884e-07
0.00010766022023744881
7.609911790495971e-06
9.68609529081732e-05
3.4881803003372625e-05
6.585031951544806e-05
4.426219675224274e-06
9.491667151451111e-05
2.823092870585242e-07
9.790834155865014e-05
3.3843891287688166e-05
0.00013258411490824074
4.076050430512623e-08
0.00012716208584606647
6.787724515788796e-08
0.00014680814638268203
8.496179049188868e-08
6.107303488533944e-05
2.4405896965618012e-06
5.4263698984868824e-05
1.908398189698346e-06
8.154135866789147e-05
4.873780198977329e-06
9.227840200765058e-05
1.0200041344887723e-07
0.00010688268230296671
8.027822332223877e-06
9.012425289256498e-05
1.3145830052962992e-05
3.7020694435341284e-05
5.120632067701081e-06
5.640843664878048e-05
6.4035766627057455e-06
0.00012479232100304216
1.1228977200516965e-05
0.00013912672875449061
7.056066237964842e-07
4.1331299144076183e-05
1.276821990359167e-07
0.00015176128363236785
7.0239843807939906e-06
6.1826292949263e-05
1.733914905344136e-05
7.850584370316938e-05
2.2531708964379504e-05
0.000188475547474809
1.5848517875838297e-07
7.312578964047134e-05
5.1690458349185064e-06
7.319402357097715e-05
1.559894189995248e-05
4.300985165173188e-05
1.6438141514640847e-08
0.00010927073162747547
7.198317234724527e-06
3.5283515899209306e-05
1.863072185415149e-08
0.00011445919517427683
6.847727007652793e-08
4.610389441950247e-05
9.927412975230254e-06
6.539050082210451e-05
2.566936927905772e-05
0.00012764219718519598
4.560141917409055e-07
6.863976886961609e-05
1.255019732582241e-08
3.170360650983639e-05
1.813420908547414e-06
9.088421211345121e-05
1.533974511858105e-07
2.637152465467807e-05
1.5714790890797303e-07
5.8457280829316005e-05
4.950824859406566e-06
0.00010766022023744881
7.609911790495971e-06
0.00017245812341570854
4.837529195356183e-05
6.585031951544806e-05
4.426219675224274e-06
9.491667151451111e-05
2.823092870585242e-07
6.94546615704894e-05
1.4690198440803215e-05
6.684965046588331e-05
1.3369106454774737e-05
9.403026342624798e-05
4.342689763348062e-08
0.00010658415703801438
4.2840209601990864e-08
0.00013258411490824074
1.4798369818436186e-07
5.281520134303719e-05
2.1175830866582146e-08
0.0001236648968188092
2.995246359205339e-05
0.0002255721192341298
1.6302472261031653e-07
0.00010792547254823148
2.645193126227241e-05
7.850584370316938e-05
5.760083240602398e-06
9.012425289256498e-05
1.3145830052962992e-05
0.00032772659324109554
2.1063628992123995e-06
0.00026186543982475996
1.2648291658479138e-06
0.00011345860548317432
1.9383833205210976e-07
5.372975647333078e-05
1.5411240383400582e-05
0.00012055493425577879
3.557798481779173e-05
0.00013028654211666435
9.44964071436516e-08
6.161227793199942e-05
1.6287689504679292e-05
0.00011105019075330347
3.7756610254291445e-05
0.00011798284685937688
3.0358034564414993e-05
8.984248415799811e-05
1.1754675597330788e-06
0.00012716208584606647
4.514549800660461e-08
0.00014105778245721012
5.281243886656739e-08
2.42030291701667e-05
5.7050615396292415e-06
0.0001323090255027637
5.248808747637668e-07
6.825281889177859e-05
1.309865911025554e-05
9.955925634130836e-05
5.5141047283768785e-09
0.0002384701365372166
4.950705624651164e-05
0.0001061326838680543
1.902156476774053e-08
3.896967973560095e-05
1.5596586422361725e-07
5.050261097494513e-05
2.32459933613427e-05
0.00013551943993661553
3.1131865398492664e-05
0.00016883216449059546
4.1876236878124473e-07
0.00018783878476824611
6.122556078480557e-05
9.26585344132036e-05
5.967727929601097e-07
0.00021027812908869237
5.180147127248347e-05
0.00013456751185003668
2.6296340365661308e-05
0.00023372963187284768
4.76392415293958e-06
9.335468348581344e-05
2.7367343591322424e-06
0.0001215460870298557
3.2882169875847467e-07
0.00013918369950260967
5.802121449960396e-06
0.00031940994085744023
3.8313888239827065e-07
7.990179437911138e-05
8.529304551530004e-08
5.4963078582659364e-05
1.591574982739985e-05
3.263928010710515e-05
4.670228918257635e-06
6.689600559184328e-05
1.3313819181348663e-05
0.0002691984991542995
8.944430737756193e-05
0.0001664778683334589
0.00012207524559926242
5.5012100347084925e-05
3.164357309515253e-08
2.359844984312076e-05
3.986269803135656e-06
8.196516137104481e-05
1.9013764074315986e-07
0.000116071299999021
2.118394331773743e-05
5.991063517285511e-05
1.6012225387385115e-05
4.131865352974273e-05
3.4960020656171764e-08
5.0200735131511465e-05
2.4543551191413826e-08
0.0001795991265680641
2.108898843289353e-05
9.556328586768359e-05
2.36507560202881e-08
0.00011025877756765112
1.28224326090276e-06
2.3669786969549023e-05
1.667229298618622e-05
7.209515024442226e-05
2.688826157282165e-07
0.00020183823653496802
1.429739950253861e-05
0.00015566156071145087
2.994512726672838e-08
1.035861987475073e-05
3.4814626737045273e-09
6.194272282300517e-05
6.497079539258266e-06
0.00015771493781358004
1.867379432951566e-05
1.798602352209855e-05
4.902213959212531e-07
5.5124157370300964e-05
6.701175720991159e-07
9.501698514213786e-05
7.560479843959911e-06
9.678721835371107e-05
3.812871796071704e-08
5.0009770347969607e-05
5.742270658970483e-08
0.00012415867240633816
1.3651269910042174e-05
0.00015830207848921418
2.008619594562333e-05
4.778437869390473e-05
7.140674370020861e-06
0.00013836045400239527
1.3992598724144045e-05
0.0001096966298064217
1.018696366372751e-05
7.731298683211207e-05
1.874602457974106e-05
0.0002894204808399081
1.7385590354024316e-06
7.158084190450609e-05
2.176148882426787e-05
0.00021401910635177046
1.6679163309163414e-05
8.563100891478825e-06
4.2364913497294765e-06
4.572525722323917e-05
2.065225999103859e-05
0.00023201043950393796
5.915781571275147e-07
0.0003983485512435436
5.55169705762637e-08
0.00038629965274594724
4.464947323867818e-06
0.00012207700638100505
4.261407411831897e-06
4.63147007394582e-05
2.378628096266766e-06
0.00024098034191410989
1.4367832363859634e-06
0.00020211005175951868
9.294851999186449e-09
0.00024972829851321876
6.44213514533476e-06
0.0001691712241154164
4.975570391252404e-06
0.00015751000319141895
3.1411470899911365e-06
0.00010830414976226166
1.7440981537220068e-05
0.0003643810923676938
2.3003311071079224e-05
0.0001953462342498824
4.785118562722346e-06
0.00010923069203272462
1.0416032637294848e-05
2.855368563814409e-07
4.453848669072613e-05
0.00010382045729784295
1.0220566764473915e-05
0.0003980559413321316
1.2244024219398852e-05
0.00016407421207986772
3.8640205275441986e-06
8.193026587832719e-06
1.1167730008310173e-05
0.00017899791419040412
7.816166544216685e-06
0.0001475665922043845
6.108049547037808e-06
5.0049326091539115e-05
8.122587132675108e-06
8.651540701976046e-05
3.39405623606126e-08
0.0001542748068459332
1.8451640926286927e-06
6.710976595059037e-05
8.477140909235459e-06
0.00013272302749101073
3.719543747138232e-05
6.231814040802419e-05
1.449682685006337e-07
8.028239972190931e-05
1.2912651982333045e-05
7.142817048588768e-05
6.987329015828436e-06
9.93659850792028e-05
8.985795830085408e-06
6.12549702054821e-05
1.2643789887079038e-05
5.670645987265743e-05
3.4145225527026923e-06
0.00010923317313427106
1.3348184779715666e-07
4.890427953796461e-05
1.9302979126223363e-06
0.00022130100114736706
0.00010521928925300017
3.792943243752234e-05
3.174172661601915e-06
0.00013397593284025788
3.5717121704692545e-08
0.00012594499276019633
2.2268078225806676e-07
4.4708867790177464e-05
4.223029918648535e-06
1.7382764781359583e-05
4.095281624927338e-08
6.940814637346193e-05
8.311742021760438e-06
0.0003166657406836748
7.678564628577078e-08
3.3371416066074744e-05
9.496168473788202e-08
0.00023612393124494702
9.641073006605438e-08
5.062726268079132e-05
4.397813597734057e-07
5.017327202949673e-05
8.622850344863764e-08
0.0003523578925523907
5.1878869271604344e-06
7.395949796773493e-05
1.7226047930307686e-05
7.194995851023123e-05
8.88508657226339e-06
5.385214899433777e-05
5.48148409507121e-06
0.00020495342323556542
4.242591344905122e-08
0.00023605572641827166
1.2542732008569146e-07
0.00023419612261932343
5.1650604291353375e-05
3.796265082200989e-05
1.533567342448805e-06
0.0002285895316163078
8.936328299569141e-07
7.121902308426797e-05
1.3369459338719025e-05
6.81384772178717e-05
4.2252221277294666e-08
0.00019744900055229664
2.985831451951526e-05
8.197691931854934e-05
1.2156678508290497e-07
0.00017962338461074978
1.1697401305355015e-06
9.014180977828801e-05
9.579435572959483e-05
0.00018350417667534202
8.443363913102075e-05
8.63026361912489e-05
1.8691413060878403e-05
5.521647835848853e-05
1.9312927179271355e-05
0.0002519854751881212
1.7318821932121864e-08
3.2784366339910775e-05
7.251913302752655e-06
5.096242603030987e-05
1.0476541234538672e-07
0.00011493022611830384
1.5091723071236629e-05
0.0002141611184924841
7.099013998868031e-08
0.00019188597798347473
6.377464160323143e-05
0.00023277710715774447
5.78728286200203e-05
0.00013136571215000004
3.917231694572365e-08
7.438270404236391e-05
8.686741921337671e-07
0.00027755688643082976
6.587641837541014e-05
0.00011983088916167617
2.4934061926273898e-08
5.5652773880865425e-05
8.122587132675108e-06
1.2989574315724894e-05
2.100921847159043e-06
0.00013836045400239527
1.3992598724144045e-05
7.996234489837661e-05
1.4092760466155596e-05
0.00026149139739573
6.250190926948562e-05
0.0001649265905143693
5.960117414360866e-05
4.561189780361019e-05
3.910942723450717e-06
0.00018560026364866644
5.242804763838649e-05
4.7140681999735534e-05
1.3853241398464888e-06
0.00012056985724484548
1.1870663030322248e-07
4.989169246982783e-05
1.0659822692105081e-05
1.626435732760001e-05
1.693867659469106e-07
4.543104660115205e-05
8.199094025940212e-08
0.00041872140718623996
1.8796134099829942e-05
2.387135964454501e-06
1.0771219422167633e-05
0.00019050229457207024
1.9564358808565885e-05
0.000574248842895031
2.80058323198773e-08
0.0009047130006365478
3.615680725488346e-06
0.00016459761536680162
7.903140613052528e-06
0.00018469244241714478
3.982503403676674e-05
0.00018645584350451827
2.573723395471461e-05
0.000823478854727
4.735920811071992e-06
0.00046316024963743985
4.897257710467784e-08
0.0005141421570442617
2.1255984393064864e-05
7.200778054539114e-05
2.8388380087562837e-05
3.794012400248903e-06
3.202044536010362e-05
0.00046313891652971506
1.160191118287912e-06
1.320931642112555e-05
2.276138275192352e-06
0.000587130372878164
1.4933757483959198e-05
0.0003363839932717383
3.0147690267767757e-05
0.0014553072396665812
1.4000667292179969e-08
1.3449188372760545e-05
2.363329258514568e-06
0.0007498564082197845
4.415068843854897e-08
0.00038386258529499173
3.4760557809931925e-07
9.529731323709711e-05
2.1124458726262674e-05
0.0005732867284677923
5.217114448896609e-06
0.0004584451671689749
6.707314810228127e-07
0.0005294253351166844
3.561950052244356e-06
0.0003883258323185146
2.8183598260511644e-05
0.00036912583163939416
3.720926770256483e-06
0.00041369698010385036
1.075204272638075e-05
1.2483397995310952e-06
9.391196726937778e-06
8.79776562214829e-05
1.5726573110441677e-05
0.0006881432491354644
8.146005711751059e-06
0.00014347555406857282
6.108226807555184e-05
0.0005639232113026083
2.456652327964548e-05
9.520282219455112e-06
8.866397365636658e-06
7.819078746251762e-05
2.8309188564890064e-05
0.000499576039146632
2.5757956336747156e-06
3.3823280887190776e-07
1.3003645108256023e-05
0.0010280837304890156
6.179025604069466e-06
0.0005891612381674349
3.409459168324247e-07
0.0012205871753394604
1.704982992123405e-06
9.649309504311532e-05
9.048942956724204e-06
0.00023055303608998656
6.559636858582962e-06
0.000484881253214553
7.874300536059309e-06
0.0005628823419101536
7.0821297413203865e-06
5.823062747367658e-05
4.404768787935609e-06
0.0007057688198983669
4.507402081799228e-06
9.403026342624798e-05
1.565940328873694e-05
8.575650281272829e-05
3.181021747877821e-05
0.0002567404881119728
1.0324882168788463e-05
8.12356302049011e-05
1.1759681001421995e-05
0.00017425343685317785
1.096809967293666e-07
0.00013182930706534535
3.7513590456228485e-08
3.1513452995568514e-05
3.364966005392489e-06
0.00014982638822402805
4.0519877074984834e-05
0.00025600605295039713
1.1625668776105158e-05
0.0001994829362956807
5.558833890972892e-06
0.00011981836723862216
8.264208304353815e-07
7.218856626423076e-05
3.8844595451337227e-07
0.0001365014468319714
4.822324513042986e-07
0.00010666126036085188
7.066944817779586e-06
0.00015607799286954105
5.932446219958365e-05
7.214551442302763e-05
1.7145936226370395e-08
3.771270712604746e-05
3.3479327044005913e-07
0.00036932178772985935
0.00012050433724652976
0.00017329805996268988
0.00015230412827804685
2.7036527171730995e-05
1.8379558241576888e-05
0.00014111249765846878
7.829857167962473e-06
8.931890624808148e-05
1.4926428775652312e-05
4.021941640530713e-05
1.775895907485392e-05
2.054487595160026e-06
1.411967423337046e-05
1.036222602124326e-05
1.3315261639945675e-05
2.1478908820427023e-05
1.2734962183458265e-05
1.8393577192910016e-05
4.1518858779454604e-05
1.4562137039320078e-05
2.0715349819511175e-05
6.085330824134871e-06
7.714879046716305e-08
2.7978647267445922e-05
1.6141671949299052e-05
1.8715338228503242e-05
1.3810773680233979e-07
1.0937834304058924e-05
1.9848077499773353e-05
1.4429493603529409e-05
1.2649271411646623e-05
1.078455079550622e-05
5.264907940727426e-06
1.046573197527323e-05
3.2863310934772016e-06
1.6890717233764008e-05
3.47797576978337e-05
7.372392246907111e-06
2.1898024726851872e-07
1.3356994713831227e-05
6.27333463398827e-07
8.639503903395962e-06
2.241916263301391e-05
2.945520100183785e-05
2.2538419841566792e-07
5.397198037826456e-06
5.80047810672113e-07
2.4132637918228284e-05
1.6036115994211286e-05
2.0528319510049187e-05
4.179431198281236e-05
2.7348682124284096e-05
1.258664354963912e-07
4.67453037344967e-06
3.57143726432696e-05
3.528774686856195e-05
1.0048124750028364e-06
8.967061148723587e-06
2.4209954062826e-05
1.5297720892704092e-05
1.0023654795077164e-08
3.0514205718645826e-05
2.125428909494076e-05
5.282208803691901e-07
2.4705542500669253e-07
3.429725438763853e-06
2.611578338473919e-06
1.8667738913791254e-05
8.413665852913255e-08
1.6840168655107846e-06
8.053123110585148e-07
2.0307712475187145e-05
0.0001720783911878243
2.858388143067714e-06
1.99150363755507e-07
5.180744665267412e-06
1.928311030496843e-05
1.2786245861207135e-05
3.2755895063019125e-06
1.8424972950015217e-05
3.511730142236047e-07
6.306743671302684e-06
1.687524127191864e-05
7.866485248086974e-06
3.358021103849751e-06
4.020733740617288e-06
5.707901209461852e-07
1.9204866475774907e-05
2.5151422960334457e-05
4.395612904772861e-06
5.408293759501248e-07
1.7738829001245904e-06
9.275056072510779e-06
1.4647516763943713e-05
2.496599620371853e-07
3.601589924073778e-06
1.240290112036746e-05
1.2788912499672733e-05
2.87226896489301e-07
5.002954367228085e-06
2.1757046852144413e-05
3.5167518035450485e-06
1.367023287457414e-05
6.166363618831383e-06
1.193218963635445e-07
1.5809159776836168e-06
5.21820766152814e-07
5.90647096032626e-06
1.4119310435489751e-05
2.6226496174786007e-06
3.8888396147740423e-07
1.954952040250646e-06
1.7694800362733076e-06
8.803061973594595e-06
7.92629123225197e-07
2.7817645786853973e-06
3.207499503332656e-06
2.4706901058380026e-06
1.242494909092784e-05
3.369641945027979e-06
1.1578811609069817e-05
1.4586205452360446e-06
1.7773214722183184e-06
6.9071293182787485e-06
3.2407594972028164e-06
1.818537953113264e-06
9.093510925595183e-06
4.153405825491063e-06
3.566320003756118e-07
7.287750577233965e-06
2.9891023586969823e-05
3.3484741379652405e-06
5.883034646103624e-07
6.7435962591844145e-06
1.496686218160903e-05
7.015301889623515e-06
8.302997116516053e-07
8.679464372107759e-06
3.159800030516635e-07
2.880253305193037e-06
1.3972362467029598e-05
1.3552921700465959e-05
1.54552635649452e-05
3.460543666733429e-06
1.0309943718311843e-05
8.151259862643201e-06
3.2173943509405944e-07
1.2828390026697889e-05
3.570023545762524e-05
3.873422429023776e-06
1.3248973118606955e-05
1.143891586252721e-05
3.5206172469770536e-05
5.8473665376368444e-06
1.3991366358823143e-06
1.2794163012586068e-05
3.2648542401148006e-05
6.7810901782650035e-06
3.7797976801812183e-06
1.0306106560165063e-05
1.5876159409344837e-07
