4.099692432646407e-06
5.341552423487883e-06
1.5187582903308794e-05
6.865853720228188e-06
8.19095930637559e-06
6.680661499558482e-07
5.996347681502812e-06
4.284870556148235e-06
1.1552368050615769e-05
6.205050794960698e-06
1.3813728827472005e-08
1.882587064017116e-08
4.2563002011775097e-07
4.467631598004118e-08
4.317572802392533e-06
6.618300631089369e-06
2.6508865630603395e-05
1.7007503629429266e-05
3.8981081161182374e-05
2.0059902183788836e-08
1.761536054800672e-06
3.2828390885697445e-06
7.031695986370323e-06
1.0884877156058792e-05
4.971092039340874e-06
3.26247863995377e-05
2.5377163183293305e-05
2.109294837282505e-05
2.637855232023867e-07
1.34902556965244e-05
6.395451782736927e-05
1.5688608982600272e-05
2.066829620162025e-05
6.89733724357211e-06
1.1928476851608139e-05
1.240295750903897e-05
5.078687991044717e-06
2.556234449002659e-06
4.74205535283545e-06
3.2821590139064938e-06
7.321355951717123e-06
2.1094952899147756e-05
1.1198717402294278e-05
1.958793234280165e-07
1.2228407513248385e-06
1.0769706904056875e-07
6.9532147790596355e-06
5.975106432742905e-06
1.6799727745819837e-05
1.2412668866090826e-06
2.180719457101077e-05
1.5049487956275698e-05
3.106463054791675e-06
5.575042450800538e-06
1.9844501366605982e-05
1.173534747067606e-05
1.9745152712857816e-06
1.181192146759713e-05
4.410688347888936e-07
3.978999302489683e-05
2.5629021820350317e-06
8.120696293190122e-05
9.123762538365554e-06
7.213044682430336e-06
5.859715201950166e-06
2.5699407615320524e-06
1.7877927120935055e-06
2.784975777103682e-06
2.026646507147234e-05
4.490971150516998e-06
5.472916768667346e-07
7.665773409826215e-06
9.487889656156767e-06
4.043170974910026e-06
6.326515631371876e-06
2.569073149061296e-05
6.608185685763601e-06
3.7358549889177084e-06
2.1907020709477365e-05
2.022080479946453e-05
5.164371941646095e-06
1.952473212440964e-05
3.74925252799585e-06
8.519099537807051e-06
6.165119884826709e-06
7.438055149577849e-07
6.745675023012154e-07
1.0711585673561785e-05
5.27884276380064e-06
5.917445378145203e-05
6.783714525226969e-06
3.416769686737098e-06
3.6207828202350356e-07
2.680836223589722e-05
9.551967195875477e-06
1.6552871784369927e-07
3.437632130953716e-06
1.5929637129374896e-06
6.667352892009148e-08
8.46250077302102e-06
4.5980206778040156e-05
1.890956082206685e-05
4.5480206267711765e-08
5.289058080393261e-08
2.80262411251897e-05
6.827285119470616e-07
1.568447260069661e-05
1.3987000784254633e-06
4.091430128028151e-06
4.19948082708288e-06
1.0141592611034866e-05
1.642233837628737e-05
1.306751619267743e-05
4.6302902774186805e-05
2.943464551208308e-06
1.252856873179553e-05
3.821067366516218e-06
6.937925354577601e-05
9.398578981745231e-07
3.233323877793737e-05
4.031187472719466e-06
3.662915332824923e-06
1.1249983799643815e-05
1.1249983799643815e-05
3.289021833552397e-06
3.289021833552397e-06
3.1757077522343025e-05
1.7210564692504704e-05
4.6660302359669e-06
1.2944301488460042e-06
1.2364499525574502e-05
1.4411220035981387e-05
3.908206053893082e-06
2.2562171579920687e-06
4.117564245120775e-08
7.760078091223477e-08
1.3993902939546388e-05
1.786191569408402e-05
7.6218266258365475e-06
1.0823629963852e-05
3.052105239476077e-05
9.668707207310945e-06
1.0548714271862991e-05
2.8695192668237723e-05
4.621765128831612e-06
3.0039489047339885e-06
2.824082002916839e-05
2.0458963263081387e-05
3.908533017238369e-06
2.928336471086368e-06
1.7611693692742847e-05
2.7263560696155764e-05
2.5426275897189043e-05
1.3847970876668114e-05
3.617385300458409e-05
3.225906039006077e-05
1.496014192525763e-05
8.33861395221902e-06
1.2202020798213198e-06
3.6585174711945e-06
7.931896107038483e-06
2.66078241111245e-05
1.9901013729395345e-05
5.959549525869079e-06
1.3140552255208604e-05
2.06086097023217e-05
1.968633478099946e-05
1.671273639658466e-05
8.688311936566606e-06
1.0385237146692816e-05
1.8193014739154023e-07
8.948013601184357e-06
8.453341251879465e-06
3.842921432806179e-05
5.626105576084228e-06
3.3398973755538464e-06
8.189209438569378e-06
3.6869942050543614e-06
6.950485840206966e-06
2.3137170501286164e-05
5.4379306675400585e-06
5.0054917664965615e-05
4.204952347208746e-06
9.785590918909293e-06
2.1795112843392417e-05
2.6499441446503624e-05
5.237347522779601e-06
6.711332389386371e-06
7.354595254582819e-06
1.386831354466267e-05
2.67624382104259e-05
2.848874828487169e-06
1.417819566995604e-05
1.2893346138298512e-05
2.2439828171627596e-05
3.225359250791371e-05
4.576785954668594e-07
5.090931267659471e-07
1.6745698303566314e-05
3.912780357495649e-06
8.102540050458629e-06
7.890249435149599e-06
0.00010485084931133315
1.6248297470156103e-05
2.5150389774353243e-05
6.7852033680537716e-06
7.429144716297742e-06
6.590971224795794e-06
6.384223524946719e-06
5.078887625131756e-06
1.2190265806566458e-05
1.3314723219082225e-05
1.2215112121793936e-07
8.66911250341218e-06
6.638786658186291e-07
6.5080998865596484e-06
1.0024133189290296e-05
2.5461022232775576e-05
4.17850469602854e-06
4.2873947677435353e-05
1.1171752703376114e-05
2.2102895513853582e-07
1.884875564428512e-05
3.007571467605885e-05
1.8280432414030656e-05
4.527207238425035e-06
2.5540546630509198e-05
2.3248099751072004e-05
2.0824385501327924e-05
1.6414682249887846e-05
3.634788114936782e-08
2.0138010370374104e-07
5.372851774154697e-06
8.681668077770155e-06
5.806355147797149e-06
6.266568107093917e-06
9.960784154827707e-06
3.2877462672331603e-06
1.2165782209194731e-05
9.45084320846945e-06
3.534258894433151e-07
4.588178228459583e-07
1.8638076653587632e-05
1.2503271136665717e-05
3.1759698231326183e-06
3.620558118200279e-06
5.1900133257731795e-06
9.1343026724644e-06
4.41293605035753e-06
4.035515758005204e-06
2.3663764295633882e-05
1.8443661247147247e-05
1.8297525457455777e-05
2.905387918872293e-05
1.435469039279269e-05
2.915902541644755e-07
8.908324161893688e-06
4.179732513875933e-06
8.342462024302222e-06
1.1009407899109647e-05
7.694270607316867e-06
1.6282319847960025e-05
8.685239663464017e-06
1.0814854249474593e-05
5.1122901822964195e-06
1.8311877283849753e-05
3.0187175070750527e-05
6.866712283226661e-07
1.4333209037431516e-05
2.9988530513946898e-05
9.781614608073141e-06
3.103293238382321e-06
2.1188659957260825e-05
3.8551133911823854e-05
1.2868648582298192e-06
1.763161526469048e-05
1.1657893992378376e-06
4.624117082130397e-06
1.9298029656056315e-05
1.574488851474598e-05
8.491341759508941e-06
1.2004270502075087e-05
3.36004959535785e-05
2.18085442611482e-05
2.3207982735584665e-07
1.7346127378914389e-06
4.330090632720385e-06
8.033571066334844e-05
5.854549726791447e-06
2.9600498692161636e-06
1.514308405603515e-05
1.979895750992e-05
3.489009031909518e-05
4.418500338942977e-06
9.533246156934183e-07
5.936355591984466e-06
4.910375537292566e-06
7.586609626741847e-06
1.2501181117841043e-05
1.1640212505881209e-05
