1.170190486732281e-07
2.4237448853492438e-11
1.2688777979719124e-12
2.665049170930134e-13
2.2570013566425295e-11
2.0584400503564915e-11
3.49310957936666e-09
1.5676903331041103e-08
2.3260622583620716e-06
4.4724149006469816e-07
2.73791954441549e-07
5.4475323850056157e-05
5.345750751784006e-12
1.5736443398362e-11
4.9289003101193885e-08
3.200495370947465e-07
3.2564697466375137e-11
1.373896829637289e-10
1.9214082840335323e-06
3.657359286535211e-07
8.312485357160615e-13
2.0063586209095874e-12
1.5568354001516127e-06
1.3038015822530724e-07
6.535577634636525e-10
8.342531526706054e-11
3.591625885590588e-10
3.0925240146473243e-09
2.3196615461795744e-10
3.079731608623959e-11
2.3196615461795744e-10
3.079731608623959e-11
6.33018544249353e-08
2.5041202889042324e-07
2.3469970758527303e-11
2.5430471964349444e-11
5.772609473764234e-11
3.9725867040374396e-10
1.9421210473158368e-10
1.594886711586696e-08
1.6688689186139527e-07
3.8393528711822e-07
1.2078367639389853e-08
1.0101022240860402e-08
1.6949157100043521e-07
1.3166776113848755e-07
8.650562904888304e-11
1.016485923210908e-10
8.184669241018128e-06
3.5162679523637053e-06
3.471885889894111e-08
4.829893374136418e-09
1.7669944674114646e-10
2.7561503079809313e-10
1.7669944674114646e-10
2.7561503079809313e-10
4.1003662772709504e-05
7.98362998466473e-06
1.49813015326572e-08
6.6388183839194426e-09
1.6694108353476622e-06
1.7719721654430032e-06
3.586498320551357e-10
3.201354070725415e-09
