1.7848026390154814e-09
1.7848026390154814e-09
1.830269127367501e-07
2.2949486755408088e-10
2.2949486755408088e-10
2.2949486755408088e-10
8.276912922156043e-06
9.138098611138901e-11
9.138098611138901e-11
1.437016838856664e-09
2.8281162940402282e-06
1.437016838856664e-09
2.023884393409503e-09
2.023884393409503e-09
7.651117357454496e-07
3.1026409885726025e-08
1.5753205673263437e-07
3.1026409885726025e-08
8.078211521933554e-07
5.696950550193591e-11
5.696950550193591e-11
1.9775450709857978e-05
2.244466390521893e-09
2.244466390521893e-09
5.559736560023509e-10
2.1356822799134534e-07
5.559736560023509e-10
1.0722690291231629e-08
1.0722690291231629e-08
1.0722690291231629e-08
2.6958624221862237e-10
2.6958624221862237e-10
2.6958624221862237e-10
5.640643507831555e-10
5.640643507831555e-10
5.640643507831555e-10
8.56421114581174e-11
8.56421114581174e-11
8.56421114581174e-11
1.5651456124032848e-05
3.1162799132289365e-06
4.805682962683022e-09
6.731308531016111e-06
3.6825019833486294e-06
7.873817509107539e-08
1.2256893278106418e-08
1.4348042896017432e-06
3.466631426363165e-07
1.2203508958918974e-07
3.503169143659335e-10
2.1460443144771801e-10
2.062415349612934e-09
2.062415349612934e-09
2.062415349612934e-09
1.057601853315937e-10
1.057601853315937e-10
1.057601853315937e-10
1.1768521268606946e-08
1.1768521268606946e-08
1.1768521268606946e-08
6.542322794622635e-10
6.542322794622635e-10
6.542322794622635e-10
1.0806013028830108e-10
1.0806013028830108e-10
1.0806013028830108e-10
3.0108857074218065e-10
3.0108857074218065e-10
3.0108857074218065e-10
1.9808950035837825e-09
1.9808950035837825e-09
1.9808950035837825e-09
3.683584282043739e-08
2.4335377020179294e-06
2.1746519252019425e-08
7.763601672650111e-08
1.3081170591178193e-09
7.67620811359393e-09
5.168390604382012e-09
1.9581504773213965e-07
6.013200160026599e-09
1.5043410961368409e-09
1.443780428544983e-09
1.7070870228508284e-07
7.121491307771066e-08
1.3439972690321156e-06
3.376202650784421e-10
0.00011145288590341806
2.2148705980384875e-08
7.65972956173755e-08
8.163048903497838e-09
2.4958092481597305e-08
5.021416313866212e-07
3.6852654261565476e-07
6.316956957519437e-10
8.603228707215749e-08
6.149153963797005e-10
6.149153963797005e-10
6.149153963797005e-10
5.704861916200343e-09
5.704861916200343e-09
5.704861916200343e-09
