1.9129312023302703e-10
5.917936279908886e-11
2.099005552702593e-10
8.973295023695371e-11
8.834098730314821e-11
1.2642784041894117e-10
3.907892732968321e-06
1.573221993567131e-06
2.910066632111352e-10
3.017093519463998e-10
1.6679198300284526e-10
1.2271840488242702e-10
3.747028358702664e-07
7.451837404914841e-07
8.673371465484081e-10
6.663526397332475e-10
1.4920334412416025e-10
1.4992433683413964e-10
1.46209520185403e-11
1.757564406512646e-11
4.937836806107043e-10
1.172225982948305e-09
2.7386809486884545e-10
8.219814412457893e-11
2.5568777650697427e-10
2.2685085754314827e-10
6.319219636452544e-08
8.484209246262253e-08
2.4909022400265712e-08
6.951788122933067e-08
2.4698346146045935e-10
4.6563713995695366e-10
1.4681843241159953e-10
3.922239963372043e-11
3.03662844869379e-10
1.2589110864880126e-09
3.306699913885325e-10
7.067470914057239e-11
1.9593610067758505e-10
1.5322326740729864e-10
5.167408514972216e-11
1.1442580216680653e-10
2.0621720997482385e-10
3.801048642504412e-10
4.553438737175952e-10
9.751300877880453e-10
1.3149574484838666e-10
1.424231843571988e-10
2.2464254068044198e-10
1.1632388802196303e-10
9.61309989944148e-11
7.009313268691031e-11
8.135430662470355e-10
1.521126669068451e-09
5.3826144930102515e-11
1.572088847989761e-10
1.0781413956051367e-10
2.0591976734873896e-10
5.881117814965364e-10
3.757533728609985e-10
3.2717969999929153e-10
8.288744135498405e-10
6.220484682906147e-10
3.713929441762076e-10
1.5217967757052975e-06
5.021742595090473e-07
1.0052767862589462e-07
9.943011747282071e-08
4.458833580134325e-10
7.042700866932705e-10
4.646418250153772e-10
8.773848314547195e-10
1.7965379184303742e-09
1.037486114796593e-07
9.187348104511273e-11
3.4010555483021676e-10
8.956631269985138e-11
1.7356069359486526e-10
1.744135808001701e-10
1.2486273126555147e-10
1.3666846143678413e-06
1.6779217730800156e-06
7.167045429357088e-11
2.0076232343235745e-11
1.9054178679311917e-08
2.8874062536488054e-06
3.572726281486638e-10
3.958682270877034e-10
