2.2076041204854846e-05
0.00011849244037875906
5.106211564687158e-10
2.6233095695715747e-08
1.693570811767131e-05
6.222756928764284e-05
7.078885033706683e-08
5.752958145421871e-07
4.480237361659256e-12
4.316206766996622e-11
5.618471243806766e-10
2.9755381492080346e-10
1.3463469922259108e-11
5.060111617910534e-12
5.50441324465023e-11
3.6237044476195024e-09
2.4878306703612907e-06
2.1795210614072857e-06
1.68152025636914e-09
8.23560952767366e-09
5.615930422209203e-05
9.689054422779009e-06
1.737893162712112e-09
3.9730360668066567e-10
3.071581159019843e-05
4.912870281259529e-06
2.0476198514529642e-10
2.49799764207026e-10
5.174591478862567e-06
4.01254237658577e-06
6.6471295134817865e-09
4.873147219086604e-08
6.472574114013696e-06
1.3354903785511851e-05
8.98567123486238e-11
8.883788843450091e-11
0.0001939932262757793
3.0953247915022075e-05
2.170899824704975e-05
2.5256713342969306e-06
2.795784159737025e-10
2.2747702332903685e-10
4.5500033252210415e-07
4.4226010231795954e-07
1.4402033732263675e-10
1.8663991185885465e-10
2.509688290519563e-10
3.2858132881230517e-10
1.857781342096132e-07
6.372040957103309e-07
1.9294724151741605e-10
1.6094652000031573e-10
3.9017724162704326e-08
2.3505765511799837e-07
9.340946072189382e-11
1.7152215758819978e-10
8.525950778714986e-11
4.326219105177387e-10
5.157721361115364e-09
7.527562573272917e-09
1.0985807402663639e-10
1.9493823222305195e-10
2.5404560233255324e-08
3.12291241755247e-08
8.193229206199248e-08
1.2119389225517807e-07
3.58720946280755e-08
1.7284817133145225e-08
1.0311963904996446e-07
1.2962381390480004e-07
4.3864498699974774e-09
2.205649174413793e-08
