2.262652287754463e-06
2.6523183649374005e-09
1.694988469580494e-07
6.629427957705047e-07
5.708984645025339e-06
3.663709321699571e-06
3.506598034164199e-07
3.17700212804084e-08
3.648975280157174e-06
3.447003678047622e-07
1.2590254527822253e-07
4.1991979742306285e-06
2.3569087716168724e-05
5.893520210520364e-06
4.154202599693235e-07
9.067074984159262e-07
7.820199243724346e-06
7.081807325448608e-06
7.820199243724346e-06
7.081807325448608e-06
8.63573518472549e-07
6.198048936312262e-07
7.5826624197361525e-06
1.2787713785655797e-05
9.324470011051744e-05
8.922326378524303e-05
2.982716011956654e-07
3.234756036363251e-07
2.319998429811676e-06
3.0027862862880284e-07
2.319998429811676e-06
3.0027862862880284e-07
7.089175255714508e-07
2.185893919204318e-07
2.1065368855488487e-05
1.5074392649694346e-05
3.7062636693008244e-05
3.8819500332465395e-05
1.1393619558930368e-07
4.442158569872845e-07
1.7109239252022235e-06
3.5105415463476675e-06
1.60336330878863e-08
7.083796305096257e-08
4.047685422392533e-07
8.237716428993735e-07
1.0000702786783222e-05
1.6097157640615478e-05
4.872040548775658e-08
2.3258337478182511e-07
1.3575795492215548e-05
9.820392733672634e-06
2.246257054139278e-06
1.414986854797462e-06
2.246257054139278e-06
1.414986854797462e-06
1.024387984216446e-05
5.931690338911721e-07
5.0858357525385145e-08
2.0805108746912993e-08
7.876684549046331e-07
8.347274729203491e-07
0.00010226975427940488
8.076248923316598e-05
