1.9956401047238614e-06
1.9956401047238614e-06
1.9956401047238614e-06
4.419465767568909e-06
4.419465767568909e-06
4.419465767568909e-06
6.693933300994104e-07
6.693933300994104e-07
6.693933300994104e-07
4.613245039308822e-07
4.613245039308822e-07
4.613245039308822e-07
1.2530821322798147e-06
1.2530821322798147e-06
1.2530821322798147e-06
5.568323899751704e-07
5.568323899751704e-07
5.568323899751704e-07
6.401548802159596e-08
6.401548802159596e-08
6.401548802159596e-08
2.014572783082258e-05
1.1718083214873332e-06
1.1718083214873332e-06
9.999066605814733e-07
2.9438738238241058e-06
9.999066605814733e-07
9.858642897597747e-07
9.858642897597747e-07
9.858642897597747e-07
1.2397440514178015e-05
1.2397440514178015e-05
1.2397440514178015e-05
5.173576482775388e-06
5.173576482775388e-06
5.173576482775388e-06
4.338045073382091e-06
4.338045073382091e-06
4.338045073382091e-06
6.950161332497373e-05
1.082250673789531e-05
1.082250673789531e-05
4.157120201853104e-06
5.12082669956726e-06
4.157120201853104e-06
7.191845270426711e-06
7.191845270426711e-06
7.191845270426711e-06
7.214434390334645e-06
7.214434390334645e-06
7.363784249037053e-09
4.385451029520482e-05
1.2416032859619008e-06
1.2416032859619008e-06
2.6652830911189085e-06
4.453774522517051e-07
2.6652830911189085e-06
1.1197957064723596e-05
1.1197957064723596e-05
1.1197957064723596e-05
1.2013636023766594e-06
1.2013636023766594e-06
1.2013636023766594e-06
8.161127311723249e-07
8.161127311723249e-07
8.161127311723249e-07
1.982124103960814e-06
1.982124103960814e-06
1.982124103960814e-06
1.0570953463684418e-06
1.0570953463684418e-06
1.0570953463684418e-06
0.0001362169423373416
4.8235306167043746e-05
4.8235306167043746e-05
1.5971276070558815e-06
4.799733801519324e-07
1.5971276070558815e-06
3.938741883757757e-06
3.938741883757757e-06
4.6174278622856946e-08
4.555931809591129e-06
4.555931809591129e-06
4.555931809591129e-06
0.00021306989947333932
2.000662561840727e-06
3.3864257602544967e-06
2.655403113749344e-05
6.07753634085384e-07
1.501079896115698e-05
4.397855263960082e-06
4.397855263960082e-06
2.6172995148954215e-07
5.915774636378046e-06
5.915774636378046e-06
2.438730639653386e-08
2.958461891466868e-06
2.958461891466868e-06
2.958461891466868e-06
4.917312253382988e-06
4.917312253382988e-06
4.917312253382988e-06
