4.8536630856688134e-06
3.5158905120624695e-06
1.5417650502058677e-05
4.260179139237152e-06
2.814425897668116e-06
2.8945785288669867e-06
2.6722675556811737e-06
1.5940660205160384e-06
9.029074135469273e-06
1.3348963875614572e-05
7.609248768858379e-06
5.8278965298086405e-06
1.0119990292878356e-05
1.0376120371802244e-05
7.459761036443524e-06
7.975609150889795e-06
1.81751893251203e-05
1.4962775821913965e-05
9.225053872796707e-06
7.167168860178208e-06
1.3140552255208604e-05
2.06086097023217e-05
1.6453767557322863e-06
2.1011401258874685e-06
4.852744950767374e-06
3.3625299238337902e-06
1.6777970813564025e-05
2.9623230147990398e-05
1.0138653472324677e-08
2.424488627639221e-07
7.830869435565546e-06
4.917425485473359e-06
8.342462024302222e-06
1.1009407899109647e-05
2.0621482690330595e-05
2.4550889065722004e-05
2.2727364921593107e-05
1.8615690350998193e-05
1.3738286725129e-05
2.2327032638713717e-05
4.320396783441538e-06
5.846123713126872e-06
3.3396552225894993e-06
1.2445699212548789e-05
1.183489257527981e-05
2.3558633984066546e-05
5.433399564935826e-06
2.8601557460206095e-06
4.67161135020433e-06
2.713833737288951e-06
5.157677151146345e-06
2.1808689325553132e-06
8.189041267314678e-08
1.298324150411645e-07
2.2658603029412916e-06
2.011022843362298e-06
9.671807674749289e-07
1.2015657375741284e-06
2.2166645067045465e-05
1.3781522284261882e-05
3.8153120840433985e-06
4.772733882418834e-05
1.3954691894468851e-05
1.1561224710021634e-05
2.0585434867825825e-06
2.319319264643127e-06
4.253043243807042e-06
1.4663338333775755e-05
1.1014094525307883e-05
1.652526407269761e-05
9.42123824643204e-06
9.772286830411758e-06
9.823072133485766e-08
1.1690394785546232e-06
3.352753765284433e-06
3.8037214835640043e-06
2.6041305318358354e-05
3.525729334796779e-05
2.7762746768189572e-08
2.3731669784865517e-07
1.1619222277658992e-05
4.99556972499704e-06
3.8691359804943204e-07
7.86472753588896e-07
2.521890746720601e-05
1.0357451174058951e-05
9.494107871432789e-06
1.3120776202413253e-05
