0.0005539666744880378
0.00027102691819891334
3.7372748806774325e-07
3.3723956960329815e-08
0.0002929894835688174
0.00014754303265362978
2.722520775932935e-06
1.3948756532045081e-06
5.342897929949686e-05
1.4497062693408225e-05
2.215535641880706e-05
2.853898649846087e-06
7.564283441752195e-05
1.4331479178508744e-05
1.2608950328285573e-06
2.754088370693353e-07
0.000814638624433428
0.00034435506677255034
1.893490662041586e-05
4.8295587475877255e-06
0.0005934268701821566
0.0005512506468221545
7.403457857435569e-05
8.728179636818822e-06
7.755889964755625e-05
1.306610465690028e-05
7.755889964755625e-05
1.306610465690028e-05
6.580739136552438e-05
1.5026136679807678e-05
6.485603165629072e-08
2.4308448587362363e-08
0.00010479448974365368
4.214675209368579e-05
0.00011222143075428903
1.6305573808494955e-05
0.00042652286356315017
0.00010432206909172237
2.8944974474143237e-05
9.1471274572541e-06
4.915080717182718e-05
1.1211130185984075e-05
4.63313699583523e-06
1.4400653753909864e-06
3.278092117398046e-05
6.646357633144362e-06
2.4353602157134446e-07
6.733841217965164e-08
5.80375490244478e-05
2.0942102310073096e-06
9.536739526083693e-05
2.1495521650649607e-05
4.5848337322240695e-05
7.489381459890865e-06
7.240377453854308e-05
7.856944648665376e-06
3.965185896959156e-05
7.650392944924533e-06
3.965185896959156e-05
7.650392944924533e-06
4.4672629883280024e-05
5.907977538299747e-06
3.31514030449398e-07
4.342479655861098e-07
2.199601112806704e-05
4.9608488552621566e-06
4.384841076898738e-07
1.2930580339798325e-07
1.852990135375876e-05
2.758028858806938e-05
1.2890433254142408e-06
1.1292161161691183e-06
