7.5641031216378e-09
1.4603062936657807e-06
8.346374702483672e-10
1.8407093627104132e-09
1.3257178466119512e-07
1.7529138176541892e-06
6.003012344990566e-07
1.1644506470176452e-09
1.7522251427593005e-09
3.8089670084673344e-08
1.8636737308952434e-07
5.735375907534035e-07
1.94461371449961e-08
3.314749008609397e-08
2.8470383384160414e-08
4.912603230877721e-07
4.1031562147963996e-08
1.5394536490020982e-07
2.3140943085309118e-05
6.944591746105289e-07
0.00039041455602273345
8.461025657879873e-09
1.112505287892418e-08
4.024068633867728e-09
4.699169053878904e-09
3.0169611253683115e-09
2.2784826470001462e-08
4.225946170777206e-08
1.162173475677264e-06
1.2102320567919378e-07
4.78595552078076e-10
1.392165605018647e-09
6.513235462080047e-08
7.844471383577911e-08
2.0258879018797415e-09
3.186501285057375e-09
0.00047664798330515623
2.5619247026043013e-05
1.0404851025214157e-07
3.0158979757999305e-09
9.617476280254778e-06
9.539307121997354e-09
2.0351116347683273e-07
6.362919524605104e-09
6.5268257465334045e-09
2.4545976362588817e-09
1.642252556166568e-09
5.255536450476939e-09
2.079968726320658e-05
4.4859405079478165e-07
6.34732222337675e-09
8.413648444616229e-09
7.450120165231056e-07
1.725728893120504e-08
1.673978317073832e-10
3.3078699779309773e-09
3.744710568298615e-07
1.6422649906644438e-08
1.4449240097746952e-06
1.4647194568340183e-08
3.145251836755847e-10
1.6020132997951464e-09
3.1682427792389944e-09
2.3648766972472757e-11
2.0345751472472529e-10
8.854400768143478e-09
2.8882871094815243e-10
1.5881829185104834e-08
1.1929852917091921e-05
3.747565813227993e-07
8.69083760335343e-06
1.235566493562601e-08
5.421972315566848e-10
1.2719515218861943e-08
8.417576282226946e-06
1.2045961739204358e-05
1.2631493184755982e-08
4.354599525413505e-07
1.4691262606447708e-07
1.8272517081641126e-06
1.7005172026074433e-07
9.11752451315806e-08
1.800961371145604e-07
1.5918444660201203e-06
3.0362212743995087e-09
2.5601525521778967e-06
9.281818091899652e-10
1.887845542114519e-07
5.791949320155254e-07
7.212160539893375e-07
1.595452481240045e-08
2.6871262548411323e-08
3.1740107715449994e-06
3.1405156732944306e-06
5.09388955833856e-05
2.3404680860039662e-07
1.2294200324447502e-08
5.074623032896852e-08
2.7680257517204154e-06
1.3690349987882655e-05
2.6621133741855374e-08
2.825942999606923e-07
2.4729384762167683e-08
1.1537719757370724e-07
9.332163608632982e-05
2.755391142272856e-05
2.9443208404700272e-05
1.0161606951442081e-05
3.3401794663490136e-09
6.027154775267718e-09
8.315028665606405e-09
1.0263140381994162e-07
2.6643931505532237e-08
7.781749218338518e-07
4.2721765680653334e-08
1.085670987777121e-06
7.790196576706876e-08
8.597916121289018e-07
8.038823295919428e-08
2.5195359398821893e-07
4.7592880747515665e-08
2.891200701071739e-08
5.55861578988015e-09
5.55861578988015e-09
6.231256861610746e-07
1.939922222859991e-09
1.0018674601042221e-07
7.685940062174268e-08
2.678722194104921e-05
7.338397836065269e-07
1.3620350181042795e-08
1.8497389930871577e-07
7.283820657733031e-09
7.283820657733031e-09
2.3894111578215416e-08
1.7208056135586958e-07
1.9141738860639634e-08
2.4553806099447684e-08
1.0876868294928954e-08
1.2474398403128362e-08
2.201920201727603e-09
1.7693494669401844e-08
5.055976082246616e-09
2.4823860744760395e-09
3.897694611509905e-09
3.5768472628205927e-09
4.6215181015440976e-08
5.0431676612561205e-08
1.5954066512335885e-08
1.0774672887237102e-07
1.6000427649487392e-07
9.229255226728128e-08
7.218579956003168e-09
3.844228047000797e-08
4.375737461259632e-08
6.624433268598295e-08
1.1561403567839079e-07
9.793424169401987e-07
0.00018359288515057415
8.402313687838614e-05
9.812430867839339e-09
8.758824776577967e-08
8.425433151160178e-08
1.0405809547364697e-07
2.2444529790277556e-08
4.9664556911466207e-08
6.024608723009806e-08
6.716843614640311e-08
2.792032205434225e-07
2.802238157073589e-07
4.6586890789512836e-07
7.2091075331570664e-09
5.102757683062009e-08
3.800477088589105e-07
3.111836566205284e-09
4.3850608477669084e-08
8.77404104926427e-09
2.1540165207056816e-08
0.0004106927663087845
6.151504408080655e-07
2.629430362333096e-08
5.357162535801763e-07
2.7814772707301927e-08
7.647570328117581e-07
9.988117888326542e-09
1.573464203374897e-08
1.0648068382579368e-07
1.6646153255805984e-07
2.00955536655556e-08
2.514717891699547e-07
1.5219666238408536e-07
1.290634713768668e-06
5.617269138724623e-08
1.632469448509255e-08
2.0608576178915428e-08
3.5873803483355005e-08
6.710951765853679e-06
3.1274132652470144e-06
2.3829866222513374e-06
6.347205498968833e-07
3.095846357048515e-10
1.6219150467122745e-09
5.643982348146892e-08
3.360374103067443e-05
3.147879468201609e-08
1.223988874698989e-07
2.0259117050613895e-08
3.4847857932618354e-08
4.121772079201946e-08
2.4947038212985717e-08
2.357830908295e-08
3.6766000448551495e-06
1.2528279569323786e-07
6.028035670624377e-08
2.3232605883549695e-07
9.678131362989006e-08
3.944868609551122e-08
2.652428179317212e-07
1.205540889337442e-09
2.2208264116585497e-09
1.633230795050622e-06
1.4866647291000845e-07
7.381893141200635e-08
5.443546615424566e-05
5.4939935267839246e-08
9.310997306499758e-09
7.723242561041843e-07
1.254095991498616e-06
4.0333759443456074e-08
2.61561154957235e-07
1.0339371101508732e-06
1.382894652124378e-07
1.8448641725399284e-08
1.0114661108673317e-07
4.165677136569457e-09
1.7277127506432066e-09
4.8513713046816065e-09
7.961978631954025e-09
1.1873670935358405e-08
6.108825800765771e-07
5.444871220561254e-09
3.437089546309835e-08
4.4121367670513223e-10
3.40942296617186e-09
2.5672246550811906e-09
6.7912164780636886e-09
4.50842811972052e-08
5.755659913120326e-07
5.1959627711539724e-08
4.734499015057736e-09
3.1155192203868864e-08
1.0958408624972549e-09
9.350999974344631e-09
4.4667208953796944e-07
4.750614124304775e-09
1.7816357456013066e-07
1.5805160558102216e-07
3.237702728142722e-08
1.4852608920534749e-08
3.5619882599036146e-09
7.833285131653156e-09
2.6229496796759122e-08
3.670923831577966e-08
1.5349137072462327e-07
1.1609866401585123e-09
1.727448073474136e-09
3.9725693845582555e-09
3.9436852006247136e-08
3.135681225785447e-08
7.02582037774846e-05
2.8453658273974725e-07
3.899600642398582e-09
6.4444029703736305e-06
1.2318328401761391e-07
1.3049316294200253e-05
1.0634597629177733e-06
1.2710518149106065e-06
3.5312811519361276e-07
6.513620974146761e-06
2.1660677873569512e-07
2.9789783972944406e-09
9.543266621392377e-09
1.0569842601171331e-07
3.3647893360466696e-08
8.568333100811287e-07
2.2898740681398522e-08
0.0003476031997706741
3.218710986629958e-08
4.0187028815807935e-08
2.3200561827252386e-06
1.4054076018510386e-05
0.00023959504324011505
8.639317456982099e-07
1.5642195876353071e-06
1.979539376861794e-08
1.1920977840418345e-06
3.828123240623427e-08
1.205992958830393e-07
1.0926111144726747e-06
1.250129457730509e-07
