1.4080498544899456e-07
3.921983591226308e-07
5.506316469450212e-08
1.22672872748808e-06
7.393902734520452e-08
2.500677176442423e-08
8.177308785661808e-08
8.532813922101923e-08
2.826067158068213e-09
1.1239008301799913e-07
1.3183948155415237e-08
1.6509237639183993e-06
1.6322156959347467e-09
3.1320647053689754e-07
5.804799343422928e-07
4.143033436321275e-07
1.0454194665499017e-07
1.024734274324146e-06
1.2987982911383256e-09
2.5089497057706467e-07
6.239480487835181e-09
3.2551135120684194e-08
5.505736311306464e-08
5.401526337323048e-08
3.578121834379999e-07
6.33445722542092e-08
2.4287800215461175e-07
7.270735977726872e-07
1.5382052254153677e-07
1.1807888888881735e-08
2.865394606033078e-07
4.261192287913218e-09
8.662805157655384e-07
1.487647605102893e-08
2.521142414479982e-05
4.40636895859825e-08
2.425260936433915e-05
2.482124159541854e-07
7.693252700846642e-05
9.83955374067591e-07
1.0617206953611458e-06
1.6184314972633729e-06
2.5179868316627108e-05
8.08274194241676e-07
1.559185875521507e-05
3.7637681771229836e-07
3.8773256960666913e-07
2.981301463478303e-07
3.180255225743167e-05
1.692827140686859e-07
1.423454250470968e-05
1.2875981170168416e-08
3.3703253521366605e-09
2.829420395755733e-07
4.265112238499569e-06
4.563630398024543e-07
1.0243741598969791e-05
4.0572572856945044e-08
3.7441545828187373e-06
3.0669596640109376e-08
2.4970420398062743e-08
9.043825244248183e-09
1.866178877207858e-06
7.890124109621866e-09
1.9905323256352858e-07
2.1912926513323328e-06
9.476239029027056e-06
2.9862970762906116e-08
2.6918752382698585e-07
7.86670497632258e-08
2.544737753851223e-06
2.3842364527126847e-08
0.00023240955488290638
5.962680234006257e-07
7.739612556179054e-06
6.6421437239228e-09
2.583766581665259e-05
7.171603044753283e-08
7.320240456465399e-06
9.127460032232193e-08
5.106661319587147e-06
1.609569153515622e-05
5.418768341769464e-05
4.610893000744909e-09
6.564555860677501e-06
1.6200252250797575e-09
4.1727568600435916e-07
5.148485371364586e-08
3.672289778933191e-07
3.114576827556448e-07
7.484680395464238e-07
4.274730258657655e-07
1.398069980496075e-05
2.1293077168138552e-07
3.895985969393223e-07
1.2851965713878144e-08
6.446886686717335e-07
3.359098741384514e-07
6.1736195675621275e-06
2.876853955058323e-07
1.5243378470586322e-07
4.582390999985364e-07
4.942622808812303e-07
4.1740636902432016e-07
2.2310264569114224e-07
4.4356022499414394e-07
1.369879498724913e-07
2.5069050479942234e-07
8.88452973413223e-08
2.032622070657908e-08
2.7855828648171155e-06
6.202631539053982e-06
8.003483344509732e-06
2.5665297442856172e-08
4.733721198135754e-06
4.0445112858833454e-07
1.2421330666256836e-06
4.859905899934347e-08
2.535894907396141e-07
2.3693807804647804e-08
1.474126634093409e-06
6.509464611781368e-08
5.277169748296728e-06
3.2070488487079274e-07
2.5414462356820877e-07
8.268082041240632e-08
2.801971049848362e-06
4.3998404919420864e-08
6.7168889472668525e-06
2.1272894912272022e-07
3.064710938360804e-07
4.657263730223349e-08
1.1719931762854685e-06
9.626126740158725e-08
3.153238139930181e-05
3.519038500598981e-07
8.110305316222366e-07
9.893610553035614e-08
1.1814661320386222e-06
1.9630494989542058e-06
8.31279521662509e-06
1.4615782674809452e-05
1.653333856665995e-05
1.994604645005893e-05
2.368476089031901e-06
2.2332514504341816e-08
2.7723541506929905e-07
1.1645340247667946e-09
1.3804290688312904e-07
1.3110258123560925e-07
1.6114948948597885e-06
4.8961037890649095e-08
5.971207428956404e-06
9.952189827799884e-08
1.3288787158671767e-05
3.386502100966027e-08
7.78481989982538e-09
2.2595239457245953e-08
6.340974323393311e-06
1.2854326492117707e-09
3.5868790746462764e-06
1.716671071960718e-08
2.4928506263677264e-06
2.9897395847910957e-07
1.3312914234120399e-05
8.267546647289237e-09
5.652443846315691e-09
2.137852061423473e-05
1.0309136087016668e-05
3.6378455092744844e-07
3.690638777698041e-06
3.46199863088259e-06
7.672838364669587e-06
2.9779357646475546e-08
3.1484069040743634e-05
1.229585535611477e-07
6.348091847030446e-05
1.078622489103509e-07
9.158939064946026e-06
0.00046215843758545816
6.123647835920565e-06
4.652961251849774e-06
1.2304300071264151e-05
2.221998585127949e-08
6.243270945560653e-06
2.5058636765606934e-06
5.450447588373208e-06
7.919324161775876e-06
2.9581428862002213e-06
2.037132617260795e-06
1.5425474657604354e-06
6.622471460104862e-08
6.589324766537175e-05
3.790903591038841e-08
2.2703916329191998e-06
6.080354886250916e-09
1.3133138132559452e-08
7.904933454483398e-07
8.002475055945979e-07
3.302448590147833e-07
9.139952794612327e-07
1.280340189424578e-08
2.2415842693135346e-07
2.755661299147505e-08
6.118909823271679e-07
1.119009418459882e-08
1.770304834280978e-06
1.2860215115040319e-08
9.754437542142114e-07
2.53078042078414e-07
1.5386498262159876e-06
5.4645097407046705e-06
2.2798110421717865e-07
3.895449935953366e-06
8.113388503261376e-06
1.3434310330850963e-09
1.812019377211982e-06
9.432033948542085e-06
2.469678683780785e-09
9.10009063659345e-08
1.4534929277942865e-06
3.855380736883518e-10
1.5579757928207982e-08
4.792684293875027e-08
5.338630160167668e-08
5.488064402925374e-07
4.455293911576064e-09
1.878233213403746e-08
2.5607389542159353e-09
6.100254967833507e-09
3.404231208037345e-08
1.0812228445900018e-08
3.301905238117797e-08
4.2881049466814147e-07
1.1682174116955935e-09
2.0037742132217318e-08
3.085317279438726e-10
2.395007570044072e-08
3.794025360548403e-08
4.4314853653304453e-07
1.2250686154402501e-07
3.1729637584021475e-08
3.818547256173588e-08
9.204162765286128e-09
9.671068390559867e-09
2.0373998665945692e-07
2.4083891503323684e-07
1.4445432405807423e-08
3.918196966878895e-08
4.4760536610510826e-08
4.132427022796037e-08
3.878488428199489e-07
1.357688717007477e-08
2.4854747948666045e-07
1.774462390358167e-07
4.8840458788390606e-08
2.9128640832709607e-08
2.7465117113933957e-07
8.7137053128572e-08
3.01003466596228e-09
1.7613581348996377e-07
7.445928873472951e-10
2.4965586931102735e-08
8.216314739684094e-08
9.787878840761266e-12
2.0819172732444713e-06
1.6741898889449658e-07
2.7063755680956092e-08
2.124216678112134e-07
8.816716956516757e-08
1.3415148991668957e-08
8.450386168590285e-09
8.970062026492087e-08
2.1750265943865088e-07
3.702291451190831e-08
9.91730786381595e-08
1.292888351933641e-09
1.0016629303777336e-08
1.9444675558588642e-07
3.1208395512294373e-07
3.0111360072027082e-09
9.058452654642224e-09
3.539201642865919e-08
2.960424083653379e-08
0.0004496813053265214
1.3793735931244555e-08
0.0027683887165039778
1.692917749096523e-06
0.00016920808411668986
8.78744413057575e-06
0.00023541318660136312
4.7572675043738855e-07
1.1431386155891232e-05
2.5199007325227285e-08
0.00027454865630716085
1.1420089549574186e-06
1.9410077584325336e-05
4.074662030006948e-08
0.000566370552405715
6.466954260986313e-08
0.0029506341088563204
1.3210177485234453e-07
1.1447772521933075e-05
3.5138675968937605e-08
0.0015310392482206225
4.0480308882706595e-08
0.0008932558121159673
2.232562337667332e-06
0.001546949497424066
3.350028691784246e-06
0.00014069951430428773
6.334195834512002e-09
0.0009635934256948531
1.9877214185726189e-07
5.433033584267832e-05
2.5822910476591687e-09
0.0003864695900119841
1.2126352544328256e-07
2.632955693115946e-05
2.4642022253829055e-06
3.034820338143618e-06
1.0720968930399977e-06
0.00010928697884082794
1.9453493038668057e-08
0.0064805555157363415
1.7684421038666187e-08
0.0004696699033956975
1.175544142029139e-07
0.00029759667813777924
6.9501872701494e-08
0.0015415730886161327
2.219048610641039e-06
2.2393734980141744e-05
1.7766281246167637e-07
4.702195292338729e-05
9.140266143958797e-08
0.0003263968101236969
4.738530279269071e-08
0.0005572140798904002
4.4524679765345354e-07
0.0003849532804451883
5.030518668291961e-09
0.0006380742997862399
2.507699946363573e-06
2.9960556275909767e-06
3.6332539821160026e-06
5.415760728766372e-09
2.6771493466526408e-08
6.567892896214289e-10
1.3253051989181586e-08
1.6796438018218396e-08
4.648830298492612e-08
2.27416210862863e-10
2.060220140265301e-06
4.127517456709029e-07
1.0426372654137595e-07
4.630549810258344e-08
2.2097192697856372e-07
1.3009679555864295e-08
1.529922144527518e-08
3.6892382482278663e-09
5.989095939185063e-07
3.0630587843916146e-08
6.0548197566845374e-09
1.5783277262926276e-07
2.315136725883349e-06
8.925156862460426e-07
1.0587763199509936e-06
5.915558176639024e-08
2.3620140154889668e-07
1.889777649921598e-07
2.6043377943096857e-07
1.125106119381769e-09
1.3260097375678015e-07
2.1845417919053034e-08
2.2652147890767083e-07
2.3851434605148825e-08
1.9887949065378052e-08
1.3741961346624976e-08
1.5183276502739318e-07
1.103318112427587e-07
4.2565648783465804e-08
1.5082251536568947e-07
1.0399160288443454e-07
1.9847821164376e-08
1.9828225106266473e-07
2.6651662210497307e-07
2.266908040837734e-06
4.9290838077808985e-09
2.3465845799819363e-07
2.1419870677164e-07
1.9274257283541374e-06
1.1867666849241232e-08
3.912765222935377e-08
1.735576660166771e-07
7.697386195104627e-08
5.373932410179805e-08
1.4305574502770924e-08
4.614138848779703e-09
7.711727789683209e-08
7.330086537749025e-10
3.529072500896291e-08
1.6775962308201997e-07
4.268233055881865e-07
7.581020611269196e-08
4.094274430599398e-08
3.863911786083918e-07
1.1622914541931095e-07
8.123605965693059e-08
2.4978916712825594e-07
2.192773429499084e-08
7.691028258705046e-08
1.0304614939116163e-09
2.082388022017767e-07
3.2290353146890993e-07
2.982543989560327e-08
7.601527158840327e-07
5.71416649108869e-07
6.00996896693573e-09
1.574364461021105e-08
4.6136099740579084e-07
3.254777425354405e-07
3.10937934955291e-07
2.0875368136330508e-06
5.394468303165922e-07
3.931735648166068e-08
0.00010775802365969867
3.330920250732561e-08
2.810662226693239e-05
7.382487865470466e-07
2.365779619140085e-05
1.4586701979624195e-07
7.637909584445879e-05
3.0777303550166835e-07
3.6712794099003077e-05
1.7046446032509266e-07
4.82738068967592e-05
1.2232234212206095e-06
3.415553510421887e-05
3.999585715064313e-06
6.472894892795011e-05
2.2155637324772215e-08
1.1877239558089059e-05
3.0704960352068156e-08
1.5234675174724543e-06
6.31173762144499e-08
4.712158624897711e-05
1.7589492529168638e-07
0.00010759257565950975
5.260686819497096e-08
1.7389074855600484e-05
3.8145145708767814e-07
0.000358251272700727
8.577205790061271e-08
0.00015509960940107703
3.397160810436617e-07
0.0001670549245318398
4.51382334176742e-07
9.008130291476846e-05
5.8998509189223114e-08
0.00014662760077044368
1.2159872539996286e-06
5.405040155892493e-06
4.0319832805835176e-07
7.356405694736168e-05
3.1195238392456304e-08
0.00010894644219661132
1.9796393857518524e-08
3.635802568169311e-05
3.186634245366804e-08
1.2304023584874813e-05
2.5577382984920405e-06
5.6073051382554695e-05
4.812750830751611e-06
6.855114406789653e-06
5.900295491301222e-06
0.0001667087199166417
2.9175746476539643e-06
3.062863106606528e-05
1.37546373935038e-06
1.671663085289765e-05
6.328811963385306e-08
1.6763795429142192e-05
1.186871941172285e-06
4.0693888877285644e-05
1.0343340761664876e-07
0.00013692857464775443
2.2467039784146436e-08
3.09168001422222e-07
2.5032545636349823e-07
4.537860877462663e-05
1.8497104292691802e-07
2.3087899535312317e-05
1.650011398623974e-07
5.180005609872751e-05
3.9550091202045223e-08
0.00020474291522987187
1.3913959762135164e-08
2.4611803382867947e-05
6.640019734049929e-08
4.556849671644159e-05
2.1345224254787354e-08
2.067173227260355e-05
8.886752667081055e-09
6.291496538324282e-05
6.468786750701838e-08
6.711969763273373e-05
5.813580514768546e-07
2.615113953652326e-05
2.830835788003583e-09
4.3420632209745236e-06
5.77805792545405e-07
3.1488809327129275e-05
1.988720669032773e-06
4.093614552402869e-05
1.3086468797496309e-08
1.9183288291202416e-10
2.3837280593852483e-08
2.9360010950219007e-11
2.8094257586985805e-08
2.6451256116000188e-11
4.975158507392052e-09
2.227021234091353e-09
7.2892043512240434e-09
3.7843122413505625e-08
2.6060530444738106e-07
3.0397679928739763e-09
3.6938786251994316e-08
7.968532500512993e-09
4.0183419258710273e-08
1.1760780127545445e-09
6.443970690384049e-09
2.53670529026806e-10
3.0797933092685525e-09
1.5410925868764025e-09
1.7823150244566932e-07
5.8314203243980955e-08
2.8667704654594672e-08
7.16034609382632e-09
1.677125283094938e-08
3.143916793568735e-10
2.2901426532939695e-08
1.3681654920105757e-08
4.9404363267058216e-08
2.3214551808647954e-11
1.2371859092752402e-09
4.805292164178354e-08
3.770191625562802e-08
1.00939934188915e-09
1.3506277127817157e-06
1.0761184998653306e-10
1.7632244109222484e-08
2.2290625942278375e-11
4.6250723251262116e-09
1.1204153160804253e-09
2.6070389935739513e-07
2.3231640222665106e-10
8.556432784523338e-10
1.3883157956584569e-09
2.029917123280711e-09
7.305277910374386e-11
2.4802950804314605e-08
4.571380773921163e-10
1.112007819159544e-08
4.970778788582209e-10
7.008174485179097e-09
2.811793464729817e-09
1.3283450783774242e-08
3.737083698052146e-10
6.937205032642169e-09
3.918725344220775e-10
5.766685262642568e-08
5.1830610914294084e-08
8.241289606303326e-08
1.1230815166740626e-09
3.6822120907942235e-09
1.874572275184505e-09
2.3812193106209634e-08
4.498628136673233e-09
5.0719183519731814e-08
2.339059168576796e-09
1.4014364069225849e-07
1.1270197219914735e-08
9.23481291437156e-09
4.083925642106578e-09
4.9491468701035046e-08
2.4690764988122282e-08
5.016942949964687e-08
1.7074883729151225e-09
1.857343789879451e-07
2.3251638836541133e-08
2.4140454080168183e-09
6.865723545246283e-10
1.3281846455992508e-10
2.2692458401252225e-07
1.931442739078193e-08
4.4026361223359345e-08
2.275012001007326e-08
2.754642736135793e-09
1.8002593860089178e-09
1.7572796551235115e-09
2.770606410962273e-09
1.4918054347390353e-08
2.940473198265181e-09
4.8657128104423464e-08
6.766665023860696e-07
3.3653685704848613e-07
2.441940694097866e-07
1.9800925343815834e-09
7.645348354401449e-09
2.3222085365759426e-10
3.011091098681362e-10
3.9678624830230547e-08
8.475501189764145e-09
6.3517995307904584e-09
5.955655524303438e-09
2.2978441371890312e-10
4.378776452540478e-08
1.278052934594598e-07
5.8234704169990437e-08
3.6505557687860346e-08
1.2156945103924954e-06
5.8810400993536405e-09
4.931318997591916e-08
2.9399217282843892e-08
3.285283378673398e-09
1.6780929978921222e-09
1.1837126834279843e-07
6.969131494116709e-09
3.796544660872314e-07
9.66195372598122e-08
1.938693294789573e-08
3.549717462192348e-07
9.202695849808151e-08
2.500543105909969e-10
1.401840421522138e-09
8.6474800653491e-09
6.0803238000062265e-09
4.99221719518772e-10
1.6202222896666285e-09
1.5804998199087095e-08
1.4030130834896681e-08
1.9417901953033834e-08
3.288974426141067e-08
1.1012659228981647e-08
4.80823647563966e-09
1.9037443621527927e-08
6.531016083499708e-08
9.486551544313215e-10
6.043673561606511e-09
4.2406444578091396e-08
2.750531535866685e-08
1.8397204826214875e-07
5.763472543662829e-08
6.885679582069315e-09
8.256573202913842e-11
5.1406004786258563e-08
6.156263498979797e-09
6.7181007423755545e-09
8.937988127399876e-09
4.416883427893481e-07
4.482233961766724e-08
2.233760142189567e-06
7.970508875132509e-08
2.373928253973645e-08
1.842803953877592e-08
1.392644719544478e-07
5.161708713785629e-07
3.387862670933828e-05
4.487363582938997e-07
1.8103399952451582e-06
4.678833533944271e-07
1.0973617463605478e-06
5.10604991177388e-07
1.3786863746645395e-05
2.3371494535240345e-06
7.844881224627898e-07
3.022376859007636e-06
2.0874936978998448e-07
2.2099119689755753e-07
5.734892056352692e-06
1.0245018700061337e-07
1.0147366083401721e-05
4.553881272073568e-09
9.704890544526279e-06
7.738955787317536e-07
1.1312494052617694e-06
8.65272120620375e-09
1.0587454198685009e-05
4.1555068719389965e-07
7.929788239380287e-07
5.972284355948432e-08
1.858636642282363e-05
3.051630415029649e-07
1.1746494266162699e-07
1.1653703495539958e-06
2.3603919885317737e-07
7.815923908083278e-09
4.1528528527123854e-05
1.3505059826002253e-07
6.138519438536605e-06
3.4108180102521146e-07
1.2293966165088932e-06
5.784393124486087e-07
2.2153251848067157e-05
2.2157658818855452e-08
2.3743472411297262e-05
9.309734195994679e-06
6.0397702327463776e-05
7.122685730109879e-08
6.043304892955348e-05
2.43134167021708e-07
0.00019564492686185986
5.029033218306722e-06
4.875496415479574e-06
7.534185897384305e-07
3.0181577130861115e-06
2.3482428446186532e-08
1.9186073529908754e-07
8.535244688800958e-08
7.04323355193992e-08
5.40775353385925e-08
1.552124217596429e-06
1.299960899814323e-06
8.952099051384721e-06
1.4012085713943634e-08
2.066426304736524e-06
1.7282548014918575e-07
0.000624409643933177
1.1047625037008402e-08
0.0006033886456862092
3.842587581459611e-09
3.222812594572133e-08
5.8489484366930355e-09
0.00033660547342151403
1.2568361285048013e-07
0.0001292669039685279
1.0310771614285841e-07
0.0015867049805819988
6.970957855401139e-08
0.00013361300807446241
2.1063204513893652e-08
1.558834446768742e-05
8.994842204401721e-08
0.00015120099124033004
1.350958518742118e-05
0.0008994695963338017
4.267485280706751e-07
0.0005104666342958808
5.1643511689292154e-09
1.137790604843758e-05
2.347857446238777e-07
8.892455662135035e-05
2.164319390374203e-08
3.6500954593066126e-05
2.769317930528814e-08
0.0003716330975294113
1.7235513496416388e-06
2.2773980163037777e-05
4.4175429536608135e-08
3.935564018320292e-05
5.595790142365331e-08
2.2787105990573764e-05
7.634686660651369e-09
0.0007339200819842517
1.1802505639479932e-08
2.5087538233492523e-06
1.1693132506707116e-07
0.00027974272961728275
8.270362741313875e-07
1.3767989912594203e-05
9.272318493458442e-06
0.00013137536006979644
6.692107490380295e-08
0.0004025537637062371
1.9831260189562272e-08
0.000938109471462667
3.833094730509856e-09
0.00044489759602583945
2.6520242002447958e-08
2.535076782805845e-05
3.771417667053356e-08
2.7336634957464412e-05
7.3929797395067e-08
0.00023024168331176043
1.1987101977695147e-08
0.0004993989132344723
7.575793148362209e-08
7.271587674040347e-05
5.064557662137759e-09
1.9726905520656146e-05
2.2469630778232386e-07
9.197492909152061e-05
2.7008114855675558e-08
8.703470484761056e-06
7.260763545957616e-09
8.519328548572958e-05
4.011140575244099e-08
3.6002306842419785e-06
4.9796686774072896e-09
1.336307718702301e-06
8.494553185300902e-07
0.00022508035181090236
5.408868730683025e-08
8.000564776011743e-06
5.7103907380451346e-08
1.722692104522139e-05
1.0019114597525913e-05
8.810777217149734e-06
2.4771743483142927e-06
0.0003688991128001362
3.1207083139861425e-08
8.924013673095033e-05
2.1018554008378487e-08
7.630873733432963e-05
4.1059620343730785e-06
0.00017835429753176868
1.1946239553140003e-09
1.4866331810026168e-07
3.2967975016617856e-07
6.10943615697579e-08
1.976206647213985e-07
3.863911786083918e-07
1.5448200656464905e-06
9.0540098085512e-08
6.143646942291525e-07
4.739021974842217e-08
3.2110088454828656e-07
1.262947506575074e-07
2.0350818807912674e-09
1.1272293320985227e-08
2.657612574452628e-09
1.5856154789162247e-07
8.522455630100012e-09
4.07287314985183e-09
4.422093979883357e-08
5.48278116241363e-08
1.0857259979957234e-07
3.3358695805674188e-09
2.093963935578813e-08
1.2781481473211898e-07
4.999197358301899e-07
4.194425784476152e-08
3.4656716385583763e-10
7.7902084782977e-09
1.403445804015746e-08
1.4014037930110135e-08
3.0880688228762665e-08
9.59143591217071e-08
3.0371364800885203e-07
1.0073405221078247e-08
1.400248521576941e-07
1.7810423003083997e-07
2.633944617969064e-08
1.5786476126322668e-08
5.0886761471247155e-08
1.4631481581872663e-09
7.464076645646855e-08
1.602537480493993e-07
3.4145159588661045e-07
1.6183673068326243e-08
6.749504510850102e-09
1.079621299027167e-07
1.565318541452143e-07
2.7307356731398613e-07
1.7243192473870295e-07
4.497617833720824e-09
2.305293733684266e-08
1.889777649921598e-07
2.2742686667243106e-07
8.342728108345909e-08
3.516709057294065e-08
4.484670412807645e-09
4.414559029441989e-08
1.2222640677350682e-08
9.765485486923353e-08
1.1472571941339993e-06
3.128448224742897e-05
2.9462282213899016e-07
1.9282005325749196e-07
2.9516501243165294e-08
1.960826878644184e-08
5.621350140927461e-08
3.44141071195736e-08
3.7942172070870583e-07
9.77393739276522e-08
1.5428317512444778e-09
1.4932117764487884e-08
1.767090651583203e-07
1.754731293601708e-08
1.4866331810026168e-07
3.2967975016617856e-07
6.567892896214289e-10
1.3253051989181586e-08
4.739021974842217e-08
7.65651009260182e-08
9.0540098085512e-08
2.1949030326595675e-07
1.9850707744240026e-09
3.94691551264259e-06
8.335477730270213e-08
6.482674734797911e-07
6.612664833482995e-07
4.53835718872142e-06
5.2779789427859214e-08
1.4770981238143577e-07
1.5856154789162247e-07
8.522455630100012e-09
9.014208046664862e-08
2.9396197476216912e-08
5.48278116241363e-08
3.722621144675031e-08
3.3358695805674188e-09
2.093963935578813e-08
1.1779754949259313e-08
5.5264610665517466e-08
5.962934590542091e-10
2.1496131097364923e-08
4.230712669084369e-09
3.083953515670146e-06
1.262947506575074e-07
2.5733418951290332e-08
4.194425784476152e-08
2.917148522740831e-09
2.5794017588509632e-08
1.5649101214876282e-07
4.8473729918896424e-08
2.6040085643330713e-08
2.1584279252806482e-08
4.2468442984500143e-07
3.6892382482278663e-09
5.989095939185063e-07
1.2222640677350682e-08
8.233592438955384e-07
1.602537480493993e-07
4.5398543591090856e-08
3.5319467883709876e-07
9.656987032258257e-08
4.275215914617547e-08
1.291255244950662e-07
6.564329737557273e-07
3.253341844811075e-07
5.859126517293589e-08
2.629876121318375e-07
7.84754927707354e-10
1.1672469213408476e-08
1.9689622376972693e-07
2.4297156642205664e-07
1.6143633274623426e-07
4.523720917859464e-07
7.085930064931745e-08
3.2756825021351688e-06
2.1348304812818242e-07
2.500104869795905e-07
3.387382041530884e-10
3.0226674425648525e-06
7.7902084782977e-09
1.3102778417817262e-08
1.6222855947489734e-07
1.2650885672371714e-08
3.318540164887196e-10
3.29713945035337e-09
2.617867922438677e-09
1.3987595366415917e-06
7.711497218565455e-09
2.927386958617717e-05
1.2117023118207726e-07
8.846345322943705e-10
5.12158862875367e-07
1.8895811138008867e-07
2.0763991415151395e-08
9.173952264518448e-08
2.8229194981577166e-08
2.2590759485296985e-08
1.3274026322562804e-08
1.9877214185726189e-07
1.3970496581805492e-07
2.741494995461835e-07
1.955347350701686e-08
1.4071525811232277e-06
3.054325077300746e-07
4.495126177062048e-06
4.948779164237749e-09
2.1939076759736054e-06
6.910134686677338e-08
2.2263604293470962e-08
8.858948064016658e-08
9.54378975848158e-08
7.932011385491933e-07
4.380352038424462e-06
2.7164444915683816e-08
1.2853039152105339e-05
1.5883973958352726e-07
1.5460724966942507e-07
7.738750973373953e-09
0.00012459084973670542
2.3510814628480148e-07
6.266832031087688e-08
5.341560722627037e-07
1.142552807920083e-08
2.8943434315920058e-08
1.0923609750079777e-07
3.598817244210295e-08
3.727494402028242e-08
8.198438194995106e-08
3.739847898032167e-07
6.548243902670947e-08
5.7180063350870114e-08
2.0314081439209986e-07
3.221999520519603e-07
1.27188044984905e-07
4.607507264609012e-09
2.772260927486059e-07
3.072408816251482e-08
1.930278017425735e-07
8.962159903092015e-09
1.1069167804578228e-08
1.7805447782848205e-07
3.834389161738727e-08
2.6665534846870287e-07
5.4193790788303886e-08
3.4933984593976675e-09
8.582847321747522e-09
1.7865151136220447e-08
4.145013292600197e-07
8.039389598479829e-08
5.1448594717840024e-08
1.503368984856479e-08
9.751590113182829e-08
3.6808064578508493e-06
3.8118130873954215e-08
2.993359657921246e-07
6.812342356887768e-10
3.901481804291507e-08
4.586301560749462e-09
6.57364935818805e-08
4.614499893307311e-09
1.6355045318050543e-08
7.590831963000255e-09
5.109258154334384e-07
3.656338876112386e-08
1.1577179748201161e-07
2.5089001098876906e-08
1.9057662939303555e-05
4.418344090595383e-08
3.734280440426119e-08
2.4294976697092352e-08
1.1306260461196871e-07
1.0150622564708556e-09
1.490076728671852e-09
2.8616333747066847e-09
4.988597623878377e-08
6.966823207221751e-07
1.111412117893451e-08
1.9303156761907303e-07
2.156681233600466e-08
3.9417889752257906e-07
1.9119303829029377e-07
5.4163553642183615e-09
1.8970959558828326e-07
3.0577428589140254e-08
9.283493085376904e-08
7.995100190782978e-07
1.3187518277391064e-07
7.713937861808517e-07
9.10009063659345e-08
5.90226954955142e-05
0.00013092182052787393
5.902420889469795e-05
1.8246086028739228e-06
1.7972495697904378e-05
4.7420201099157566e-08
3.772363925236277e-05
1.5124383025977295e-06
4.422782876645215e-05
5.290624471854244e-08
0.0002571390650700778
1.9742803488043137e-05
1.0308532182534691e-05
1.9526893879628915e-07
6.327784944915038e-07
2.8462073942137067e-07
5.9652804338838905e-05
8.637114490284148e-08
0.0001650433405302465
6.541538368765032e-06
0.00011302861094009131
4.5451364712789655e-05
0.00011485748109407723
4.2228677443745255e-08
2.8315413146628998e-05
1.858723663872297e-07
0.00037089645047672093
4.584103407978546e-08
6.10579299973324e-05
8.806766516045172e-08
9.27165528992191e-05
6.453928591554359e-08
0.00012544258788693696
1.8812350788266485e-07
0.00032130267936736345
7.331678375521733e-08
3.323033752167248e-06
4.333076617513143e-07
9.437977155357657e-08
4.6666121988891973e-07
8.637937298772158e-07
4.515610996236319e-08
5.059243267169222e-05
3.7032012187410146e-05
2.2741885914001614e-05
3.4148899430874735e-05
1.4322723700388451e-06
2.412964761333569e-07
8.889633318176493e-05
7.769192933437807e-08
0.00021335948258638382
4.083089152118191e-05
2.840819433913566e-06
6.470037305916776e-08
8.712089766049758e-06
3.7133440855541267e-07
0.0005358594935387373
3.735513018909842e-05
8.504183642799035e-05
8.38839326888774e-08
1.8783110622422328e-09
7.922248101976948e-08
3.294530017683428e-07
1.542603172310919e-06
1.349237237491252e-07
7.164964443973076e-08
8.337460144502984e-07
1.3200389048506622e-07
1.9613642621152394e-07
3.410846329643391e-05
3.855213748238384e-08
1.324907028532607e-08
7.073985841543617e-08
4.527409771526436e-07
4.011825982530581e-09
6.610783742644344e-08
1.0638683534125448e-06
4.807419884400588e-08
3.153105865294492e-08
2.6962538868247066e-07
7.898510290260674e-09
1.8096439191594982e-07
4.929478905069118e-07
3.731524955696841e-08
4.643911921675681e-08
1.861653053936152e-08
7.234803689470937e-08
2.213204197687446e-08
2.373014922341099e-07
6.734042301559384e-08
1.5212352764137904e-06
9.587238736230574e-08
4.9664976131680305e-08
2.8430952170310775e-07
3.856477519548207e-07
1.5124036281122244e-06
2.9027953019067354e-07
8.90796627572854e-08
2.1644470393766824e-07
4.5576761920074205e-08
1.236146829342033e-07
1.9183141830581008e-07
6.507038463610115e-09
7.124673739866694e-09
2.1396979832388752e-07
9.143369794628597e-08
2.381800072726037e-07
2.2126653220766457e-06
6.85093148877769e-10
1.6451972228992418e-08
0.0008091533672995865
1.7503087690329266e-07
2.9490904125850648e-05
1.5383336915419932e-07
0.00012612978753168136
6.876465619143346e-08
0.000766992277931422
1.9554718164727092e-05
2.1101297534187324e-05
3.704256641867687e-06
0.00010875186126213521
5.146534363120736e-07
1.0976958719766117e-07
3.994719577349315e-08
0.00037363593582995236
1.3378581797951483e-07
8.23920636321418e-05
1.655095900332526e-07
2.5669474780443124e-05
1.0660141924745403e-05
2.576108570906399e-08
0.00012108243390684947
1.492563751526177e-05
1.499443982311277e-07
0.00019926144159398973
3.936309056484788e-08
7.983822797541507e-06
9.024333280649444e-09
3.1396091344504384e-06
4.927124308551356e-08
0.0004730512446258217
9.745789242288083e-08
2.2709296899847686e-05
1.0065920719171118e-07
0.00029601261485368013
2.919383064181602e-07
6.74686671118252e-05
4.400789777037062e-08
1.0437946002639364e-05
7.814804803274455e-08
0.00014509723405353725
2.0328367611455178e-07
0.00018319390073884279
1.0345740264483538e-07
1.2038184422635823e-06
2.4209512616835127e-07
0.00011794027523137629
2.0418905677388466e-08
1.4361662579176482e-05
4.357084648631826e-08
1.3909312883697567e-06
6.470037305916776e-08
1.7028364709403832e-06
3.5084991623079986e-07
2.749033285454061e-07
9.283493085376904e-08
5.421969035523944e-06
3.3274916155789924e-09
0.0002751436841208488
1.0456425769689304e-07
2.4832451117617893e-07
3.759340359010821e-07
0.0005195902194827795
7.406190660752543e-10
6.034832722434658e-08
3.834371113953239e-07
1.4347108844958711e-05
3.9226321746355097e-07
9.316028126704623e-08
7.556099745897882e-09
0.00011776743485825136
6.166591504097596e-08
1.7995792633840324e-09
2.4872017547750147e-06
5.00678870594129e-05
4.654401664083707e-08
7.20301250112243e-05
1.9830731901038234e-07
2.1249987185001373e-05
5.071917286159078e-08
1.516324937256286e-05
8.037357446255555e-08
0.00010057281906483695
1.4342509402354153e-08
5.291047637001611e-05
1.6498127308750554e-07
0.00015423585136886686
6.875789495097706e-06
1.4204639228410088e-05
1.0168866992898984e-07
4.775884463015245e-06
1.1941412481064617e-07
0.000163898803293705
1.742773201840464e-05
0.0004936884506605566
2.8783038175106412e-09
0.0004390463000163436
5.428758953485158e-08
1.2944180525664706e-05
2.084905474930565e-07
1.183713948194054e-06
4.348020229372196e-05
1.353564493911108e-05
1.1084005109296413e-06
4.551898018689826e-05
1.7596482848603046e-06
0.00035006547113880515
1.701599359194006e-07
5.274064278637525e-06
4.7651900558776106e-07
0.0003815187083091587
5.3430532886977744e-08
8.903301932150498e-06
3.125717000784789e-07
0.00027451562345959246
5.6640772072569234e-08
5.94279072174686e-06
1.5789053975368006e-07
0.00012850014900323004
1.1259241716743418e-07
0.0002676407457329333
2.2985743086678667e-08
0.0004252228536643088
3.0977977871771145e-07
0.00041265730396844447
1.0425985408346605e-07
0.00045405502896755934
1.1513335351764908e-07
7.607184670632705e-05
2.9235089016310667e-08
0.0001791404647519812
5.522855417439132e-07
1.1485254844956216e-06
5.462748617901525e-07
1.3338771168491803e-05
3.7488280213437974e-07
1.1018460099876393e-05
1.8780545474328392e-07
1.5389998679893324e-06
8.29713826533407e-06
1.4868845937598962e-05
4.4412374222702056e-08
2.0698594198620412e-06
1.9937288016080856e-05
8.59287229104666e-06
2.168554118497923e-07
0.00043553885188885033
1.2864806819834484e-07
2.2654969598079333e-06
1.3978475976728078e-07
0.00020261990721337497
2.793699138692318e-07
0.00011701276525855064
4.322453435179341e-07
0.0002321786741958931
1.4555969762852783e-08
0.00012130909453844652
1.798564568389338e-07
0.00037916473229415715
3.863101838419425e-08
1.4923664821253624e-05
1.857365896285046e-05
2.856206492651836e-06
5.470622568282124e-07
3.51893286278937e-05
3.6142889570101033e-08
0.00018344333511777222
4.046183477157683e-08
0.0001480296195950359
2.254059694450916e-08
6.747129646100802e-06
4.595506197802024e-07
0.0027205238584429026
1.6895842946951234e-08
0.0007579535595141351
4.062915479607909e-07
1.9550543584045954e-06
1.379034664239498e-08
6.196570438987692e-07
6.339940341604233e-07
0.00010504310921533033
7.039786975582274e-09
7.002535312494729e-06
6.8633787542182745e-09
8.721465746930335e-06
7.184094208412262e-09
0.00018827870371751487
1.431212695024442e-07
5.8498294492892455e-06
1.8370696125202812e-05
3.5932800983573543e-06
3.2914701932895696e-06
1.7158386356186384e-07
7.79203764977865e-06
0.0009517472935840487
1.7933723484020447e-07
9.719404260977171e-06
5.172230885364115e-06
3.005174767167773e-05
6.076695171941537e-06
9.195826351060532e-06
4.74914862991227e-08
6.428637334465748e-06
6.134577290595189e-08
4.185867055639392e-06
1.448196140785285e-08
1.349258491245564e-05
5.8161791827160414e-08
0.0005316702299751341
4.7971786543143935e-09
0.00040012755198404193
7.180222194591579e-09
7.417225447170495e-07
9.339782991446555e-08
2.8700074494736327e-07
9.181172799799242e-08
1.9101212274108548e-06
1.6787944332463667e-06
3.1610588848707266e-06
5.201919961450585e-08
1.0756707524706144e-06
1.6927238277730794e-07
2.4353707885893527e-06
5.844928807618999e-08
1.2207143527120934e-06
1.609172812777615e-07
8.300717126985546e-06
6.166292791931482e-07
1.1816553069365909e-07
2.7013361432182137e-06
4.718540822068462e-06
8.463393896818161e-07
8.432528453283794e-09
2.4578259427698868e-09
6.1128189372539055e-06
1.2156514017647169e-08
7.5483162618184e-06
2.5652607291704044e-06
1.3535828884414514e-06
1.3646400986999652e-07
4.166783401160501e-05
2.2709238578499935e-07
2.6240832085022703e-07
2.2028009993846354e-07
1.465779291720537e-06
9.793404132096839e-08
1.9558028725441545e-06
2.0508024078935705e-07
2.0444049368961714e-05
6.641599270551524e-07
5.128445536684012e-06
1.186295719435293e-07
0.000149519182741642
2.2094689029472647e-06
1.0835827879418503e-06
3.432213446785681e-08
3.42352677762392e-07
2.1655630462191766e-06
1.0387342399553745e-06
2.757182528512203e-06
1.2390761128244776e-07
3.337114833357191e-07
2.950129385226319e-07
1.946734329294486e-08
1.7154480929093552e-06
1.9286780172933504e-07
5.381979804042203e-07
2.2522270626268437e-07
1.425557002221467e-06
1.163606839327258e-06
5.18433489560266e-06
3.4932980952362414e-08
3.3415724374208366e-06
4.103961600776529e-06
6.268070364967571e-07
7.41861727604487e-09
8.849592632032e-07
4.979579557584657e-07
4.562598860502476e-06
2.2118398135262396e-07
5.272109319776064e-06
6.056568963686004e-06
3.009391548403073e-06
2.927665150309622e-07
3.4975495509570464e-05
1.316806574891416e-08
2.5891611130646197e-06
7.016656581981806e-06
1.305409114138456e-05
3.694141810228757e-07
2.5561706934240647e-05
1.1990396160399541e-05
1.4320128684630617e-05
3.01362405252803e-07
5.059653176431311e-06
7.782202260386839e-08
7.299322987819323e-06
1.2643904767628555e-07
6.106584351073252e-06
6.762078452737796e-09
1.0728780580393504e-05
2.607876240290352e-06
1.845508631959092e-05
6.730713408842348e-08
4.57302485301625e-06
2.7232782695563174e-09
3.7810002595506376e-06
3.794034455495421e-06
1.760689229968193e-07
2.9202608402556507e-06
3.601446678658249e-06
5.221358151175082e-06
2.4475900772813475e-06
8.661569950163539e-08
6.673781740573759e-07
2.2821898255642736e-06
6.276278327277396e-06
5.834448302266537e-07
1.7896105646286742e-06
1.4208705579221714e-05
2.953868943222915e-06
3.357786271251939e-09
9.572535191182396e-07
1.2933310244989116e-07
2.151887429135968e-06
2.1198104604991386e-06
2.3850006414249947e-07
3.4311906347284093e-05
7.859858897063532e-07
5.739553330386116e-07
8.137967029142601e-07
1.2489317668951117e-07
4.348232323536649e-06
1.0681651474442333e-06
8.356029184142244e-07
6.73769704917504e-07
2.158025381504558e-06
2.9411120205935504e-09
1.684319431660697e-05
3.1397320299220155e-07
1.0566986929916311e-05
1.0295112815583707e-06
4.272576006769668e-06
9.599128816262237e-07
1.0067748007713817e-05
1.2985447384039617e-08
1.972225391000393e-06
9.060820538309144e-09
1.8025404642685317e-05
8.607662493886892e-08
3.847741481877165e-06
8.725584166313638e-08
7.247278063005069e-06
1.4441605689086146e-09
7.639098839717917e-06
1.675620708851966e-08
1.0630488986862474e-06
3.762146718599979e-07
1.6100960920084617e-06
1.4219637023415999e-08
6.495231900771614e-06
1.5703601093264297e-05
4.98923668601492e-07
9.211579708789941e-06
