0.003332523163408041
0.003347380319610238
0.0024896019604057074
0.02051042579114437
0.000752147869206965
0.17822186648845673
0.21937032043933868
0.1717114895582199
0.02678917534649372
0.00616591889411211
0.001997646177187562
0.009822025895118713
0.13654768466949463
0.7311787009239197
0.0013974683824926615
0.5975357890129089
0.0012591317063197494
0.04008442163467407
0.1894860863685608
0.2928808033466339
0.0006001744768582284
5.6388827943010256e-05
6.117257726145908e-05
0.0001246789761353284
0.0025902846828103065
0.1257055252790451
0.030250312760472298
0.2739216685295105
0.00012488210632000118
0.00029780637123622
0.00019342148152645677
0.07529816031455994
0.015304739587008953
0.15042346715927124
6.314487109193578e-05
0.0021531148813664913
0.00013183726696297526
0.00017420464428141713
0.0002613829856272787
0.061291176825761795
0.00016834707639645785
0.00013665018195752054
0.012918936088681221
0.05546725168824196
0.0027416313532739878
0.020328111946582794
0.0005111330538056791
0.019361963495612144
0.0041108024306595325
0.034474264830350876
7.264876330737025e-05
0.00031436511198990047
0.0007385037606582046
0.0012846002355217934
0.008750109933316708
0.006308348383754492
0.0002754290762823075
0.0006596097955480218
0.001257950672879815
0.0019418704323470592
0.00034814878017641604
0.0011172269005328417
4.920388892060146e-05
0.00042936307727359235
0.0277175921946764
0.033528029918670654
0.006474415771663189
0.06656087934970856
6.698853394482285e-05
0.013725758530199528
0.00016758876154199243
0.00035617584944702685
0.002164500067010522
0.0049247732385993
0.0013614806812256575
0.04870122671127319
0.0003719541127793491
0.009160519577562809
5.334741945262067e-05
0.0004298269050195813
0.0006732696783728898
0.008633759804069996
0.006784613709896803
0.09576603770256042
0.0018316019559279084
0.005808601155877113
0.006148439832031727
0.0034112539142370224
