0.006544322706758976
4.1035858885152265e-05
0.000255758932325989
0.0040323189459741116
0.018680958077311516
0.017142904922366142
0.8379825949668884
0.042392417788505554
0.00025868898956105113
0.8102830648422241
0.0071030776016414165
5.2414256970223505e-06
0.33929628133773804
0.0001668900513323024
0.3111115097999573
0.11785715073347092
0.003828326938673854
0.0033568390645086765
0.813029408454895
0.0005569601198658347
1.5550675698250416e-06
0.918523907661438
0.005924195051193237
3.631036088336259e-05
0.010255689732730389
0.04958473891019821
0.00036875545629300177
0.0005868030129931867
0.0023275294806808233
0.000817621941678226
0.26878392696380615
0.055748771876096725
7.569217359559843e-06
0.04157809168100357
0.014483633451163769
0.011376469396054745
0.0328078418970108
0.0022361078299582005
0.0005643872427754104
0.28689050674438477
0.0003628685080911964
0.0042809913866221905
0.002040258841589093
0.009422690607607365
0.0014857409987598658
0.03877541050314903
0.044897206127643585
0.03589766472578049
0.0009286977001465857
6.252243565540994e-06
4.333400738687487e-06
0.3212239146232605
0.05626287683844566
0.00035149793257005513
0.023930976167321205
0.014792374335229397
4.933709715260193e-05
0.003575259819626808
0.0006226875120773911
0.0027027360629290342
0.31971079111099243
0.06347686797380447
0.15788480639457703
0.2924586236476898
0.04631301388144493
0.00030670673004351556
0.22455307841300964
0.019774969667196274
0.014226867817342281
0.14753301441669464
0.09378494322299957
0.031095687299966812
8.939402505347971e-06
2.427010258543305e-05
4.167137740296312e-05
0.07709667086601257
0.0027278196066617966
0.001344157732091844
0.0216442309319973
5.92261494603008e-05
0.0020561330020427704
8.204980872505985e-07
8.082653221208602e-05
0.00016135026817210019
0.23176899552345276
0.06408540904521942
2.8338599804555997e-05
0.0001169562601717189
4.461595835891785e-06
5.8267869462724775e-06
0.011166708543896675
0.001748009119182825
0.0029185209423303604
0.003533844370394945
0.00011218897998332977
5.08621496919659e-06
0.004677388351410627
0.0008150336798280478
3.5354805731913075e-05
0.03374709561467171
0.00017986602324526757
0.00025023549096658826
