0.4861259162425995
0.14741814136505127
0.150973841547966
0.38490867614746094
0.1800726354122162
0.019196413457393646
0.002638141391798854
0.06011676415801048
0.0013399887830018997
0.023491190746426582
0.0001101628367905505
0.26700785756111145
0.008257810026407242
0.0027683486696332693
0.0011596576077863574
0.21355900168418884
0.02234218642115593
0.014286796562373638
0.2749366760253906
0.024761337786912918
0.526488184928894
0.03853074833750725
0.06677931547164917
0.11778215318918228
0.00021945837943349034
0.0001438001199858263
2.9420934879453853e-05
0.00023982209677342325
0.0001877051399787888
0.0003035325789824128
0.038933321833610535
0.10509642958641052
0.0060381037183105946
0.014733162708580494
0.027751948684453964
0.0008753372239880264
0.3412122428417206
0.012015481479465961
0.0007053809822537005
0.003446117741987109
0.0060977633111178875
0.22137999534606934
0.00012687854177784175
0.0013214104110375047
0.004963110666722059
0.010762682184576988
0.0008138006087392569
0.0016370582161471248
0.01296625193208456
0.09041380882263184
0.0057426439598202705
0.00020124035654589534
0.00011796687613241374
0.005824704188853502
0.0003384894225746393
0.00014062733680475503
0.5328369736671448
0.20248578488826752
0.0017258755397051573
0.0026545857544988394
0.015362964943051338
0.09506255388259888
0.0005508955800905824
0.002058277139440179
