0.000809218967333436
0.0007140352390706539
2.6155981913689175e-07
4.7244103029697726e-07
0.0009161035995930433
6.050746378605254e-05
2.7982267170045816e-07
3.6949128201513304e-08
0.019505592063069344
0.0013229133328422904
4.7665512283856515e-06
1.3937466292190948e-06
0.00020487797155510634
0.00010857362212846056
3.126861258806457e-07
1.8412369229281467e-07
3.73037182725966e-05
1.039858716467279e-06
2.3753740606480278e-05
7.8130511838026e-07
0.0005425260169431567
0.00023892313765827566
7.643056960660033e-07
4.2775852193699393e-07
0.0006747752195224166
0.0005363395903259516
4.06816570830415e-06
3.7171228086663177e-06
0.0016678273677825928
0.00017878205107990652
6.130923111413722e-07
2.197718060870102e-07
0.00014375052705872804
5.801355655421503e-05
6.534552085213363e-06
3.815594482148299e-06
0.00023728475207462907
9.867881090031005e-07
2.1612637283396907e-05
1.4386673683475237e-06
5.68077325624472e-07
3.8338518493219453e-07
2.3550542493921967e-07
2.4395095010731893e-07
3.7797886420776194e-07
1.115597392242762e-09
1.4684546556509304e-07
2.7015911729932895e-09
1.0833155101863667e-05
1.9039298422285356e-06
8.180510349120595e-07
4.954473524776404e-07
1.838797288655769e-05
5.040576979808975e-06
1.394083426475845e-07
5.2454961263492805e-08
3.595902308006771e-05
2.8921258490299806e-05
4.877347805631871e-07
6.151161642264924e-07
5.8943154726875946e-05
7.595810893690214e-05
1.0609049638787837e-08
2.8601240487091673e-08
0.0003743591078091413
4.1976087231887504e-05
2.870493744921987e-07
1.363957551347994e-07
0.00043002201709896326
0.0002500358677934855
2.356025845529075e-07
1.0467987010542856e-07
