7.85884458309738e-06
5.434040758700576e-06
8.411515409534331e-06
9.62463855103124e-06
6.2594895098300185e-06
1.0389958049472625e-07
6.161810233606957e-06
1.0822858712344896e-05
2.069006222882308e-05
1.07845917227678e-05
3.009057447656005e-09
2.2591207127220514e-08
7.416319931508042e-07
3.3384344533260446e-07
9.060097909241449e-06
1.0211087101197336e-05
5.32542253495194e-06
2.454686546116136e-05
2.0643899460992543e-06
5.580391260195938e-08
1.6086465620901436e-05
1.467714537284337e-05
8.582814189139754e-06
1.405432431056397e-05
8.194901056413073e-06
1.0126143934030551e-05
7.173071026045363e-06
1.1341730896674562e-05
6.120170326084917e-08
4.883262590738013e-06
1.1209243893972598e-05
4.725079179479508e-06
2.4767012291704305e-05
8.786579201114364e-06
6.824214779044269e-06
6.01090050622588e-06
9.445899195270613e-06
7.964205906318966e-06
9.359410796605516e-06
1.677415639278479e-05
4.935137440043036e-06
9.900020086206496e-05
1.2368005627649836e-05
4.203811272418534e-07
1.0076238140754867e-05
7.55083959802505e-08
4.127313786739251e-06
5.68450013815891e-06
1.0802716133184731e-05
5.782543439636356e-07
1.170753785117995e-05
6.788369773857994e-06
3.751217718672706e-06
8.647292816021945e-06
7.1355889303958975e-06
1.3061582649243064e-05
3.6382317603056435e-07
1.6824806152726524e-05
5.402707756729797e-07
9.85941915132571e-06
1.3800611668557394e-05
3.4582510579639347e-06
3.7909373986622086e-06
8.006543794181198e-06
7.663526048418134e-06
5.402891019912204e-06
3.103768449363997e-06
4.618348157237051e-06
1.1887754226336256e-05
7.825267971384164e-07
4.339640611306095e-07
5.767669335909886e-06
1.0940487300103996e-05
8.370810974156484e-06
4.743383215100039e-06
5.251271431916393e-06
5.168772077013273e-06
1.1352270121278707e-05
3.461081860223203e-06
4.916377747576917e-06
6.331512395263417e-06
1.2240525393281132e-05
1.0419733371236362e-05
8.48481613502372e-06
3.6095159430260537e-06
1.5601006708720888e-08
2.6034590518975165e-06
3.7254542348819086e-06
6.2974800130177755e-06
2.492269231879618e-05
6.568523531313986e-06
3.434514155742363e-06
2.4833006762037257e-08
1.3123777534929104e-05
1.8037104382528923e-05
2.290394832016318e-06
2.204577185693779e-06
1.3249131143311388e-06
3.319489039199652e-08
9.677837624622043e-06
5.6096469052135944e-06
1.4562398064299487e-05
6.337920410715014e-08
1.7456190448683628e-07
2.93485754809808e-06
1.0701295138915157e-07
2.179170223826077e-06
2.6087627702509053e-07
1.278046147490386e-05
1.1927823834412266e-05
1.69261602422921e-05
9.498083272774238e-06
1.631491250009276e-05
8.833308129396755e-06
1.4824871868768241e-05
1.2907876225654036e-05
7.224595719890203e-06
1.812282789614983e-05
4.468734857709933e-07
6.875392500660382e-06
4.813258783542551e-06
2.7346561637386912e-06
6.6889956542581785e-06
6.6889956542581785e-06
1.1543587788764853e-05
1.1543587788764853e-05
3.3841838558146264e-06
1.0238576351184747e-06
1.327132963524491e-06
8.184466651073308e-07
6.2591852838522755e-06
6.602669600397348e-06
1.2942263310833368e-05
1.3287666433825507e-06
7.300143067823228e-08
4.714479473477695e-08
1.6958039850578643e-05
2.0168159608147107e-05
2.356541335757356e-05
2.0743978893733583e-05
1.54267418110976e-05
1.0580115485936403e-05
3.773101525439415e-06
1.0829904567799531e-05
1.794148556655273e-05
1.0043631846201606e-05
1.8212997019873e-05
2.1708698113798164e-05
5.984069957776228e-06
7.780953637848143e-06
1.4820255273662042e-05
2.82385171885835e-05
1.259142482012976e-05
1.6553623936488293e-05
1.537634125270415e-05
1.341869847237831e-05
9.228359886037651e-06
6.948312602617079e-06
5.085283305561461e-07
2.6085792796948226e-06
1.5642923244740814e-05
1.3989860235597007e-05
6.73896693115239e-06
6.057171049178578e-06
1.7539668988320045e-05
2.612428943393752e-05
7.80674508860102e-06
8.388780770474114e-06
7.422805538226385e-06
8.53483197715832e-06
1.44450012840025e-07
1.3355107512325048e-05
9.06141121959081e-06
1.522291040600976e-05
1.077262913895538e-05
1.3985400983074214e-05
1.8754109987639822e-05
9.635876267566346e-06
7.17886337042728e-07
6.235718956304481e-06
7.007164640526753e-06
1.9963357772212476e-05
7.500876108679222e-06
1.1132854524475988e-05
1.5742156392661855e-05
9.908917490975e-06
6.057311566110002e-06
1.2224859347043093e-05
1.2630879382413696e-06
9.423474125469511e-07
2.143715573765803e-05
2.8769296477548778e-05
3.186501999152824e-05
2.9529881430789828e-05
1.600685754965525e-05
1.4258442206482869e-05
7.267597368354473e-08
8.732367007269204e-08
4.01648685510736e-06
1.142868882197945e-06
3.9595834095962346e-06
6.409823527064873e-06
2.417914856778225e-06
6.913358447491191e-06
7.635638212377671e-06
9.771484656084795e-06
1.1005266060237773e-05
2.5982383249356644e-06
8.794067980488762e-06
2.941731281680404e-06
2.346431756450329e-06
4.239220288582146e-06
2.1264111182972556e-07
7.962008567119483e-06
3.0925210126042657e-07
9.300276360590942e-06
8.920193067751825e-06
5.734706974180881e-06
1.1008006367774215e-05
6.25841312285047e-06
6.400343863788294e-06
8.534052575726037e-09
5.384348696679808e-06
4.791329502040753e-06
5.169446922081988e-06
6.278172804741189e-06
5.99433587922249e-06
3.3257117593166186e-06
4.156498562224442e-06
5.7171332628058735e-06
5.14828490949526e-09
3.300000628314592e-08
4.547972366708564e-06
3.976901439273206e-07
5.479603260027943e-06
5.147098818270024e-06
6.502858923340682e-06
7.420097517751856e-06
1.1174691280757543e-05
1.0612510777718853e-05
8.27061796826456e-07
2.9748125029982475e-07
8.061487278610002e-06
3.8949419831624255e-06
5.137841071700677e-06
7.739881766610779e-06
2.883281013055239e-06
6.449020474974532e-06
2.6528796297498047e-06
4.209698545309948e-06
4.237761913827853e-06
4.091476967005292e-06
6.086737357691163e-06
5.214986231294461e-06
8.581502697779797e-06
6.682495978793668e-08
3.6017142974742455e-06
6.102071438363055e-06
6.651760941167595e-06
1.0889452823903412e-05
1.229031227012456e-06
1.231974056281615e-05
8.113880539895035e-06
6.021522949595237e-06
1.534248804091476e-05
8.771786269790027e-06
7.343855941144284e-06
5.69812129924685e-07
4.453312612895388e-06
2.2669180452794535e-06
9.28421832213644e-06
2.0544728158711223e-06
4.145312686887337e-06
2.9567727324320003e-06
7.526244303335261e-07
5.923130174778635e-06
3.458846720150177e-08
1.6215922187257092e-06
5.215653800405562e-06
1.2611307056431542e-06
1.797040931705851e-05
2.465832221787423e-05
5.014074304199312e-06
3.86564761356567e-06
3.8549626424355665e-07
4.5861834223615006e-06
1.667145625106059e-06
2.46400450123474e-05
4.8684423745726235e-06
6.896231752762105e-06
2.472835149092134e-06
6.577480462510721e-07
4.501713192439638e-06
3.793611824676191e-07
2.200477410951862e-06
5.473925739352126e-07
2.9702925985475304e-06
3.208547695976449e-06
5.8915370573231485e-06
5.00661963087623e-06
