4.980963240086567e-06
1.4397618208761287e-08
1.3941202269052155e-05
1.2961274720169058e-08
7.244869379974261e-07
2.0024093494441786e-09
1.3234692914920743e-06
2.6143649023424587e-08
1.0071931910715648e-06
5.2289275132011426e-09
2.8328051939752186e-06
1.590376427884621e-06
7.647310667380225e-06
5.0629128054424655e-06
2.657534651007154e-06
5.084231815999374e-06
3.86313877243083e-06
9.324212513206476e-10
1.529618020867929e-05
8.328447620442603e-06
7.312256002478534e-06
7.939548396507234e-08
2.448331031246198e-07
7.2169887843642755e-09
7.105873010004871e-07
5.973334538111885e-08
1.940466290761833e-06
1.996136916204705e-06
2.756959247562918e-07
3.526614307247655e-07
1.8866431901187752e-06
2.2666479537747364e-07
1.0426389053463936e-05
1.2656813375144793e-08
5.622798653348582e-06
3.011879471159773e-06
1.5701907614129595e-05
7.626479145983467e-06
1.4397818631550763e-05
2.614748595419769e-08
1.0417529665573966e-05
4.0620801655677496e-07
9.470949407841545e-06
6.618318820983404e-06
1.3972947272122838e-05
2.811883177855634e-06
1.4102184650255367e-05
2.0285473567582812e-07
6.9405818976520095e-06
4.064539552928181e-06
1.0698043297452386e-05
2.4167290391119423e-08
8.91984200279694e-06
3.459722393017728e-06
8.35039736557519e-06
5.856236953150074e-07
6.214230779733043e-06
2.7510611744219204e-06
1.1538258149812464e-05
3.1178051358438097e-06
6.595564627787098e-06
1.0061556920959447e-08
9.085400051844772e-06
2.8763581667590188e-06
2.41285943047842e-05
3.1855213364906376e-06
7.808380360074807e-06
6.296704668784514e-08
1.830540713854134e-05
2.809800569991694e-08
7.653814463992603e-06
2.6811344255861513e-09
1.4795653441979084e-05
5.8214000091538765e-06
1.1004974112438504e-05
3.891786036547273e-06
1.029536815622123e-05
3.4266240618308075e-06
5.430178589449497e-06
4.121159236092353e-06
1.0918342923105229e-05
1.2306272765272297e-05
7.376499070232967e-06
2.2651189368616542e-08
7.226943125715479e-06
2.5693350380606716e-06
5.949459136900259e-06
5.411893653217703e-06
5.233540377957979e-06
1.9845297174470033e-06
4.000399258075049e-06
5.427353499953824e-08
7.623472356499406e-06
3.7328165944927605e-06
7.956518857099582e-06
4.0573977457825094e-06
7.793660188326612e-06
1.3521363584345636e-08
4.944462943967665e-06
2.552897512941854e-06
7.607113730045967e-06
3.846480012725806e-06
8.571632861276157e-06
3.603807044783025e-06
6.314254733297275e-06
3.88754187952145e-06
4.792859272129135e-06
4.03703234042041e-06
1.0661924534360878e-05
6.201273805572782e-08
1.2291648090467788e-05
6.022072085443142e-08
5.804820830235258e-06
3.5099199067190057e-06
5.760653039033059e-06
2.6136676751775667e-06
6.792552539991448e-06
4.0870568227546755e-06
8.423652616329491e-06
9.672191936260788e-09
9.023379789141472e-06
2.1252223092460554e-08
6.040898824721808e-06
5.087927547720028e-06
6.817831945227226e-06
4.885841917712241e-06
5.765740297647426e-06
1.0105999592724402e-08
7.27990982340998e-06
4.164214146840095e-07
1.0347666830057278e-05
1.8994827044593876e-08
7.5677025961340405e-06
3.8045536712161265e-06
1.05067565527861e-05
5.101826445752522e-06
8.577096195949707e-06
4.2694709918578155e-06
9.147926903096959e-06
9.436774206506016e-08
8.21478806756204e-06
2.6980017082678387e-06
6.285963991103927e-06
1.88261219591368e-06
6.521620889543556e-06
3.7801044072693912e-06
5.030783086112933e-06
1.8807608057613834e-06
5.944480562902754e-06
2.637236491409567e-07
5.129632882017177e-06
4.325459030951606e-06
8.275659638457e-06
1.525811299529778e-08
5.19045988767175e-06
2.5665013225761868e-08
5.870982022315729e-06
3.8568323645904456e-08
4.791751507582376e-06
3.4531051369413035e-06
5.459744897962082e-06
4.356548743089661e-06
5.472075372381369e-06
2.290968723173137e-06
1.025316487357486e-05
5.3065800784679595e-06
7.898224794189446e-06
3.3062181046261685e-06
9.728137229103595e-06
6.101378403400304e-06
1.4735201148141641e-05
9.33438627725991e-07
7.143609309423482e-06
3.665011263365159e-06
3.08025687445479e-06
7.12714331996267e-09
5.584406608249992e-06
2.803504457915551e-06
3.315540425319341e-06
4.606680249708006e-06
5.527500434254762e-06
5.014477011400231e-08
1.6134810721268877e-05
8.416632226726506e-06
4.941489351040218e-06
5.188367140362971e-07
1.038382288243156e-05
3.5033286849284195e-07
1.0999351616192143e-05
6.372588359226938e-07
6.8280241976026446e-06
4.741009888675762e-06
9.120016329688951e-06
9.594204129825812e-06
6.503398708446184e-06
4.888701823801966e-06
4.144968897890067e-06
4.0707031985220965e-06
2.3575244085805025e-06
6.347667294903658e-06
6.129428129497683e-06
5.206878995522857e-06
4.145057118876139e-06
7.5494585871638265e-06
5.878332558495458e-07
2.6155030354857445e-06
8.840393661557755e-07
2.4415015786871663e-08
2.8267359084566124e-06
9.276185863882347e-08
3.0937826522858813e-06
2.811883177855634e-06
1.137803428719053e-05
8.989791808744485e-07
1.5856590835028328e-05
1.8461497219846024e-08
8.265551088015854e-08
5.465995400300017e-06
1.9110082405404683e-07
1.037405127135571e-06
3.7122163121239282e-06
6.116194128935604e-08
2.50060111284256e-06
1.769976847754151e-06
8.935689947975334e-06
1.7481136183050694e-06
3.483715090624173e-06
1.2593180827025208e-06
4.118365723115858e-06
2.3410830181092024e-06
3.4678068914217874e-06
1.1674923143800697e-06
3.4479692203603918e-06
1.0417775229143444e-06
3.39779285241093e-06
1.6104412452477845e-06
2.0791560473298887e-06
1.927106252352928e-10
5.501465693669161e-06
9.015758450914291e-08
1.2557165973703377e-06
5.661150908053969e-07
7.242741958179977e-06
2.6969796635967214e-06
8.32584009913262e-06
1.1397199628504495e-08
2.760757979558548e-06
1.5378494708784274e-06
6.3206307459040545e-06
4.887823479293729e-09
9.680357834440656e-06
3.205709163012216e-06
3.836828000203241e-06
2.0759061953867786e-06
1.8491937225917354e-06
1.6640965938563568e-08
3.24355210068461e-06
7.867535032346495e-07
4.422557140060235e-06
1.050564524263109e-08
4.567421456158627e-06
1.3957222044780337e-08
5.757997769251233e-06
7.417167580570094e-06
1.4822746379650198e-05
7.297481285917229e-09
2.4094304535537958e-05
1.8707920389715582e-05
3.792176585193374e-06
9.725163181428798e-07
4.734662525152089e-06
2.95303038910788e-06
7.485133664886234e-06
6.436165733703092e-08
8.611559678683989e-06
6.306351441054403e-09
4.0180570977099705e-06
1.0103229897140409e-06
1.9863241504936013e-06
6.197718107614492e-07
3.7045940644020448e-06
1.9401807094254764e-06
4.22711582359625e-06
1.820578177103016e-06
0.00015280948719009757
7.026214632332994e-08
1.907452315208502e-05
8.460534672849462e-07
6.202590157045051e-05
3.1441779810847947e-06
4.8888890887610614e-05
8.640201940579573e-07
3.7375950341811404e-05
2.3200364296371845e-08
6.217124609975144e-05
2.436267550365301e-06
4.07160268878215e-06
9.09531028270294e-09
2.877204678952694e-05
9.267941969426374e-09
0.0001546481071272865
2.1808459678140935e-06
3.335909059387632e-05
6.153125582386565e-07
4.201160845695995e-05
4.105666903342353e-06
5.868182779522613e-05
4.030088348372374e-06
4.658044781535864e-05
2.2252309008763405e-06
8.386791159864515e-05
2.865283931896556e-06
1.5076212548592594e-05
2.3354361928795697e-06
2.1911746443947777e-05
4.81892175230314e-06
8.174874892574735e-06
1.5830461279620067e-06
1.4985212146712001e-05
3.1105132620723452e-06
1.5252824780986884e-08
7.231402832985623e-06
1.9570172298699617e-05
1.1826493118149983e-09
3.1316136301029474e-05
6.139372032976098e-08
1.0973437383654527e-05
2.997411208127687e-09
9.421457798453048e-05
5.147471782152024e-09
4.103396713617258e-05
8.359586445294553e-07
4.533931496553123e-05
7.842442755645607e-06
3.537322845659219e-05
2.4100971884877254e-08
2.5408808141946793e-05
3.204005238899299e-08
1.910842547658831e-05
5.173806130187586e-06
3.5666667827172205e-05
6.631316409766441e-06
3.600678974180482e-05
1.4022342611497152e-06
4.337451628089184e-06
7.405601081700297e-06
2.396239551671897e-06
7.577301062156039e-07
1.0933116527667153e-06
5.513250584954221e-07
2.524463980080327e-06
1.6200561958612525e-06
1.7491672679170733e-06
3.900448461990891e-07
9.746305295266211e-06
2.192984538851306e-06
1.217465865011036e-06
3.569918760604196e-07
2.515905180189293e-06
1.5362104477389948e-06
5.048891125625232e-06
1.6274772178803687e-06
1.0790969326990307e-06
7.977003946280092e-09
3.831764843198471e-06
3.302901347979059e-07
1.5622010323568247e-05
9.882954145723488e-06
6.477141596406e-06
8.897096108739788e-07
8.021455869311467e-06
1.7864792880573077e-06
1.3169137673685327e-06
8.64485457441333e-07
1.653409753998858e-06
5.694028573088872e-07
3.417789685045136e-06
1.8302207536180504e-06
6.405091880878899e-06
1.388276245961606e-06
4.712509053206304e-06
7.635712790943217e-07
3.760774916372611e-06
4.0695617826713715e-06
1.122564026445616e-05
4.39643827121472e-06
6.900795142428251e-06
6.6865522967418656e-06
1.3717411093239207e-05
4.8145311666303314e-06
6.51822711006389e-06
6.182140310784234e-08
9.392387255502399e-06
1.5339507797307306e-07
2.8791650947823655e-06
1.940051333804149e-06
3.873042260238435e-06
5.543818559772262e-08
9.971145118470304e-07
2.7121773271687744e-08
1.2320937230470008e-06
6.568294566022814e-07
5.769390099885641e-06
9.574174555382342e-07
2.8966617264813976e-06
1.1283698313491186e-06
1.3862080550097744e-06
1.969258889289449e-08
2.6521645395405358e-06
2.4711059154469694e-07
4.395552878122544e-06
2.272477559017716e-06
9.203829904436134e-06
1.788641412758807e-08
9.489284821029287e-06
4.300662581613324e-08
5.688230430678232e-06
5.318818239175016e-06
5.769855761172948e-06
1.2058677612003521e-06
1.0018336979555897e-05
2.7289894433124573e-07
6.628790742979618e-06
2.0294118385777438e-08
7.492292297683889e-06
4.7433619698722396e-08
4.598190116666956e-06
3.938592271879315e-06
1.2959686728208908e-06
2.7559643456243066e-08
6.242394192668144e-06
4.167019596934551e-06
6.019661213940708e-06
6.212061634869315e-06
4.813902705791406e-06
1.0151619989073879e-08
1.019892579279258e-06
2.8567152199343582e-08
1.021205844153883e-05
1.1030670066247694e-05
1.3376102288020775e-05
1.0977788406307809e-05
7.458984782715561e-06
1.0198610652878415e-05
2.7921464607061353e-06
5.4077463573776186e-06
3.1437925827049185e-06
3.763974731896269e-08
3.056522473343648e-06
2.9703978725592606e-05
6.752693934686249e-06
8.24985502134723e-09
8.144057574099861e-06
6.396373919415055e-06
2.028154312938568e-06
1.5532667021034285e-05
1.0697533525672043e-06
1.391537662875919e-09
1.5718096619821154e-05
3.0054477974772453e-05
2.4187709186662687e-06
1.1027375457217659e-08
1.243646602233639e-05
1.3439796020975336e-05
1.605414399818983e-05
3.3737141080791844e-08
1.268351661565248e-05
4.6447935346805025e-06
5.71502323509776e-06
2.6212444936390966e-05
5.739119842473883e-06
1.8959873671064997e-07
4.40270196122583e-06
5.1704314500966575e-06
6.8717849899258e-06
1.811280903041279e-08
3.7201507439021952e-06
1.1543144040615516e-07
2.461136318743229e-06
5.144647730048746e-06
4.358867499831831e-06
1.3613754163088743e-05
5.017286639485974e-06
2.4086770622488984e-07
1.3244591173133813e-05
1.4083968380873557e-05
3.833506525552366e-06
8.231459105445538e-06
1.2486812920542434e-05
7.785566594975535e-06
6.711587047902867e-06
4.533657374850009e-06
2.6808904294739477e-05
4.9750960897654295e-06
1.2333345694059972e-05
5.498256996361306e-06
3.6338424251880497e-06
1.718451692056533e-08
5.383562893257476e-07
4.32840579378535e-06
1.3383933946897741e-05
1.4844574252492748e-05
4.79395430375007e-06
8.76084050105419e-06
2.4573750124545768e-05
3.411631769267842e-05
6.381294952007011e-06
3.4662391499296064e-06
1.7751031919033267e-05
1.717519626254216e-05
1.1299052857793868e-05
6.647507689194754e-06
1.697363222774584e-05
6.031088446434296e-07
7.808123882568907e-06
7.138295131881023e-06
2.3526417862740345e-06
2.3926107761695903e-09
1.3296628367243102e-06
1.3116487025399692e-06
6.315603400253167e-07
8.067049179771857e-07
1.6396103319493704e-06
1.097049675991002e-06
5.072171006759163e-06
2.706420199061199e-09
3.3485014228062937e-06
3.6611227187677287e-06
8.687754302627582e-07
3.3274825455009704e-06
7.7165833545223e-07
1.363530373055255e-07
3.0242233606259106e-07
5.628277790492575e-07
2.38037932831503e-06
2.5573980710902333e-09
1.5798548247403232e-06
1.103031650018238e-06
1.5692090755692334e-06
2.046317149506649e-06
3.0969638373790076e-06
1.013291117679671e-09
3.872190973197576e-06
9.47221906244522e-07
8.790843821770977e-06
5.690967697091764e-10
4.534123945632018e-06
6.01263483446246e-09
3.018346660610405e-06
1.7337501434511182e-09
1.9201229406462517e-06
3.4549211704870686e-06
3.2179730169445975e-06
1.0472355143065215e-06
9.12536847863521e-07
3.921920121996436e-09
2.9073810310364934e-06
1.9087467535428004e-06
1.0971585879815393e-06
4.0693665104285515e-10
3.2394837035099044e-06
3.5672906051331665e-06
1.9935321233788272e-06
7.360631570918486e-07
9.069898624147754e-06
1.6458371874250588e-06
2.2150392396724783e-05
1.1097224160039332e-05
2.6132634047826286e-06
1.1865298574775807e-06
3.5997409213450737e-06
3.961262429186263e-09
1.3533160654333187e-06
1.7776943650460453e-06
2.5825720513239503e-06
1.5197268794509e-06
1.8072582861350384e-06
1.1571904545704115e-09
8.082254794317123e-07
1.4839135253907898e-08
1.7841022099673864e-06
6.17281836756689e-10
1.6405317637691041e-06
1.0675669273041422e-06
1.6512537968083052e-06
1.1635787586783408e-06
1.1338640888425289e-06
8.78379410096386e-07
2.4664120701345382e-06
8.533797881682403e-07
2.2108938537712675e-06
9.106116749535431e-07
1.3298505336933886e-06
3.288728862571588e-07
1.565628963362542e-06
2.3711757535238576e-07
1.4364304661285132e-06
1.443756048047362e-07
3.286586206741049e-06
1.7898718169817585e-06
1.8128645251636044e-06
1.1464397857707809e-06
2.8483948426583083e-06
9.835921410683568e-09
2.2530523438035743e-06
1.7008516124406015e-06
2.170993866457138e-06
2.2416891169996234e-06
5.475581019709352e-06
5.320818008414108e-09
1.2390987649268936e-06
5.889052658858418e-07
5.118869012221694e-06
4.917703336104751e-06
1.1307976137686637e-06
3.9696459452898125e-07
1.6566287968089455e-06
6.43010666934174e-09
5.2825762395514175e-06
1.0010797524273585e-08
3.4260947359143756e-06
1.4796868299526977e-06
4.063203050463926e-06
5.065336594611836e-09
1.9373840132175246e-06
1.0489662827239954e-06
1.521901140222326e-06
3.6833633365596086e-10
3.8580647014896385e-06
8.798285193734046e-07
2.5877882308122935e-06
8.904756327865471e-07
1.5013397387519944e-06
9.147952368948609e-07
7.300629363271582e-07
1.138699445846214e-08
1.6749528413129156e-06
1.3411233794613509e-06
1.2987352420168463e-06
6.603349334000086e-07
1.965223646038794e-06
2.248139253424597e-06
5.196078291191952e-06
2.9521611395466607e-06
1.092074739972304e-06
2.937375143119425e-08
9.513365171187615e-07
1.0623688240229967e-06
1.0931099495792296e-05
9.540517567074858e-06
1.2610822523129173e-05
1.2419661288731731e-05
3.1980573567125248e-06
7.64688479648612e-07
5.7776283028943e-06
5.468129984365078e-06
3.4360837162239477e-06
1.9261242414359003e-06
6.8396916503843386e-06
6.120202669990249e-06
4.2202095755783375e-06
9.865253502994165e-09
2.0378290628286777e-06
1.4029784551894409e-06
1.2606845984919346e-06
7.184649319924574e-09
1.5168399158937973e-06
2.95765244118229e-06
1.7090565052058082e-06
2.655281150509836e-06
7.892761459515896e-06
8.200892693821515e-07
3.852988356811693e-06
3.4741367471724516e-06
8.836688039082219e-07
2.2078179995332903e-07
1.314506675953453e-06
4.001894922112115e-06
6.474697755720626e-08
5.480296749738045e-06
4.343714863352943e-06
3.0519038318743696e-06
2.36235814554675e-06
2.0484425267142115e-09
4.8774386414152104e-06
1.1518432074808516e-06
2.2742051442037337e-06
2.891580834329943e-06
2.4698081233509583e-06
3.9983551687328145e-06
8.203534775930166e-07
5.2294698349442115e-08
2.4903847588575445e-06
1.8156266605728888e-06
9.632891817545897e-08
3.5893197747327577e-08
1.5876140651016613e-06
1.415663518855581e-06
3.66973404197779e-06
2.7859671263286145e-06
3.6628330235544126e-06
2.4132626208484e-07
3.3882129173434805e-06
4.0044715206022374e-06
5.990290446789004e-06
1.0782179060697672e-06
2.7728267468773993e-06
2.893868668252253e-06
1.1304400686640292e-06
4.498501766647678e-06
5.013602276449092e-06
1.926129700180468e-09
1.499185259490332e-06
2.5347808332298882e-06
3.1740916028866195e-07
1.0588050827209372e-06
2.5625436137488578e-06
6.663084377578343e-07
2.5245290657949226e-07
2.624271688844715e-09
1.9353173286162928e-07
2.996665102728002e-07
8.568455314161838e-07
9.524281807671287e-08
4.883149358647643e-06
2.2993660877546063e-06
3.0349760891112965e-06
1.7537665542022296e-08
2.739990122790914e-05
5.839994173584273e-06
3.447425115155056e-05
2.776666452319887e-09
2.5650411771493964e-05
1.2395246606899946e-08
9.63458078331314e-05
7.144303708628286e-06
5.31049954588525e-05
5.70097245145007e-06
0.0002180365554522723
8.748670552449767e-06
3.6302574244473362e-06
2.1688638440764407e-08
1.4539450603479054e-06
4.400692887429614e-06
7.689083577133715e-05
5.861253612238215e-06
0.00021287811978254467
2.597767206680146e-06
0.00014937545347493142
9.239023711415939e-06
9.783529094420373e-06
5.06438209413318e-06
1.817555312300101e-05
2.6270611215295503e-06
6.529530946863815e-05
2.3580493113684042e-09
4.128558066440746e-05
1.0606017895042896e-06
1.4286915757111274e-05
3.939426278520841e-06
2.4974229745566845e-05
3.816775461018551e-06
2.7680924176820554e-05
3.286779019617825e-06
2.4011014829738997e-05
1.5678232045956975e-09
1.4336281310534105e-05
4.354978244691665e-08
5.540900019695982e-05
9.112563930102624e-07
1.3919764569436666e-05
1.9887997950718272e-06
6.224933167686686e-05
5.239163547443582e-10
0.00018680909124668688
1.0395250683359336e-05
1.9924038497265428e-05
2.386042297075619e-08
2.7861611670232378e-05
3.1616000342182815e-06
5.712445636163466e-05
6.7374403442954645e-06
1.2733016774291173e-05
6.832176495663589e-07
7.39119786885567e-06
1.686653604338062e-06
7.980728696566075e-05
2.1337154976208694e-06
3.121313784504309e-05
1.5563279553987286e-09
2.5631303287809715e-05
2.842704986960598e-07
1.5115245332708582e-05
4.002110927103786e-06
2.4268047127407044e-05
5.6026636663375484e-09
7.302888116100803e-05
2.410993602097733e-06
4.417349373397883e-06
2.4741282231843797e-06
1.4132608157524373e-05
1.1153707646371913e-06
8.14163558970904e-06
2.079627620332758e-06
7.8223405580502e-05
4.519345608855474e-08
2.1556033971137367e-06
2.0239367586327717e-06
1.375722604279872e-05
1.0162158758930673e-07
1.7635480617173016e-05
1.5530105201833067e-08
1.58114853547886e-05
1.251809521818359e-06
1.642304596316535e-05
5.890672127861762e-06
4.3228563299635425e-05
5.618132945528487e-06
4.305509264668217e-06
2.715509253903292e-06
4.7834655561018735e-06
1.8720783145909081e-06
1.3862080550097744e-06
4.593764799665223e-07
2.9261982490425e-06
1.7860800838320756e-08
5.285533006826881e-06
3.0909079669072526e-06
2.4977630346256774e-06
1.91312099495633e-09
3.218143092453829e-06
1.9130276029954985e-08
2.804270252454444e-06
8.521251402271446e-07
3.1217703053698642e-06
9.864721732810722e-07
4.532961611403152e-06
2.281885372212855e-06
3.13234090754122e-06
1.9916882365578203e-08
3.295028591310256e-06
1.1939213209188893e-06
2.6569769033812918e-06
5.583463136282774e-10
3.7339082155085634e-06
2.224495032621121e-09
7.09539745002985e-06
5.567338146050815e-09
7.272069069585996e-06
8.862021161348821e-08
3.039150669792434e-06
2.945220558103756e-06
1.8092118807544466e-06
5.340754114513402e-07
3.8119433156680316e-06
1.5844543455045823e-08
9.823394975683186e-06
2.3376007902697893e-06
1.2226410945004318e-05
2.0121788111282513e-05
8.409570000367239e-06
2.612414618852199e-06
2.432089331705356e-06
5.768852133769542e-07
3.850267148663988e-06
1.192082095258229e-06
2.559142103564227e-06
5.166855032712192e-08
8.021455869311467e-06
7.010746649882549e-09
9.60231318458682e-06
4.0995055314851925e-06
1.1192041711183265e-05
5.001857516617747e-06
4.000399258075049e-06
4.649368747777771e-06
1.593342676642351e-05
1.0925035098807712e-07
8.804322533251252e-06
6.230685357877519e-06
1.2488501852203626e-05
4.553394774120534e-06
6.157985126264975e-07
2.8098592896874663e-10
7.295462637557648e-06
5.488755959959235e-06
7.482277851522667e-06
2.3182384900621855e-09
3.931916580768302e-06
6.2111924492569415e-09
4.305509264668217e-06
2.715509253903292e-06
1.0933116527667153e-06
5.513250584954221e-07
5.285533006826881e-06
3.602921694323413e-08
2.9261982490425e-06
8.004300333652736e-09
7.98624114395352e-06
1.3801302145566297e-07
2.198129368480295e-05
3.6796624414137113e-08
3.694012320920592e-06
5.938398217608665e-08
5.598476491286419e-06
4.439223175722873e-06
2.804270252454444e-06
8.521251402271446e-07
7.280187674041372e-06
3.3141006952064345e-06
4.532961611403152e-06
2.281885372212855e-06
3.13234090754122e-06
1.9916882365578203e-08
1.0783277502923738e-05
1.662801696511451e-05
6.493083219538676e-06
1.2118434824515134e-06
1.2150228940299712e-05
1.3663052911283557e-08
2.4977630346256774e-06
1.4976249573805944e-08
2.6569769033812918e-06
1.8241106403138474e-09
4.145800630794838e-06
4.337380232755095e-09
1.0492153705854435e-05
3.1116826448851498e-06
2.7629877877188846e-05
2.418429403405753e-07
5.048891125625232e-06
1.6274772178803687e-06
4.000399258075049e-06
1.5721606416718714e-07
1.2226410945004318e-05
2.0121788111282513e-05
3.5146316804457456e-05
6.551301794388564e-07
9.887042324407957e-06
2.237705132301926e-08
1.5473440726054832e-05
7.274719138194996e-08
1.1184189133928157e-05
6.312681762210559e-06
3.3795063245634083e-06
1.8482184032109217e-06
5.754111043643206e-06
2.2668093180300275e-08
3.5727955491893226e-06
1.4029784551894409e-06
9.684326869319193e-06
9.180575034406502e-06
1.52798220369732e-05
1.778001205821056e-05
3.731553306351998e-06
1.3932321962784044e-07
3.7339082155085634e-06
2.92789265055049e-10
3.920556537195807e-06
5.102517075528112e-09
5.230193892202806e-06
8.193064218176005e-07
2.1818607365275966e-06
4.796635266757221e-08
4.856897703575669e-06
1.968071728697396e-06
8.589071512687951e-06
1.1934805144164784e-08
1.5371255358331837e-05
8.778273695497774e-06
3.8030066207284108e-06
1.7397193685653178e-09
5.391759259509854e-06
5.2239812475818326e-09
6.82689824316185e-06
2.3354361928795697e-06
3.5727596241486026e-06
1.689047167019453e-06
5.50940103494213e-06
9.892683010548353e-07
8.007659744180273e-06
4.525446001935052e-06
5.21229776495602e-06
1.4192187336448114e-06
9.439497262064833e-06
3.1178244626062224e-06
5.114558462082641e-06
6.495952789009607e-07
7.0454889282700606e-06
2.2845454168418655e-06
4.731257376988651e-06
3.107116526734899e-06
1.1200355402252171e-05
3.2214401812780125e-07
2.5653553166193888e-06
6.928348739165813e-07
2.7904892704100348e-05
1.5210926562758686e-07
1.0421057595522143e-05
1.315927562473007e-07
4.876845196122304e-06
7.826261025911663e-07
1.0278555237164255e-05
3.42370140060666e-06
5.268806944513926e-06
3.356974048074335e-06
2.357870471314527e-06
1.5989024859663914e-06
6.8432968873821665e-06
9.850263268162962e-06
4.8811793931236025e-06
4.542462050949325e-08
3.360097707627574e-06
2.363669864280382e-06
2.517882876418298e-06
1.0300587938161243e-08
4.207133315503597e-06
1.5714074379502563e-06
2.589139739939128e-06
1.0776280987556675e-06
2.6470565899217036e-06
7.637964039020062e-09
3.5254424801678397e-06
1.123575121830811e-09
5.4328279475157615e-06
2.256065499750548e-06
2.669754167072824e-06
2.749429794945968e-09
2.4215610210376326e-06
4.756910954029081e-08
3.958540673920652e-06
2.379940269747749e-06
4.710353096015751e-06
2.6076727976942493e-07
6.6852908275905065e-06
3.0975543268141337e-06
2.721467126320931e-06
6.611733383010687e-10
6.33858326182235e-06
5.381504131207748e-09
3.600183163143811e-06
2.0095267245778814e-06
3.05357639263093e-06
6.073075269341643e-07
4.862137757299934e-06
4.4825021916494734e-08
4.437673851498403e-06
1.0552616203085563e-07
4.520574748312356e-06
8.707183951628394e-07
4.669350801123073e-06
1.8939263490835856e-09
5.7236179600295145e-06
5.2577791009866814e-09
3.6926803659298457e-06
1.216239866153046e-06
3.548854465407203e-06
2.517361053833156e-06
5.043245437263977e-06
2.553912736402708e-06
6.459240921685705e-06
3.3096762308559846e-06
3.256211130064912e-06
2.0105746898479993e-06
1.8660546629689634e-05
1.037405127135571e-06
3.521525286487304e-05
6.4409954347866e-07
2.6812678697751835e-05
3.3569042443559738e-06
4.207813981338404e-05
2.1530152025661664e-06
2.5895267754094675e-05
4.741009888675762e-06
5.0525479309726506e-05
2.50863968176418e-06
2.272898200317286e-05
3.504490919681302e-08
3.480625673546456e-05
1.3688290501079337e-09
2.6311681722290814e-07
5.043165401730221e-06
4.8062094720080495e-05
8.793219421932008e-06
3.767790985875763e-05
1.6289968129967747e-07
1.340115977654932e-05
1.3744728448727983e-06
1.4609388017561287e-05
6.092578530569881e-08
2.0599763956852257e-05
6.5915146478801034e-06
4.478094524529297e-06
3.287199660917395e-06
3.590149572119117e-05
3.4700815376709215e-06
3.482738247839734e-05
1.6262823692159145e-06
0.00015237179468385875
2.6566406177153112e-06
3.643902891781181e-05
3.991204266640125e-06
1.663390503381379e-05
5.383633379096864e-06
1.1387434284415576e-07
7.796238605806138e-06
2.963688757517957e-06
7.408958026644541e-06
0.0001254124945262447
4.7159242058114614e-06
5.9233527281321585e-05
6.915818175912136e-06
1.3777585991192609e-05
7.853937859181315e-06
2.3278857952391263e-06
4.690184141509235e-06
2.0324769138824195e-05
1.5082848392466985e-07
3.714781269081868e-05
6.45908949081786e-06
2.3741654331388418e-06
1.1310340219949921e-08
5.946032251813449e-05
2.108962462443742e-06
0.000131905879243277
7.329070740524912e-06
5.134336788614746e-06
4.9591471906751394e-06
2.2352610358211678e-06
3.319984998029213e-08
2.3432935449818615e-06
3.2772545637271833e-06
9.660644764153403e-07
7.178310283961764e-07
1.9769272512348834e-06
3.5308632959640818e-06
3.0003309348103357e-06
1.0830223118318827e-06
1.8189541606261628e-06
2.97369615509524e-06
1.9376373074919684e-06
8.902686587930475e-09
9.679141840024386e-06
4.281232122593792e-06
5.260922080196906e-06
5.459549356601201e-06
1.5010564311523922e-06
2.1183318494877312e-06
5.934704404353397e-06
1.4662211000882053e-08
2.7942458018515026e-06
4.7608040176783106e-07
1.2735107475236873e-06
1.2059912251061178e-06
2.047131829385762e-06
9.084192242880818e-08
3.881626525981119e-06
2.1851665223948658e-06
5.992254045850132e-06
1.592505860514848e-08
1.3880699043511413e-06
1.0542333672702853e-09
4.401239038998028e-06
1.530857574039146e-08
2.326149115106091e-06
6.941913284208567e-07
1.2991042694920907e-06
1.3415073496503283e-08
1.3965584457764635e-06
5.207110120863945e-07
2.3800754206604324e-05
1.279458410863299e-05
1.8349321180721745e-05
1.0326188203180209e-05
1.189623617392499e-05
3.421719611651497e-06
8.844404874253087e-06
8.094009018577708e-08
1.246282317879377e-05
4.310574297505809e-08
1.0508848390600178e-05
7.351596650551073e-06
1.2205480743432418e-05
4.663203583277209e-07
1.1804710993601475e-05
3.2210718927672133e-06
1.1396863556001335e-05
4.495801476878114e-06
1.6354996432710323e-06
1.9599703193762252e-08
8.275543223135173e-06
7.176793133112369e-06
1.2042113667121157e-05
1.742758684031287e-07
7.954547072586138e-06
2.185047804914575e-07
5.271735972200986e-06
2.8925094738951884e-05
1.3477571883413475e-05
2.200107473981916e-06
1.4825103789917193e-05
1.1881819773407187e-05
8.725773113837931e-06
4.109340352442814e-06
6.587964435311733e-06
6.466244872882498e-09
1.4303455827757716e-05
8.605940820416436e-06
2.6613439331413247e-05
6.337052127491916e-08
1.2092084034520667e-05
5.995595529384445e-06
1.1724499927368015e-05
2.2084249096110398e-08
1.472895201004576e-05
6.758976269338746e-06
7.27927863408695e-06
2.0535387648124015e-06
6.005541763443034e-06
2.3404099991353178e-08
6.851470061519649e-06
3.5405338394411956e-07
8.881504982127808e-06
2.719667463679798e-06
9.875585419649724e-06
1.9343170620800265e-08
1.2955472811881918e-05
6.45908949081786e-06
4.2415581447130535e-06
3.5106240829918534e-06
6.459240921685705e-06
3.3096762308559846e-06
1.206041906698374e-05
4.8198780859820545e-06
1.0994192962243687e-05
7.99856752564665e-06
5.597951712843496e-06
3.243905439376249e-06
7.716831532889046e-06
5.49789501747e-06
1.1038928278139792e-05
4.630019247997552e-06
6.627567017858382e-06
6.9196920549075e-07
6.99969905326725e-06
2.3636508217350638e-07
1.3285467503010295e-05
6.622663022426423e-06
2.614561026348383e-06
1.1891118312234994e-08
1.0409916285425425e-05
1.0107536496661851e-07
6.655863398918882e-05
3.498492105791229e-06
2.078274337691255e-05
1.206268393616483e-06
4.492071093409322e-05
1.0835778994078282e-06
0.00014721372281201184
7.015378855612653e-08
0.0005844494444318116
1.209964693771326e-06
2.5832652681856416e-05
9.885337021842133e-06
5.9101919759996235e-05
4.912518761557294e-06
0.00016189726011361927
3.849738277494907e-06
0.00023098300152923912
1.8734125717401184e-07
0.00010261285933665931
1.550690775786734e-08
0.00014695523714181036
1.351715468445036e-06
8.421596248808783e-06
3.445629999987432e-06
1.118037630476465e-06
4.39643827121472e-06
0.0001343697076663375
4.327329961029136e-08
1.1711587148965918e-06
1.469861445002607e-06
0.00010119827493326738
2.6319562493881676e-06
9.422309085493907e-05
6.8805543378402945e-06
7.08117731846869e-05
2.7636211541448574e-08
2.948435849248199e-06
2.80356539406057e-06
0.00012217866606079042
1.5926692853440727e-08
4.9424674216425046e-05
1.371526678894952e-07
0.00010403090709587559
2.8926654067618074e-06
3.198760896339081e-05
1.4463004845310934e-05
0.00030910325585864484
4.9646555311255725e-08
0.00011233979603275657
1.999475443881238e-06
0.00010155957716051489
1.6599535683781141e-06
1.7742751879268326e-05
4.647638888854999e-06
2.1627204205287853e-06
6.006654984958004e-06
3.7273670727699937e-07
2.4227110770880245e-06
8.602389425504953e-05
8.095722137113626e-07
5.593307287199423e-05
5.0017115427181125e-06
2.8158196073491126e-05
1.5519982525802334e-06
6.919637235114351e-05
2.996530383825302e-06
4.797483370566624e-07
1.0050232958747074e-05
8.500904368702322e-05
2.727746505115647e-06
0.00012231175787746906
9.802627118915552e-07
4.648653657568502e-07
2.382950924584293e-06
7.04316989867948e-05
3.0700898605573457e-06
0.0004208357713650912
2.3151734751536424e-07
2.5723460566950962e-05
5.6761950872896705e-06
7.126311538740993e-05
1.885308734017599e-06
7.655534136574715e-05
1.2228670129843522e-06
0.0001617524103494361
1.977662122953916e-06
4.6860266593284905e-05
4.54253267889726e-06
1.2376846825645771e-05
2.2795504719397286e-06
8.256161891040392e-06
6.682967523374828e-06
1.2150228940299712e-05
9.5667269306432e-07
6.836972715973388e-06
1.7549019730722648e-06
6.629938980040606e-06
2.5177944280585507e-06
1.3871047485736199e-05
3.326250634927419e-06
6.482065600721398e-06
4.0884506802285614e-07
1.50687515088066e-06
5.424606541737376e-09
6.625873993471032e-06
6.96167126079672e-06
5.4863271543581504e-06
1.632172256904596e-06
2.0438059436855838e-05
8.171494300768245e-06
8.693278687132988e-06
1.8269082602273556e-06
7.596638624818297e-06
1.045620923179058e-08
8.214219633373432e-06
1.3607901472312278e-08
5.923081971559441e-06
4.526626540268808e-08
8.319731023220811e-06
6.5803874349512625e-06
1.1486305083963089e-05
5.135196261107922e-06
7.5677025961340405e-06
3.561240902172358e-08
2.1413488866528496e-06
2.1777879055662197e-07
6.78263768350007e-06
1.8990234593729838e-06
3.613876469898969e-05
4.521230948739685e-05
2.3656507437408436e-06
1.480752189308987e-06
2.2086758690420538e-05
1.0980248589476105e-05
9.210853932017926e-06
5.486565441970015e-06
3.3979299587372225e-06
7.233936230477411e-06
4.553919552563457e-07
1.923662239278201e-06
2.346658448004746e-06
3.2547031878493726e-06
2.0397064872668125e-06
2.3701049940427765e-06
2.5938611543097068e-06
4.099711986782495e-06
1.0119125590790645e-06
2.782881210805499e-06
8.384204761568981e-07
4.175926804350638e-08
1.5582002106384607e-06
2.3551472168037435e-06
2.1456035028677434e-06
5.648697154470028e-08
1.1796045100709307e-06
3.7308964238036424e-06
2.3371883344225353e-06
2.782498540909728e-06
2.0750078419951024e-06
9.827718713495415e-06
2.952574732262292e-06
3.0585661647819506e-07
1.8878396303989575e-06
4.442912086233264e-06
2.93125390271598e-06
3.579117446861346e-08
1.6449337181256851e-06
4.349312732188082e-08
1.4638411585110589e-06
4.247700417181477e-06
5.466932179842843e-06
2.3193670983800985e-08
1.3973344721307512e-06
4.2330617588959285e-07
2.717077450142824e-06
3.3081018955272157e-06
2.224655190730118e-06
6.643909273407189e-06
7.517544872825965e-06
5.156749693924212e-08
1.5649627584934933e-06
4.257905857230071e-06
5.12418137077475e-06
4.44985426284461e-09
6.036309514456661e-07
4.590359822032042e-06
2.884426521632122e-06
6.563745547083499e-09
1.7302978676525527e-06
4.637877736968221e-06
1.5720329429314006e-06
5.884451184101636e-07
1.0750079582066974e-06
7.639891208555127e-08
2.29993474931689e-06
1.1842137936923791e-08
2.9670065941900248e-06
7.559151526947971e-08
1.7571400121596525e-06
1.1081044249294791e-05
1.2505576023613685e-06
2.682527622255293e-07
1.6937150348894647e-06
5.023213816457428e-06
2.7599508030107245e-06
1.2192743952255114e-06
2.421640147076687e-06
3.197873610361057e-08
1.1502464076329488e-05
2.317250391570269e-06
4.40707262896467e-05
5.23815742781153e-07
1.5578631064272486e-05
6.181819856010407e-08
7.614125206600875e-05
7.71869054005947e-06
3.1077739549800754e-05
1.567655694145742e-08
1.4987646864028648e-05
2.5920708139892668e-06
4.858375177718699e-05
3.4606969734340964e-08
1.1028329936380032e-05
4.24636300522252e-06
5.834135663462803e-05
2.254983932914456e-08
5.134488674229942e-05
6.0837282944703475e-06
1.4675897546112537e-05
3.6707049275719328e-06
5.8702833484858274e-05
3.3192513626545406e-08
4.9464561016066e-06
3.3081980177485093e-07
4.7129360609687865e-05
7.498607828893e-06
1.9255039660492912e-05
3.4794929604231584e-08
1.3124519682605751e-05
2.864142629732669e-07
2.8862290491815656e-05
4.670734465861415e-09
2.961428981507197e-05
2.808861268022156e-07
2.2798976715421304e-05
3.0237231385399355e-06
8.655360943521373e-06
4.6088216549833305e-06
8.474984497297555e-06
1.4597452491216245e-07
4.706129402620718e-06
4.700748831965029e-06
5.389106263464782e-06
2.2495811435874202e-08
2.2346705463860417e-06
1.3559940725826891e-08
1.0642687811923679e-05
2.9648958843608852e-06
1.6114583559101447e-05
1.1098666874431729e-08
3.6720637581311166e-05
1.7021515077431104e-06
2.2497522877529263e-05
4.127820574240104e-08
1.8103879483533092e-05
2.3365667800590018e-07
4.958266799803823e-05
2.4396263142989483e-06
1.801720827643294e-05
3.2516445571673103e-06
4.8703250286052935e-06
4.5360488911683206e-06
3.364402800798416e-05
4.229494265928224e-08
8.026661816984415e-05
7.543043466284871e-06
1.483319738326827e-05
6.945740096853115e-06
5.392146704252809e-05
5.51080665900372e-06
1.3370357009989675e-05
8.090842129604425e-08
9.687165402283426e-06
5.976992270007031e-06
3.4629920264706016e-05
1.0585665677353973e-06
4.3427768105175346e-05
6.97096558255339e-09
