8.445891808150918e-07
1.4292282024541691e-08
9.862563274509739e-06
6.967900390009163e-07
9.9008639153908e-06
2.8999259029660607e-06
1.3147194977136678e-07
2.1237919156646967e-07
6.756604307156522e-07
1.1099553631765957e-07
9.024235581023277e-09
9.731021322068045e-08
6.392745035554981e-06
1.3670602356796735e-06
2.743028062468511e-07
1.0261319403070956e-06
1.5525953131145798e-05
5.558144948736299e-06
1.5525953131145798e-05
5.558144948736299e-06
1.4401827002075152e-06
7.227388891806186e-07
2.162625833079801e-06
2.5446897211622854e-07
1.1465656825748738e-05
4.359383183327736e-06
5.2094623725906786e-08
2.696739613838872e-07
2.441294964228291e-05
5.714519375032978e-06
2.441294964228291e-05
5.714519375032978e-06
2.5110516617132816e-06
2.8709730486298213e-06
1.1056036782974843e-05
5.000423243473051e-06
1.0709204616432544e-05
2.711117076614755e-06
2.2774383978685364e-07
1.122979483625386e-06
1.098416532840929e-06
2.486632411091705e-06
1.4169994955182119e-08
4.300168043869235e-08
2.8490339900599793e-06
2.8048405056324555e-06
2.6288591925549554e-06
8.499139312334592e-07
1.598425228621636e-06
4.4017224354320206e-07
7.2126590566767845e-06
2.9816296773788054e-06
1.1130220627819654e-05
9.3216467575985e-06
1.1130220627819654e-05
9.3216467575985e-06
4.676050230045803e-05
3.151714918203652e-05
1.1191236382046554e-07
1.4526042946272355e-07
8.370447517336288e-07
4.7198949459925643e-07
1.3011092960368842e-05
4.33651575804106e-06
