1.4599605492549017e-05
7.379261205642251e-06
1.882474316516891e-05
1.3159115951566491e-05
4.212345174892107e-06
3.924481461581308e-06
4.871847977483412e-06
8.989040907181334e-06
7.425480362144299e-06
9.527481779514346e-06
1.3323311577551067e-05
1.2923434042022564e-05
4.413451279106084e-06
1.3438178029900882e-05
1.589991370565258e-05
4.40615440311376e-06
1.2446363143681083e-05
1.0189454769715667e-05
2.2543824798049172e-06
4.7802495828364044e-06
2.2736539904144593e-05
2.9657316190423444e-05
4.0425416045763995e-06
5.261521891952725e-06
1.0681477760954294e-05
5.527669145521941e-06
5.160471118870191e-06
5.81583071834757e-06
2.8586926603679785e-08
5.98774931859225e-08
2.896654223150108e-06
4.808722678717459e-06
6.646730071224738e-06
1.1467708645795938e-05
8.812392479740083e-06
1.2358960702840704e-05
1.2739416888507549e-05
2.2726326278643683e-06
1.2456844160624314e-05
2.056908306258265e-05
1.676396323091467e-06
2.2527783585246652e-06
3.9989117794902995e-06
6.142467555037001e-06
1.5498128050239757e-05
1.0291780199622735e-05
1.5173171959759202e-05
4.651873496186454e-06
5.571489509748062e-06
3.911205567419529e-06
5.162617981113726e-06
1.525254333500925e-06
4.192850511230972e-08
2.899427897773421e-08
1.89664001482015e-06
2.634546945046168e-06
1.1659442407108145e-06
1.4086077726460644e-06
1.1617790732998401e-05
8.820076800475363e-06
1.0828512131411117e-05
1.3908525943406858e-05
2.3263924958882853e-05
2.5848010409390554e-05
3.8047338080104964e-07
1.1913330126844812e-06
2.4216783458541613e-06
2.282195055158809e-06
8.599663487984799e-06
1.3036562449997291e-05
1.0227568964182865e-05
7.646433914487716e-06
1.6429997629074933e-07
1.3243010243968456e-06
1.3692816537513863e-05
2.0653704268625006e-05
5.825430889672134e-06
1.688613156147767e-05
1.2114104492866318e-06
1.2255330830157618e-06
1.0910960554610938e-05
5.583630354522029e-06
3.098102183685114e-07
2.010742264246801e-06
6.7118940023647156e-06
1.7712181943352334e-05
2.5234683562302962e-05
2.0223817045916803e-05
