2.8939052754139993e-06
2.8939052754139993e-06
2.8939052754139993e-06
1.1791310043918202e-06
1.1791310043918202e-06
1.1791310043918202e-06
1.2137748228724377e-07
1.2137748228724377e-07
1.2137748228724377e-07
1.052265758971771e-07
1.052265758971771e-07
1.052265758971771e-07
2.6813307840711786e-07
2.6813307840711786e-07
2.6813307840711786e-07
2.0778469433935243e-07
2.0778469433935243e-07
2.0778469433935243e-07
1.291815152626441e-07
1.291815152626441e-07
1.291815152626441e-07
9.628360203350894e-06
1.2640142585951253e-06
1.2640142585951253e-06
2.570727474449086e-06
5.720903004657885e-07
2.570727474449086e-06
4.294662630854873e-06
4.294662630854873e-06
4.294662630854873e-06
7.1383647082257085e-06
7.1383647082257085e-06
7.1383647082257085e-06
1.2517285540525336e-05
1.2517285540525336e-05
1.2517285540525336e-05
6.566860520251794e-06
6.566860520251794e-06
6.566860520251794e-06
2.223732280981494e-06
3.7818503187736496e-05
3.7818503187736496e-05
1.6532388826817623e-06
6.213505002961028e-06
1.6532388826817623e-06
1.4549046909451135e-06
1.4549046909451135e-06
1.4549046909451135e-06
1.9738436094485223e-06
1.9738436094485223e-06
1.3046351776679899e-09
1.066443928721128e-05
5.021820015826961e-06
5.021820015826961e-06
5.923954518038954e-07
1.21520827178756e-06
5.923954518038954e-07
4.9304367166769225e-06
4.9304367166769225e-06
4.9304367166769225e-06
5.199913175601978e-07
5.199913175601978e-07
5.199913175601978e-07
1.709347969836017e-07
1.709347969836017e-07
1.709347969836017e-07
9.004831440506678e-07
9.004831440506678e-07
9.004831440506678e-07
1.3261482081361464e-06
1.3261482081361464e-06
1.3261482081361464e-06
0.000264978181803599
1.552391222503502e-05
1.552391222503502e-05
1.3316894182935357e-06
5.802111786579189e-07
1.3316894182935357e-06
7.941115995890868e-07
7.941115995890868e-07
5.672416136803804e-08
1.03616571323073e-06
1.03616571323073e-06
1.03616571323073e-06
0.00029418407939374447
8.19580236566253e-06
1.4850370462227147e-06
5.6783861509757116e-05
5.453208018479927e-07
3.0172526749083772e-05
1.8276708715347922e-06
1.8276708715347922e-06
5.275562102724507e-07
4.180219093541382e-06
4.180219093541382e-06
1.1205301575500926e-08
1.6925476984397392e-06
1.6925476984397392e-06
1.6925476984397392e-06
3.2180398648051778e-06
3.2180398648051778e-06
3.2180398648051778e-06
