6.655582546954975e-05
7.955603359732777e-05
2.1538546945976123e-07
3.635194900653005e-08
5.917327507631853e-05
7.367011858150363e-05
1.6344940831913846e-06
9.789822570382967e-07
9.809895118451095e-07
9.683446933195228e-07
2.8578117508004652e-06
1.7733659660734702e-06
1.1088746987297782e-06
8.024675821616256e-07
1.3850086588718113e-07
1.8221992803546527e-08
2.7398687961976975e-05
9.4010574684944e-06
9.104011951421853e-06
5.8412424550624564e-06
3.445470429142006e-05
1.623522439331282e-05
6.4506712078582495e-06
6.42233408143511e-06
6.718446002196288e-06
6.48136347081163e-06
6.718446002196288e-06
6.48136347081163e-06
1.0506696526135784e-05
7.351741260208655e-06
4.997586415811384e-07
5.62849784557784e-08
1.8652304788702168e-05
2.9192592592153233e-06
4.756127054861281e-06
6.257860150071792e-06
4.207214806228876e-05
3.9162721805041656e-05
4.564245443816617e-07
1.1364039664840675e-07
4.859700311499182e-06
1.968247715922189e-06
2.2791398635035875e-07
3.1645052445128385e-07
8.586473995819688e-06
2.457526534271892e-06
6.169512545284306e-08
1.0534236594139657e-08
9.432523256691638e-06
9.481116762799502e-07
2.553209924371913e-06
5.898066319787176e-06
7.751803423161618e-06
7.984619969647611e-07
9.318482625531033e-06
6.174095233291155e-06
4.3014374568883795e-06
2.7185853923583636e-06
4.3014374568883795e-06
2.7185853923583636e-06
5.282659913063981e-06
3.0900321235094452e-06
4.3402781813028923e-08
3.60241614316692e-08
9.670551435192465e-07
3.567949988791952e-07
4.988744706224679e-08
3.62104657369855e-08
2.5337594706797972e-06
3.1166061944531975e-06
2.123749993643287e-07
1.7618146941345003e-08
