1.2145478933689446e-07
1.6882548692365162e-08
2.254168833815129e-07
1.0099884093506262e-06
5.815073578219199e-08
6.178418221480797e-09
3.173960649860419e-08
6.736639335258587e-08
6.235674021581872e-08
7.858419337480882e-08
1.4329175712646247e-07
4.8292903898072836e-08
2.3090312595286377e-07
1.1473116678928363e-08
3.8156571235958836e-08
5.616546783215881e-09
2.9877867291361326e-07
1.3804467791089792e-08
1.199005197349834e-07
7.558575987332006e-08
8.205443435826965e-08
8.745145052557746e-09
1.2002297467006429e-07
7.327530227030365e-08
3.505526819935767e-07
3.1067193617673183e-07
2.6679191478251596e-07
2.1457641707911534e-07
7.11583766133117e-07
2.5232946843090076e-09
3.631000566883813e-08
1.1768795715738634e-08
9.864781986834714e-07
1.577424200149835e-07
2.8141939765191637e-06
2.3934603632369544e-06
3.909342012775596e-06
6.165296184690305e-08
2.529619086999446e-05
2.7904992094818226e-08
1.9921891691865312e-07
1.0716550491451926e-07
5.718554530176334e-05
1.5247839257881424e-07
5.888982741453219e-07
4.190438005480246e-07
1.686008772594505e-06
2.6321723112232576e-07
2.9487246138160117e-06
2.9445679672335245e-08
3.982519956480246e-06
5.852648365944901e-10
2.1240938963273948e-07
2.773066171357641e-06
1.6542882121939328e-06
1.1049397130591387e-07
2.684158289412153e-06
1.3672418752719295e-08
3.3225685456272913e-06
1.5782219975335465e-07
1.5680891465308378e-06
1.918833980596446e-08
4.043360206651414e-07
8.01126702754118e-08
8.256295586761553e-06
5.908747198191122e-07
1.669550755423188e-07
2.1294556518114405e-06
1.3039236819167854e-06
4.155771549108067e-08
4.47418187832227e-06
4.02536493027128e-09
1.8111159079126082e-05
7.360786639765138e-06
3.766941517824307e-06
6.006391828350388e-08
1.415135648130672e-05
3.1468132988266007e-08
2.1619111066684127e-05
1.430349357178784e-06
8.76436479302356e-06
2.6687646368372953e-06
3.7232155136734946e-06
2.540116916804891e-08
1.6289951645376277e-06
1.4873125842029822e-08
2.2406802600016817e-06
6.016321663082635e-07
2.542586344134179e-06
1.3966246115160175e-07
1.9391018213354982e-06
5.565846095123561e-06
3.856738203467103e-06
2.5404213488400273e-07
1.0641387007126468e-06
3.3481977190774614e-09
1.6420464135080692e-06
7.495520293332447e-08
1.5797392052263604e-06
1.1105652930609722e-07
3.3361427540512523e-06
8.865870171348433e-08
3.1293554911826504e-06
1.155347717940458e-06
1.2202376638015267e-06
2.648352506184892e-07
1.908083731905208e-06
1.6298919547352853e-07
3.3341002563247457e-06
8.3964337704856e-09
2.5079116312554106e-06
5.597704330284614e-06
1.226948029398045e-06
5.323166618609321e-08
3.1238798783306265e-06
5.925870993905846e-08
1.0315905001334613e-06
1.0248985660155085e-08
9.889265584206441e-07
5.833184157921778e-09
2.9901875677751377e-06
8.02227404506084e-08
1.4908731600371539e-06
1.0537920758224573e-07
1.7519867014925694e-06
3.687811656050144e-08
4.5829571604372177e-07
7.379830635478868e-10
9.025963549902372e-07
9.053529197444732e-07
1.2436456700015697e-06
9.141102097487419e-09
1.2081583236067672e-06
2.6704299216362415e-07
2.0080437934666406e-06
8.178280381798686e-07
6.481816399173113e-07
3.2880663525247655e-07
2.7219500680075726e-06
8.150738722179085e-06
7.067925480441772e-07
2.5815163098741323e-05
6.045435839041602e-06
4.1132330807158723e-05
2.4309229047503322e-06
2.646093548719364e-07
2.20834044739604e-06
3.1630298735763063e-07
1.7309860140812816e-06
6.348579972836887e-07
1.6616536413494032e-06
1.918303915715569e-08
9.064300456884666e-07
5.490926469065016e-08
1.610301410437387e-06
2.2932438170641944e-08
3.6531855585053563e-07
1.5901137828677747e-07
6.558780683008081e-07
8.389053895996312e-09
4.246743969815725e-07
4.366934902577668e-08
7.028216941762366e-07
1.9481182889080628e-08
9.088485626307374e-07
1.15405975975591e-06
8.309121994898305e-07
6.168438994791359e-05
1.9933552266593324e-06
2.38094617088791e-06
2.260767587358714e-06
1.6784969147920492e-07
5.784682343801251e-06
6.221938519956893e-09
2.1223534076852957e-06
7.683083058651619e-10
7.756935701763723e-06
1.9901353898177376e-09
4.45020486949943e-06
3.5296678106533363e-05
5.629600764223142e-06
8.975654282039613e-07
1.5641451227565994e-06
1.870310351037574e-09
7.284098956006346e-06
2.5844710194178333e-07
7.16207068762742e-07
1.5877112957696227e-07
4.380218797450652e-06
6.979898614645208e-08
5.541571226785891e-06
1.6412373682328507e-08
1.8576703951111995e-05
8.77662174048055e-08
1.0412171604912146e-06
1.3299814582978797e-09
4.7924947921274e-07
1.3438522046271828e-06
5.121074536873493e-06
3.425981844884518e-07
2.2739143332728418e-06
3.2606461530804154e-08
2.336105353606399e-06
1.5637196781881357e-07
2.8201604436617345e-05
1.9215224256186048e-07
7.128918468879419e-07
8.260411105132093e-11
9.184943792206468e-07
1.0672910320863593e-05
7.579378689115401e-07
1.1690398871166963e-08
1.430643010280619e-06
7.309415195777547e-06
5.881032393517671e-06
5.135968539349278e-09
2.861265215869935e-07
2.1576979634119198e-06
2.905540554820618e-07
3.99377626081332e-07
2.096866182910162e-06
6.167113042465644e-08
3.1709626000520075e-06
9.195354664370825e-07
5.584002792602405e-06
1.1798217656178167e-06
3.6743833220498345e-07
7.567785331730192e-08
5.74709019929287e-07
1.1779911801568232e-07
5.694794253940927e-07
1.8606026719325541e-09
1.1433486406531301e-06
1.3075737115286756e-07
1.279893467653892e-06
7.428313519852736e-09
6.294760623859474e-08
1.5086109028672468e-09
6.827511356277682e-07
1.274695335951037e-07
1.1527583865245106e-06
8.137045881539962e-08
1.2991283711016877e-06
1.3403635534814384e-07
7.863481528147531e-07
2.939486876130104e-09
9.323469498667691e-07
6.904889549019799e-09
1.3732295656154747e-07
7.81135600647076e-09
7.418979294016026e-06
2.8315589588601142e-06
1.5010877518761845e-07
3.020327454805738e-08
1.5622819091731799e-06
4.631898420370817e-09
2.1468711111083394e-06
4.036941732010746e-07
8.724498457013397e-07
1.166689056475434e-08
1.3043299418313836e-07
5.106383316189067e-09
3.372067794771283e-06
1.2300624803174287e-06
4.362703123206302e-07
9.6267990556953e-07
3.3044506153601105e-07
3.381301016958105e-09
2.3994623461476294e-06
3.464676865405636e-07
2.5667684440122684e-06
4.953601546731079e-07
4.104663275938947e-06
2.1772459604108008e-06
1.6267214277831954e-06
2.0765231312225296e-08
2.589223413451691e-06
4.7357869448205747e-07
3.122561338386731e-07
3.705079620885954e-08
7.673779691685922e-07
1.0754365575849079e-07
2.584325784482644e-07
5.0378035076903416e-09
0.00048064711154438555
3.298313178135004e-09
0.00010437636956339702
2.4245380814136297e-07
0.0004211031773593277
3.0024949637663667e-07
0.0003507471701595932
4.985051305084198e-08
0.00044188881292939186
8.170487397762827e-09
0.0011241449974477291
1.4373210888152244e-07
0.00017306524387095124
5.555444992921821e-10
0.00021122096222825348
1.3302359214151238e-09
0.0041964128613471985
1.729247003368073e-07
0.00022537140466738492
6.6423075928412345e-09
5.422188405646011e-05
3.0674807476316346e-06
0.0009151080739684403
3.121987674603588e-06
0.00039754336467012763
3.880700205627363e-08
0.00018005244783125818
4.5210349242097436e-08
0.00018914540123660117
7.029186832596679e-08
0.00022753709345124662
1.892212964094142e-08
0.0001696606632322073
3.0619284530075674e-07
4.411406916915439e-05
5.205133220442804e-06
2.4380085960729048e-05
3.5917608443014615e-07
0.00010895497689489275
1.4229235567597698e-09
0.00018366794392932206
6.961137888339408e-09
0.00012662957306019962
1.8935880419235218e-08
0.0002597227576188743
4.67153316030533e-10
0.0009997871238738298
7.386351171589922e-06
7.37872687750496e-06
6.922614659288229e-08
0.00022656719374936074
3.634964329535251e-08
0.00015604094369336963
3.071395138221078e-09
0.00023680621234234422
1.8799064491759054e-06
0.00047844371874816716
4.034692935306339e-08
1.8853537767427042e-05
5.671007329510758e-06
1.0113586540683173e-05
2.3382456220133463e-06
3.6472056308411993e-06
1.3042849786870647e-06
2.269085143780103e-06
5.374792522161442e-07
1.9019745423065615e-06
3.7666623597942817e-07
1.187262341773021e-06
3.7679369597753976e-06
3.6053586427442497e-06
3.8287171832962485e-07
5.912401775276521e-06
1.445084194529045e-06
1.3294081782078138e-06
2.1920817516729585e-07
6.010558081470663e-06
9.713844519865233e-07
7.258108212226944e-07
1.912143154925161e-08
7.834727512090467e-06
2.767385240076692e-06
5.131253601575736e-06
2.356702907491126e-06
3.59787941306422e-06
1.2054446187903523e-06
5.488931947184028e-06
2.2238036763155833e-06
1.222501168740564e-06
3.2890142165342695e-07
3.5589066555985482e-06
6.251868285289675e-07
6.513547532449593e-07
4.859553870417699e-10
2.150276122847572e-05
5.758687166235177e-06
3.5867144561052555e-06
7.955716228025267e-07
1.5016969427961158e-06
4.893348091172811e-07
4.105123935005395e-06
6.523276852021809e-07
1.4845990335743409e-05
3.313596153020626e-06
6.44298688712297e-06
1.9019705632672412e-06
2.6590098514134297e-06
1.2037125088681933e-05
2.8843110158049967e-06
1.2803148763396166e-07
1.2999201999264187e-06
2.2703481761254807e-07
1.7850380800155108e-06
5.046505293648806e-07
2.772030995856767e-07
1.3981111379735012e-08
5.264042215458176e-07
8.942822660173988e-08
1.6350666101061506e-06
1.0946574491299543e-07
1.0854357242351398e-05
3.3256430498340706e-08
2.2974943476583576e-06
2.513770880341326e-07
7.075899702613242e-06
1.0375442798249424e-06
6.232636678760173e-06
2.1704897790186806e-06
5.255703399598133e-06
2.0399670574988704e-06
2.4631635824334808e-06
1.7534436125288266e-08
2.3201500880531967e-06
0.00010591530008241534
3.5351706628716784e-07
2.4221460392936933e-09
2.9092257136653643e-06
3.582091721909819e-06
4.293922756914981e-06
2.844149378233851e-07
1.6745050743338652e-05
3.2239043434856285e-07
8.302182550323778e-07
3.80100374286485e-07
6.3394077187695075e-06
2.403223575697666e-08
9.217072260980785e-07
1.7105159599850595e-07
6.377668796631042e-06
6.884606023049855e-07
2.360502548981458e-06
4.866569724981673e-08
5.406388027040521e-06
3.109220969577109e-08
1.1603674465732183e-06
2.279131550153579e-08
1.065762376128987e-06
5.487452714447727e-10
3.440011369093554e-07
2.979113489232077e-08
3.981969030064647e-07
5.248024592674483e-08
5.833507543684391e-07
8.796916972642066e-08
1.6270636251647375e-06
6.685182540877577e-08
6.606834404010442e-07
8.219650027285752e-08
2.6659572540665977e-06
5.465258245962445e-10
4.523197731032269e-06
2.198785523432889e-06
1.0513218512642197e-05
1.5366039463060588e-07
3.4326749300817028e-06
9.142529506789288e-07
4.5732613784821297e-07
7.36677975510247e-07
1.1438611409175792e-06
1.7363763049615955e-07
1.0517513828744995e-06
1.7669968599420827e-08
9.927401833920158e-07
1.7619579750771663e-07
3.9225224099936895e-06
1.6367766875191592e-06
1.2276272798317223e-07
1.127707562886826e-07
7.77044624555856e-06
2.4673218490534055e-07
1.1842730600619689e-06
4.6284750965241983e-07
4.789344529854134e-06
1.1042774161751368e-07
5.3637222663383e-07
5.969207350631223e-09
1.3781607322016498e-07
5.2619821389043864e-08
4.985429313819623e-07
9.401941980513584e-08
1.8057589556974563e-07
3.746679624327953e-07
2.4886355731723597e-06
3.8509671185238403e-07
2.6851031620367394e-08
1.3148290456399536e-08
1.5217403870337876e-06
5.18944943905808e-07
1.3850556968009187e-07
3.3648042130351996e-09
5.142860004525573e-07
7.480387012037681e-07
4.5612191001964675e-07
3.1073291495431477e-08
1.8286685872226371e-06
1.2812476768431225e-07
3.445161098625249e-07
1.9316575006200765e-08
6.050637466614717e-07
1.5920026186222458e-08
1.001066607386747e-06
3.937893922056901e-08
1.8082798760588048e-06
7.857372530395423e-10
1.763029757739787e-07
4.349526605551546e-08
1.4307059359452978e-07
1.5775368922277266e-07
4.953423058395856e-07
7.505166621513126e-08
4.754220697122946e-07
3.4865745845991114e-09
3.04265171280349e-07
2.0339103912192513e-07
1.772402242750104e-07
2.13539728122214e-08
8.221184799594994e-08
2.6066459213325288e-08
2.61331422279909e-07
4.724544666601105e-08
3.6810210986004677e-06
1.7877458446946548e-07
9.126451914198697e-07
3.7666190166874e-09
1.0051566050606198e-06
7.498205611966569e-09
6.391423568175014e-08
4.955677113116508e-08
8.05080375698708e-08
5.542048597817484e-09
1.995998900383711e-06
2.0380724663482397e-07
1.7477511846664129e-06
2.6082020099238434e-07
6.931966822776303e-07
2.4426207723138305e-09
6.720221676914662e-07
5.187508200776847e-09
7.716618597441993e-07
8.987826305428825e-08
3.772828449655208e-08
4.484010052152598e-09
4.649217316909926e-06
1.960660711119999e-06
2.503849373169942e-06
2.0596831973307417e-07
2.300312615943767e-07
8.359327807738737e-08
2.2955325107432145e-07
5.255344959209651e-08
7.456249591086817e-07
2.3672212989822583e-07
1.2731504739349475e-06
7.011975355908362e-08
4.374963964437484e-07
1.4553819260854084e-09
2.4475625082232e-07
1.9679934126770604e-08
3.450322196840716e-07
3.7049623813345534e-08
1.5875411918386817e-07
3.2891122714318044e-08
5.704730483557796e-07
2.785190247323044e-07
1.7100867921726604e-07
1.923718428997745e-08
5.628807571156358e-07
3.020664962605224e-08
5.832057013321901e-06
3.0125568173389183e-06
1.0186006704770989e-07
2.7323560303216254e-08
1.5491971794290293e-07
4.182519148798747e-07
8.892254754755413e-08
8.943347040712979e-08
5.0074334012606414e-08
2.1073307721053425e-07
2.0675534528891149e-07
4.6912305151636247e-08
2.818070186094701e-07
2.0252659993502675e-08
4.5672752690961715e-08
8.309219978741567e-09
4.525678320987936e-08
2.2220928030947107e-07
3.817174558662373e-07
2.853614944342553e-08
1.5096549077497912e-07
1.5954917387261958e-08
1.9569137066355324e-07
4.64432936553294e-08
3.2825454354679096e-07
1.1375809805258541e-07
1.3855249392236146e-07
2.0249187215881648e-08
5.581498996320988e-08
5.526304747149879e-09
4.973562113264052e-07
3.829679240396899e-09
6.681079156578562e-08
4.69388083956801e-07
2.958108780148905e-07
1.2907388224903116e-07
9.599609285260158e-08
6.068895941346852e-10
1.3219057848345983e-07
3.392046821204531e-08
5.04972604176146e-07
1.7522668827041343e-07
1.1262667953815253e-07
1.304212560171436e-08
9.00170320505822e-08
8.884342719284177e-07
6.362633939716034e-07
4.4756509609555906e-09
7.63592368002719e-07
7.918660230643582e-06
3.944224715723976e-07
4.4040461943950504e-08
6.612457355004153e-07
8.407977247770759e-08
7.07310547909401e-08
1.2936985704925519e-08
1.1519972531459644e-06
2.066459728666814e-06
3.903886636180687e-07
9.658661781486444e-08
1.6483618310303427e-06
3.069765455165907e-07
2.0552366919446285e-08
4.635435438271607e-11
2.3605723242781096e-07
6.682625297571576e-08
9.041968951351009e-08
1.024844120678381e-08
1.7060222035070183e-07
1.9625491509689397e-10
4.719942353403894e-06
1.6217970824072836e-06
6.903946569991604e-08
1.2597242005085718e-07
1.5842861955661647e-07
1.2785630332246e-09
4.8243563810501655e-08
7.815851965631282e-09
3.459849722275976e-07
6.457155699024497e-09
2.7254156265144047e-08
6.965499288469346e-09
2.106612413399489e-07
1.1452074011319979e-10
3.520653706345911e-07
1.6822679071992752e-07
1.330155185996773e-07
1.0549043416574477e-08
2.26211852805136e-07
6.545655395484573e-08
2.888020026148297e-05
2.2265025378942482e-08
1.940717083925847e-06
1.799713373884515e-07
4.512114628596464e-06
7.735106777317924e-08
5.276835963741178e-06
6.827586496171989e-09
1.2924325346830301e-05
2.197637094525362e-08
3.0589537345804274e-05
1.0747342571448826e-08
1.0691649549698923e-05
1.4295271455466718e-07
2.018588020291645e-05
1.3803243348320393e-07
4.943686349179188e-07
9.343450528831454e-07
5.197148311708588e-06
1.2299027574158572e-08
2.0914360447932268e-06
1.1694755164270987e-09
2.4491459953424055e-06
4.393874153407751e-09
4.766231540997978e-06
9.30455570369304e-08
3.955678039346822e-06
1.1487062856474495e-08
5.073879947303794e-06
3.2851520614940455e-08
5.0518799980636686e-05
8.667116446758882e-08
9.99057306216855e-07
7.178979331001756e-07
1.2097900707885856e-06
2.003696764063534e-08
1.118547788792057e-05
6.785084494254079e-09
1.7542838577355724e-06
1.0370118275204732e-07
1.3154359294276219e-05
1.365464328273447e-07
3.79007110495877e-06
2.4677081711388382e-08
9.097127986024134e-06
5.306335424393183e-07
5.322464858181775e-06
2.915207915066276e-07
7.265708973136498e-06
7.702616322546874e-09
6.253091123653576e-05
1.2068115040619887e-07
4.170380179857602e-06
4.234309969319838e-08
2.3395032258122228e-05
2.641924652380112e-07
2.0338061403890606e-06
1.4954984806081484e-08
8.223168634913236e-08
8.472640899981343e-08
2.2529786747327307e-06
3.898164635529611e-08
2.0771369690919528e-06
1.2406640337303543e-07
3.83986980523332e-06
6.334183666467652e-08
0.00014163351443130523
2.9221139286050857e-08
0.00040736078517511487
2.0769691522204425e-10
3.984673094237223e-05
3.5902349537764167e-08
0.0003246583801228553
6.884465619805269e-08
0.0002318993938388303
1.5707760780969693e-07
0.0031357849948108196
6.35534149751038e-08
1.0828001904883422e-05
1.4309636808818027e-09
7.832202391000465e-05
1.673680749547657e-08
0.0004397635639179498
1.9362164493941236e-06
0.002892105607315898
3.41802501679922e-06
0.00034270231844857335
1.6021866056092904e-09
9.096333087654784e-06
9.00107750112511e-07
0.00027843311545439065
1.2921304026747293e-08
0.00019288843031972647
4.989512691899733e-10
0.0021585465874522924
2.944117568404181e-06
8.034647180465981e-05
7.365324563579634e-07
0.00011291339615127072
3.2026437057908197e-09
6.237757770577446e-05
1.730715015746398e-09
4.009773692814633e-05
1.7276132524557397e-08
2.6307194275432266e-05
1.4457537389489516e-09
0.0002860258682630956
6.475034751929343e-06
2.753163244051393e-05
1.0717116310843267e-05
0.0004531749291345477
2.093674122960465e-09
0.0022822811733931303
4.004004949820228e-08
0.0001559469965286553
6.167315547145336e-08
0.00014041292888578027
5.370620783651248e-07
0.0010223061544820666
3.309195903966611e-07
0.0001774090196704492
4.612609700416215e-06
0.00034171497100032866
5.1211497265057915e-09
0.00017857260536402464
2.0845480719344778e-07
0.00013777855201624334
9.901796715894307e-09
5.034323112340644e-05
2.1232424387562787e-06
5.332058572093956e-05
1.6372106870221614e-07
0.00010518281487748027
1.245148073536484e-08
7.289149652933702e-05
4.3772114821649666e-09
3.421786459512077e-05
1.358590462352538e-09
0.00010155543714063242
1.3755177974417165e-07
0.00013802896137349308
6.839813408987538e-07
0.0005222867475822568
4.421981358859739e-08
4.2035979276988655e-05
4.682036524172872e-05
0.0004887030809186399
2.6783777684613597e-07
0.00014213963004294783
3.803070924845997e-08
0.00026571674970909953
1.6086055154573842e-08
0.00029535373323597014
4.652156349038705e-06
0.00010816881695063785
3.8788123823962906e-09
4.869194981438341e-06
2.2179858660820173e-06
2.6698357942223083e-06
5.054917551206017e-07
2.2974943476583576e-06
3.215231345166103e-06
3.4971437798958505e-06
1.5192806586128427e-06
2.8727440621878486e-06
8.429489071204443e-07
1.4780663377678138e-06
1.26402044386964e-08
2.4622195269330405e-06
1.6508959532757217e-08
1.3824721918354044e-06
6.555379350459134e-09
2.3389326031519886e-07
2.7705070237971086e-08
1.9698366031661863e-06
4.114047271741583e-07
1.17815500288998e-06
2.258895221984858e-07
2.498171170373098e-06
1.1391342695787898e-06
2.392915803284268e-06
1.4055399333301466e-07
1.924954347032326e-07
2.2747206340767434e-09
1.9086230622633593e-06
1.8289779291080777e-07
1.0690387171052862e-06
2.794629608615651e-06
3.7808860042787273e-07
1.289662350245635e-07
2.6307041025575018e-06
4.339384673812674e-08
1.4078233334657853e-07
1.844445041143672e-09
1.00755619314441e-06
1.0566912322929056e-07
4.224464646540582e-06
1.4200506939232582e-06
2.1960515823593596e-06
2.9015025937439987e-09
1.3872372619516682e-06
1.170431644936798e-07
1.920853719639126e-06
3.727674879883125e-07
2.140854121535085e-06
9.622335994663445e-08
5.488931947184028e-06
1.2651061531698815e-08
4.357888883532723e-06
7.675425877096131e-07
2.928726132722659e-07
7.664602286183708e-09
1.714384325168794e-06
4.108815971903823e-07
3.7526822325162357e-06
6.859739642095519e-06
4.6363089722945006e-07
5.807591918483013e-08
6.0384841162886005e-06
1.7132593939095386e-06
1.925487367770984e-06
2.6501828287450735e-08
4.923484084429219e-06
1.814503093555686e-06
2.3769649715177366e-07
5.570273575727924e-09
2.3079655875335447e-06
1.9546162377537257e-07
4.869194981438341e-06
2.2179858660820173e-06
2.269085143780103e-06
5.374792522161442e-07
2.8727440621878486e-06
2.2809197730566666e-07
3.4971437798958505e-06
1.408624257237534e-06
3.4208401302748825e-06
3.436278348090127e-06
2.7701742055796785e-06
1.4878652336847153e-06
3.390105973721802e-07
8.041352884902153e-06
1.0981336799886776e-06
2.0305014913901687e-07
1.3824721918354044e-06
6.555379350459134e-09
1.4706861293234397e-06
4.7075013753783423e-07
1.9698366031661863e-06
1.9923461991311342e-08
1.17815500288998e-06
2.258895221984858e-07
2.4973248855530983e-06
1.7041110140780802e-06
2.972914217025391e-07
2.840185686636687e-08
2.0758831453804305e-07
3.2121727144840406e-06
1.4780663377678138e-06
5.514008307727636e-07
2.392915803284268e-06
1.5260607000300297e-08
1.7624785186853842e-06
1.573012866629142e-07
1.2092278893760522e-06
2.2461036053300631e-07
1.3836912557962933e-06
1.2320255926567825e-08
6.010558081470663e-06
9.713844519865233e-07
1.714384325168794e-06
1.8843924408429302e-05
4.224464646540582e-06
8.555568342671904e-08
2.7157029762747698e-06
3.6855471563512765e-08
7.370613275270443e-06
1.765052459745675e-08
1.555458652546804e-06
1.549744723661206e-07
3.1111085263546556e-07
3.172743134882694e-08
3.889507297571981e-06
5.370005737859174e-07
5.32635613126331e-06
8.767915460339282e-08
9.7228178219666e-07
9.54723020640813e-08
1.5917661357889301e-06
1.0758093083040876e-08
5.975683734504855e-07
9.752570662158178e-08
1.3617791694287007e-07
2.248634842771935e-07
1.924954347032326e-07
1.001326754845877e-08
4.014306682620372e-07
5.119127788333344e-09
1.6330530172581348e-07
7.905835275323625e-08
3.9414504726664745e-07
2.901379275499494e-06
1.0536889760714985e-07
5.345294766812003e-07
1.7158979517262196e-06
3.4045255503656335e-09
4.5507820800594345e-07
1.4749961962934321e-07
2.6852660539589124e-07
6.2869855987912615e-09
2.7543160285858903e-07
1.796208692894652e-08
4.5867597009419114e-07
7.029186832596679e-08
1.103535964830371e-06
2.1549941209286771e-07
1.895786908789887e-06
2.9712518880842254e-05
2.1495072815014282e-06
8.330161449521256e-07
1.3322033964868751e-06
5.7692905102157965e-05
1.4255662108553224e-06
7.348145913965709e-08
4.3699532170649036e-07
9.338013917670196e-09
3.6859961483060033e-07
1.4598369489249308e-05
3.902988510162686e-07
0.0003950282698497176
3.4806973872036906e-06
5.768100663772202e-07
2.457139487432869e-07
8.543337025912479e-05
4.402598733577179e-06
6.712952682619289e-08
5.804322427138686e-06
1.154816757775734e-07
1.8089259867792862e-08
7.174920657604389e-10
4.775449724547798e-06
1.1255536946919165e-06
3.7017019849372446e-07
5.036896411070302e-08
1.1613173001023824e-06
8.382316707411519e-08
1.949509169207886e-06
1.1109062825198635e-06
3.4904153380921343e-06
3.341317835747759e-07
1.0882088645303156e-05
2.0126185518165585e-06
2.474287725817703e-07
1.904634894245305e-09
4.6378410445413465e-08
2.7461819485097294e-09
8.209364210642889e-08
1.0836533448355112e-08
7.067559977258497e-07
8.611065638319815e-09
7.813174818238622e-08
2.232186518957846e-10
1.3932602996646892e-05
1.9576941667764913e-06
7.878455221543845e-08
2.6821025400636245e-08
1.9525081995652727e-07
3.4932575090351747e-06
5.814020823891042e-06
3.8495977605634835e-06
1.1333595466567203e-06
2.50772404797317e-06
9.258363320441276e-08
9.841612857997006e-09
3.5731844150177494e-07
4.69299132888068e-09
5.052329470345285e-07
2.1220370172159164e-07
9.354313306175754e-07
1.934717346330217e-07
1.1741760317818262e-05
4.490985702432226e-06
2.0452115734315157e-07
3.155604417770519e-07
8.154895425604991e-08
9.225019539371715e-07
7.056129902593966e-08
2.0040626225181768e-07
1.6523174508620286e-06
2.928657920620026e-07
3.0210310342226876e-06
7.883796371288554e-08
3.039955629446922e-07
4.985539590052213e-07
2.658875700944918e-06
7.973098945512902e-07
9.759505701367743e-07
2.1876674338727753e-07
9.7604579423205e-06
1.5044821566334576e-06
3.3662664122857677e-07
6.243228511948473e-08
2.68696021521464e-05
3.99377626081332e-07
1.5358116797870025e-05
1.0811414540512487e-05
6.252418188523734e-06
4.0425779843644705e-06
1.7743868738762103e-05
4.6575518553026996e-08
4.98144208904705e-06
9.420205060450826e-07
3.060531889786944e-05
3.1253695187416497e-09
9.214493729814421e-06
0.00011459726374596357
4.948209971189499e-05
1.2910810198718536e-08
3.2006607852963498e-06
5.4337593979880694e-08
2.229666506536887e-06
3.918497952781763e-07
2.5243087293347344e-05
9.586219675838947e-05
2.310845729880384e-06
3.104579809587449e-05
7.637593625986483e-06
7.902173138063517e-09
1.1163410817971453e-05
1.6428757021458296e-07
0.00010406570072518662
6.513305805810887e-08
2.8016107535222545e-05
1.1816961631438971e-07
3.2468406061525457e-06
3.4139699778279464e-07
4.089728827239014e-05
2.044691349567529e-08
2.2441111013904447e-06
9.307762525168073e-07
3.1754013889440103e-06
4.964576874044724e-07
6.788515634070791e-07
9.21601167647168e-06
1.475809995099553e-06
9.347604645881802e-08
1.103681370295817e-05
5.2795521696680225e-06
2.214044343418209e-06
6.185359779919963e-06
4.336094207246788e-06
5.869526376045542e-07
4.226297278364655e-06
3.987773879998713e-07
1.566186620038934e-05
3.002927223860752e-05
9.856923497864045e-06
4.454095758887888e-09
5.779605544375954e-06
1.7878186042707966e-08
1.8834704178516404e-06
0.00023376918397843838
1.4869981441734126e-06
3.4932841685986205e-07
1.7674626633379376e-06
4.0837065284904384e-07
1.1855405546157272e-06
8.247913463321765e-09
4.811874987353804e-06
1.0828651966221514e-06
8.085843319349806e-07
6.999247403882691e-08
1.0062279898193083e-06
8.126477951009292e-06
2.7252228846919024e-06
5.53676557046856e-07
2.291672096532693e-08
3.9018072106600243e-10
7.741424496998661e-07
4.824327959340735e-08
1.5203017937892582e-06
1.192783656733809e-06
1.4395496350516623e-07
1.2563638129847732e-08
2.3619488729309523e-06
5.787854320260521e-07
1.7757841987986467e-06
6.872598046214762e-10
3.715137211202091e-07
1.1822950085615958e-07
3.4015276924037607e-06
2.6694136678884206e-08
1.5998663229765953e-06
3.796566172553639e-09
1.6764940937719075e-06
2.0277417434044764e-07
1.7210709302162286e-06
3.7200521774138906e-07
1.5603454812662676e-06
1.0017333806899842e-06
1.554903428768739e-05
2.1038952979779424e-07
1.3086113881399797e-07
4.442587964170741e-10
5.69879091472103e-07
2.0273905221301902e-08
8.191223969333805e-06
2.0098098048038082e-06
2.7247442631050944e-06
4.2109704168069584e-07
2.329483095309115e-06
1.0866309594348422e-06
7.65141351166676e-07
9.231295905465231e-08
1.643771793169435e-05
5.836806593606525e-09
4.316955255490029e-06
2.502021345662797e-08
3.495824057608843e-05
6.377502614896002e-08
9.38123557716608e-05
2.1756553906016052e-05
8.30037515697768e-06
4.418539901962504e-06
5.407142907642992e-06
1.9436200204836496e-08
5.308340860210592e-06
1.8228270448616968e-07
2.5356037440360524e-05
1.6706432006685645e-06
4.3290419853292406e-06
8.020861308466465e-09
1.4107479728409089e-05
8.348507662958582e-07
4.318451374274446e-06
0.00026759831234812737
6.455501875279879e-07
4.300658495992593e-09
4.581862231134437e-05
6.045468694537703e-07
3.5801472222374287e-06
4.929612984483356e-08
2.840008846760611e-06
1.0689922280704423e-09
1.1065319085901137e-05
4.1900233327396563e-07
8.56309270602651e-06
3.477166288234912e-08
3.059468508581631e-05
5.5234938400872124e-08
1.5438114132848568e-05
3.5022444944132758e-09
5.6912467698566616e-06
1.0307730491376788e-07
5.865941147931153e-06
7.090086739935941e-08
3.132257188553922e-05
8.348504998423323e-09
1.7847083654487506e-05
2.2513529529533116e-06
1.0866733646253124e-05
3.483173145468754e-07
1.379394348077767e-06
7.446823158119287e-09
6.9595671448041685e-06
4.454095758887888e-09
2.1541300156968646e-06
3.840091356011044e-09
5.211901225266047e-06
1.5044821566334576e-06
1.1062959856644738e-05
1.1558838330927301e-08
2.4060194846242666e-05
8.463616154585907e-07
2.1929376998741645e-06
1.276962962037942e-06
4.805499429494375e-07
1.3917670003138483e-06
4.920843252875784e-07
4.357931615572852e-08
2.6016314222943038e-05
1.8801536043611122e-06
1.2914724720758386e-06
2.1282646756048962e-08
1.8203831132268533e-05
9.361556863041187e-09
5.212705787016603e-07
2.0784489151992602e-07
1.730363510432653e-05
1.9931437122977513e-07
0.0001620027469471097
3.907340158093575e-07
2.795767068164423e-05
2.966342833587987e-07
4.5395059714792296e-05
1.1666491417372526e-07
5.0080598157364875e-06
3.766845679820108e-07
9.676569607108831e-05
6.542853725477471e-08
1.574511406943202e-05
1.1057264600822236e-05
9.16374265216291e-05
3.768941496673506e-07
0.00011578061821637675
2.476060672051972e-07
0.00025766901671886444
7.933904271339998e-05
9.018219134304672e-05
5.876304332019799e-09
0.00027368630981072783
3.482927013465087e-07
1.0309098797733895e-05
1.576234183175984e-07
7.479127361875726e-06
2.5489622203167528e-05
6.41067890683189e-05
3.570107764971908e-06
3.2444429507449968e-06
2.62272101281269e-06
4.878343133896124e-06
1.1349628721291083e-06
1.2239957868587226e-05
5.205589786783094e-06
1.1781346074712928e-05
1.652523309303433e-07
8.527492354915012e-06
8.564598488192132e-07
1.7004153050947934e-05
2.8228964055188044e-08
5.8968525991076604e-05
9.900018085318152e-07
0.00010095709876623005
2.2514930364536667e-08
3.538906639732886e-06
3.991083019627695e-07
0.0002555785176809877
1.9108897220121435e-07
3.9863338315626606e-05
5.922235146726962e-08
0.00021034640667494386
3.6959602311981143e-07
5.204234184930101e-06
3.592015787035052e-07
5.394756499299547e-06
3.1002358014120546e-07
1.6410249372711405e-06
3.383707394277735e-07
4.30152504122816e-05
3.2062243349173514e-07
1.7749609469319694e-05
1.1850266901092255e-06
1.2758971024595667e-05
7.815587014192715e-05
7.205882866401225e-06
3.5418334931591744e-08
7.402416599688877e-07
1.3668000065081287e-06
7.92873979662545e-05
4.164245694937563e-07
7.078506314428523e-05
1.6434767076134449e-06
9.315158422396053e-07
1.8344569241435238e-07
7.953707608976401e-06
1.0116086741618346e-06
0.00029177742544561625
7.000910500210011e-07
5.0264130550203845e-05
7.84147680121805e-09
2.5582025045878254e-05
6.498034998969615e-09
4.943692147207912e-06
7.080875548126642e-07
2.8299176847212948e-05
1.1616776646405924e-05
2.503377572793397e-06
8.107545568236674e-07
3.751616532099433e-05
5.231023081364583e-08
1.1348460020599305e-06
2.732524819748505e-07
0.0006337456288747489
3.712688467771841e-08
7.251007332342851e-07
6.217274473030443e-10
0.00038518442306667566
8.625380587545806e-08
0.00011122551222797483
6.709836384288792e-07
1.2389894436637405e-05
1.0432287034234378e-08
3.275946255598683e-06
3.76872321794508e-07
2.625570232339669e-07
2.585450431524805e-08
7.301191362785175e-05
8.67511573687807e-08
2.7721189326257445e-05
9.10205457671509e-08
8.076141239143908e-05
2.904179837059928e-06
6.812895776420191e-07
1.004880004984443e-06
6.023705623192654e-07
5.6705928841438435e-08
4.158759111305699e-05
9.499852239969186e-06
3.860461583826691e-05
3.0435992925959e-07
5.96898917137878e-06
1.6354773890725482e-07
8.778263145359233e-05
9.123094059759751e-06
4.9664024118101224e-05
1.033213152368262e-06
1.1956143453062396e-06
6.907593501637166e-07
7.745986181362241e-07
2.4885800939955516e-06
2.9380357773334254e-06
1.2887119282822823e-06
2.6563795472611673e-05
6.949134103706456e-07
0.00033790909219533205
1.999985421718975e-08
4.562029062071815e-06
1.446145120098663e-06
2.844159325832152e-06
6.045043132729688e-09
1.239433117916633e-06
1.3435038681564038e-07
8.299023193103494e-07
6.302219048848201e-07
5.013072268411634e-07
7.330705642516477e-08
1.9151914329995634e-06
1.4606807496875263e-07
2.2561771402251907e-06
3.7802191599212165e-08
3.60107287633582e-06
8.221140888053924e-07
3.9025476326060016e-06
8.391444339395093e-08
6.121112619439373e-06
1.3721925995469064e-07
1.985267772397492e-06
4.5771559875618095e-09
9.811659538172535e-07
8.513066518389678e-07
2.707196244955412e-06
1.7119985784574965e-07
1.358101371806697e-06
4.545563285773824e-07
5.318201147019863e-06
2.917323449480591e-08
1.422046580046299e-06
1.2572300533975067e-07
4.875969807471847e-06
1.1589985859927765e-08
1.5701734810136259e-06
5.8412567227605905e-08
3.9449960240744986e-06
1.7006963162202737e-06
1.5103470332178404e-06
1.3171066370887274e-07
1.0211045264441054e-05
6.05456875746313e-07
8.364605150745774e-07
3.9121420769561155e-08
7.699931643401214e-07
5.996746210712445e-08
2.5514386834402103e-06
1.1207030183868483e-06
1.4633656064688694e-06
2.3013912198166508e-07
1.4600418580812402e-06
8.134932016901075e-08
1.7309201894022408e-06
1.0636362013372036e-08
8.274715241896047e-07
2.9713518756580015e-08
2.026959919021465e-06
3.60514095518738e-05
4.2699398363765795e-06
1.6949812220445892e-07
1.0665527270248276e-06
1.1171739799920033e-07
7.9366435556949e-07
2.5207944065464005e-10
1.3561683545049164e-06
1.2814751926271128e-07
5.550073638005415e-06
2.349750729990774e-06
6.275678060774226e-06
1.2204484391986625e-06
5.873539066669764e-06
5.696648841535534e-08
1.5973027984728105e-05
9.080464451471926e-07
4.853309292229824e-06
2.3199361010028952e-07
9.552454685035627e-06
1.1796819308074191e-06
4.5102347030478995e-06
2.512457513148547e-07
8.63757941260701e-06
4.3431450080788636e-07
6.909990133863175e-06
2.927239561856254e-09
7.493497832911089e-06
5.345017228819415e-08
3.201323579560267e-06
3.3276441513407917e-07
5.102647264720872e-06
9.228793373949884e-07
1.5703459439464496e-06
3.067753482355329e-07
5.818779300170718e-06
4.143708167703153e-07
3.442767138039926e-06
2.516748338621255e-07
1.8995078789885156e-05
3.537244595008815e-07
8.790676474745851e-06
1.0981018050415514e-07
4.524580162978964e-06
1.7157452703031595e-07
1.9135150068905205e-06
5.465242338686949e-07
4.676781827583909e-06
4.0781733900985273e-07
2.64328946286696e-06
1.7698741316962696e-07
3.885917521984084e-06
3.7590586998703657e-07
2.6651503048924496e-06
2.1043733511305618e-07
1.2727765579256811e-06
1.3710324537896668e-06
1.8503732235330972e-06
3.0387070637516445e-07
3.070368165936088e-06
9.16401347694773e-07
1.8639219661054085e-06
3.152450744892121e-08
3.3383078061888227e-06
1.1494707052861486e-07
2.4937269245128846e-06
3.3522880471537064e-07
7.824423846614081e-06
2.686311688648857e-07
4.8094721023517195e-06
1.301104362028127e-07
4.22978337155655e-06
6.281231890170602e-08
4.7574949348927476e-06
6.229097948562412e-07
5.631060503219487e-06
1.5931824748349754e-07
2.2524798168888083e-06
2.925914657225803e-07
5.722513378714211e-06
1.3442819302156295e-08
1.1079915566369891e-05
3.844576497158414e-07
7.699230991420336e-06
4.441073997440981e-07
1.079517460311763e-06
6.989083090047643e-08
3.5333446248841938e-06
2.916500250194076e-07
4.897658527625026e-06
1.102259375329595e-06
6.709032277285587e-06
6.292902980931103e-07
1.3919523098593345e-06
3.48592799070957e-08
