1.1610819683482987e-06
2.1544947230722755e-05
3.646758614195278e-06
6.190768431224569e-07
7.023018042673357e-06
2.5970772199457315e-08
4.845646799367387e-06
6.704419774905546e-07
2.751796046140953e-06
6.543283234350383e-06
1.3811625194648514e-06
5.891086857445771e-06
1.0287010354659287e-06
1.183870722343272e-06
1.857359848145279e-06
2.3609020445292117e-06
8.138623570630443e-07
1.034424371937348e-06
1.386861640639836e-05
1.0474533155502286e-05
0.00016566438716836274
2.8365520847728476e-06
1.7248472659048275e-06
3.781916859679768e-07
1.260011259773819e-07
4.024491033760569e-07
4.084319584762852e-07
6.157625193736749e-06
2.6335869733884465e-06
1.6869651062734192e-06
4.4330252535473846e-07
1.1115819376072977e-07
7.781846761645284e-06
3.7198226436885307e-06
3.110491775260016e-07
3.145403866255947e-07
0.00019241975678596646
3.2003354135667905e-05
5.192960088606924e-07
6.072877454244008e-07
9.561737215335597e-07
9.178342565974162e-07
1.1977419944741996e-06
9.65364620242326e-07
1.7841773569671204e-07
3.5550669963413384e-08
3.532450776333462e-08
6.067588742553198e-08
8.995576905590497e-08
1.0632151088429964e-06
3.992282699982752e-07
6.599655080208322e-07
2.6040181637654314e-06
5.000288183509838e-07
4.5246787294672686e-07
8.510468774147739e-07
1.8029674038189114e-06
7.757992648294021e-07
1.7547407651363756e-06
5.83476150950446e-07
1.1417265000090993e-07
5.138569036944318e-08
5.866037326995865e-07
4.7491562327195425e-07
7.306274483198649e-07
6.035512569724233e-07
6.693281875413959e-07
3.3521479281262145e-07
7.614912078679481e-08
1.3742868759436533e-05
1.303867520618951e-07
1.5165951481321827e-06
1.7531826870254008e-06
1.2107307156838942e-06
6.072355972719379e-06
3.7838913158338983e-06
1.1160922213093727e-06
3.88015496355365e-06
1.4332817954709753e-05
2.024460627580993e-05
7.066490752549726e-07
3.895934696629411e-06
4.814583576262521e-07
1.2019431778753642e-06
1.5996913589333417e-06
6.08897744314163e-06
3.4141083915528725e-07
4.990871730115032e-06
1.1760545248762355e-06
3.921110874216538e-06
3.776095354623976e-06
4.553918984129268e-07
1.5131716679661622e-07
2.222739021817688e-05
4.0552067730459385e-06
2.1636129531543702e-05
2.5819651909841923e-06
1.0491000921319937e-06
1.8365401501796441e-06
3.0901185255061137e-06
2.8376227874105098e-06
7.25007930668653e-06
3.771397416585387e-07
2.9092811928421725e-06
7.520968210883439e-05
0.00016867404337972403
7.602464756928384e-05
0.00021983732585795224
2.0872796540061245e-06
8.158525020007801e-07
3.749794359464431e-06
8.42877125251107e-06
1.1427661092966446e-06
1.2471589343476808e-06
1.6839605905261124e-06
1.8434047888149507e-05
8.372506385967426e-07
2.2037311282474548e-06
7.248008415672302e-08
2.1150404791114852e-05
5.835135198140051e-06
3.1307149583881255e-07
5.507250762093463e-07
5.507250762093463e-07
8.029920195440354e-07
8.883917246294004e-08
1.4104245565249585e-05
4.4253661144466605e-06
6.857435073470697e-05
8.973311196314171e-07
6.795358444833255e-07
4.76932314086298e-07
2.4528451376681915e-06
2.4528451376681915e-06
1.8714740690484177e-07
2.40805974272007e-07
3.1706204595138843e-07
2.85745073824728e-07
4.936952677780937e-07
2.0864033558609663e-06
1.2677062386501348e-06
4.564135451801121e-07
4.061185734371975e-07
4.334802099492663e-07
2.5739113880263176e-06
4.782707947015297e-06
3.10311315843137e-06
1.301744305237662e-06
3.68057590094395e-06
1.735993009788217e-06
9.502813895778672e-07
4.593814537656726e-06
2.3910884010547306e-06
7.920215466583613e-06
2.2787423858972033e-06
3.28844885189028e-06
1.2530181265901774e-06
1.4292658079284593e-07
0.00018354026542510837
3.532663322403096e-05
3.4446921404196473e-07
7.10152392002783e-07
1.7914742329594446e-06
4.7119260671024676e-07
3.392477765373769e-07
3.4364463772362797e-06
2.7436260552349268e-06
3.3252924822591012e-06
2.1332034805254807e-07
5.317026534612523e-07
7.395339594040706e-07
2.279252413472932e-07
8.838347298478766e-07
4.238374913256848e-06
2.2296862880466506e-06
1.1426915307310992e-06
1.3078754363959888e-06
8.362350854440592e-06
1.4405954061658122e-05
4.121666563605686e-07
7.38770154384838e-07
2.8766626201104373e-06
1.5555953041257453e-06
3.5360465062694857e-06
2.2416199385588698e-07
3.654116085272108e-07
4.1248259208259697e-07
1.0119421176568721e-06
3.0884990120938483e-09
9.54968371047471e-08
5.297652592162194e-07
7.760313746985048e-05
5.620115075544163e-07
1.2454660236471682e-06
4.196670033707051e-06
1.1284620313745108e-06
7.253942158058635e-07
3.4129726600440335e-07
2.698039861570578e-05
1.7013589115322247e-07
3.405362036801307e-08
8.405293527857793e-08
6.864933084216318e-07
1.3440455859381473e-07
2.305599764440558e-06
6.396084017978865e-08
2.0936377609359624e-07
8.266114548405312e-08
3.381843214356195e-07
4.611582085090049e-07
1.958842631211155e-06
1.0479573830934896e-07
4.828845590054698e-07
5.585764384363756e-08
3.522462463934062e-07
2.7395138602059887e-08
6.706109161314089e-06
6.27944913844658e-08
6.711216116173091e-08
3.207908321201103e-07
1.8374423689238029e-06
9.86543682301999e-07
3.6197496910972404e-07
4.098725185031071e-05
5.943336418567924e-06
9.354228041047463e-07
6.372268757104393e-08
8.934298278973074e-08
4.4196229964654776e-07
7.146433631533e-07
5.981899448670447e-06
8.493346967952675e-07
2.3221268747875e-06
2.622472266011755e-06
5.8464994623363964e-08
3.901006095929915e-08
2.2030940272088628e-07
1.0134283456864068e-06
1.6663369706293452e-06
1.1561718565644696e-05
9.040250006364658e-07
6.116967483649205e-07
2.708642057314137e-07
1.8685580016608583e-07
1.756428389398934e-07
6.269202685871278e-07
2.0809628153983795e-07
2.8111385290685575e-06
7.22707682143664e-07
7.874212997194263e-07
2.1372498792970873e-07
4.7054933816070843e-07
4.712139343610033e-06
3.387925318065754e-08
1.8383167343927198e-07
2.6705233722168487e-06
3.3214806194337143e-07
8.423470490015461e-07
6.387537041518954e-07
2.1443453590563877e-07
2.835639634213294e-07
8.199834837796516e-07
5.568018877966097e-06
7.989225991877902e-08
2.3531686110800365e-07
7.282337719516363e-07
1.015283942251699e-06
3.115408162557287e-07
2.939571857041301e-07
1.834158865676727e-05
8.577312655688729e-06
1.157323936240573e-06
7.63466374564814e-08
9.57525344347232e-07
2.944354093870061e-07
4.122443328924419e-07
7.766400358377723e-07
2.6511493160796817e-06
3.268693760105634e-08
8.648502785035816e-07
1.0171758191290792e-07
1.9514826021804765e-07
4.992592948838137e-06
2.272355459354003e-06
3.8229300116654485e-06
2.833566270510346e-07
0.0001222201535711065
3.20041976920038e-07
1.1248909004279994e-06
3.522357019392075e-06
1.4367938092618715e-06
5.4603380704065785e-05
1.788194623486561e-07
8.239114686148241e-05
9.836576282395981e-07
1.2699857734332909e-06
4.009963959106244e-06
2.3002961313522974e-07
2.788331130432198e-07
2.8332237889117096e-07
