6.638543368353567e-07
5.346289526642067e-07
3.7099508176652307e-07
1.745779059092456e-07
2.0524564092738729e-07
2.1038634656633803e-07
2.8320093292677484e-07
2.427201764021447e-07
6.399239396159828e-07
2.9207490115368273e-07
4.4555332578966045e-07
1.348571004200494e-06
1.0744064127266029e-07
8.854382258505211e-07
1.3297525356392725e-06
3.56702298631717e-06
4.934862545269425e-07
2.761413782081945e-07
2.619904364564718e-07
2.0527936328562646e-07
3.392477765373769e-07
3.4364463772362797e-06
6.970564925268263e-08
7.901456910985871e-08
7.755545539112063e-08
1.1421878554074283e-07
2.2807645549960398e-08
3.4256647296615483e-08
5.370775966184738e-07
2.290296379214851e-06
2.4589945724073914e-07
5.400488589657471e-07
6.387537041518954e-07
2.1443453590563877e-07
1.5209707271424122e-07
3.947858999708842e-07
5.902948032598943e-07
3.263984638124384e-07
3.808962389939552e-08
2.0963180702437967e-07
2.231517726158927e-07
2.00178760678682e-07
6.243855636967055e-07
3.270675961175584e-07
5.725636356146424e-07
8.785603426986199e-07
9.316463689401644e-08
3.5993632963027267e-08
7.257534662130638e-07
2.9518318456212e-07
3.5351305882613815e-07
8.587766586742873e-08
3.4444115044607315e-06
4.182261363894213e-06
8.552006214301855e-09
1.8998383310986355e-08
1.900194206427841e-07
8.43632577129938e-08
4.99129896525119e-07
3.6736841479978466e-07
9.194264976031263e-07
1.309205003963143e-06
6.673268444501446e-07
4.079096527220827e-07
4.369803150439111e-07
3.7189170143392403e-07
0.00023913402401376516
0.0003188667178619653
3.2687076156889816e-08
4.4287463651926373e-07
1.7309645272689522e-06
4.7227008508343715e-06
1.1188873116907416e-07
1.1277180789193153e-07
2.5353696742058673e-07
3.998133593086095e-07
1.0579228728602175e-06
7.996207500582386e-07
4.3005383076888393e-07
8.983722068478528e-07
1.8410868506180122e-05
2.13022740354063e-05
1.4012128985996242e-06
2.2011938654031837e-06
2.2803445176577952e-07
8.119478422941029e-08
4.6675958742525836e-07
7.671545176890504e-07
