3.55304230481579e-08
3.55304230481579e-08
2.745005929227773e-07
9.290217484192453e-10
9.290217484192453e-10
9.290217484192453e-10
0.0002658203593455255
4.377193363325205e-08
4.377193363325205e-08
6.48406839331983e-08
7.86530363257043e-05
6.48406839331983e-08
8.392236905407913e-10
8.392236905407913e-10
6.204854230418277e-08
4.5365577960865267e-10
2.9645010002354866e-08
4.5365577960865267e-10
2.5743862153149166e-08
5.043774842228288e-10
5.043774842228288e-10
0.0001746953057590872
1.4658967373293308e-09
1.4658967373293308e-09
1.166994278989364e-10
0.00011300924961687997
1.166994278989364e-10
6.965727550323209e-08
6.965727550323209e-08
6.965727550323209e-08
4.49622530140914e-06
4.49622530140914e-06
4.49622530140914e-06
2.6521655627220753e-07
2.6521655627220753e-07
2.6521655627220753e-07
1.7253291844099294e-06
1.7253291844099294e-06
1.7253291844099294e-06
0.0003214980533812195
5.0105780246667564e-05
0.0001579457166371867
3.741232319498522e-07
5.4036313201777375e-08
2.3576582464102103e-07
4.375847311166581e-07
2.0645936729124514e-06
1.6930514902924187e-05
7.336540761571086e-07
1.154085452981235e-06
2.6921874507479515e-08
9.9118963703404e-08
9.10238728835111e-09
9.10238728835111e-09
5.423344551225284e-10
4.899324608231836e-07
5.423344551225284e-10
8.488775620207889e-07
8.488775620207889e-07
8.488775620207889e-07
1.028067742048222e-09
1.028067742048222e-09
1.028067742048222e-09
2.9694936642954417e-07
2.9694936642954417e-07
2.9694936642954417e-07
1.1141641920175971e-07
1.1141641920175971e-07
1.1141641920175971e-07
3.225153122343727e-08
3.225153122343727e-08
3.225153122343727e-08
2.2985890609561466e-05
5.9808789956150576e-05
4.111172529519536e-06
1.0639169545356708e-07
9.901937119138893e-07
7.954748526550759e-10
1.376977593281481e-06
1.376977593281481e-06
8.030105163925327e-06
1.4471698839280123e-10
1.4471698839280123e-10
1.4062537729842006e-06
1.0465915778468116e-07
5.240626705926843e-06
5.532336366798063e-09
1.5677125702495687e-05
4.799900352736586e-07
2.309644253628562e-09
2.3677424465518015e-08
2.3677424465518015e-08
1.0319977263861801e-06
4.741749307868304e-06
4.741749307868304e-06
1.1508222996781114e-07
1.1631128060685114e-08
1.1631128060685114e-08
1.1631128060685114e-08
5.295828486850951e-08
5.295828486850951e-08
5.295828486850951e-08
