5.021564902563114e-06
6.195303285494447e-06
1.2739533303829376e-05
2.2939726477488875e-05
1.5390849512186833e-05
1.495355445513269e-05
9.944052408172865e-07
7.153736532927724e-06
2.1487256162799895e-05
5.328227459244772e-08
1.4761610145797022e-05
4.609565706914509e-08
1.1557461220945697e-05
9.620192940928973e-06
6.1239134083734825e-06
1.1555201126611792e-05
1.3981675692775752e-05
1.5133191482163966e-05
1.3981675692775752e-05
1.5133191482163966e-05
1.258179599972209e-05
3.7671012250939384e-05
5.381893424782902e-05
0.0003022559394594282
3.893682674060983e-07
3.0119585403554083e-07
5.171765948830398e-08
2.129888265756108e-08
1.6824053091113456e-05
4.17481642216444e-05
1.6824053091113456e-05
4.17481642216444e-05
7.21809965398279e-06
2.108986154780723e-05
8.81012874742737e-06
1.3924797713116277e-05
4.0741771954344586e-05
1.7908492736751214e-05
5.007164872949943e-06
1.7757074601831846e-06
0.00015929654182400554
0.00021735105838160962
3.792493589571677e-05
0.00016485605738125741
2.7851556296809576e-06
2.0458058713757055e-07
5.38235917701968e-06
6.734633188898442e-06
3.419825588935055e-06
6.299500455497764e-06
2.8836846013291506e-06
2.821777115968871e-06
9.653799679654185e-06
3.7420668377308175e-05
9.653799679654185e-06
3.7420668377308175e-05
4.797428573510842e-06
4.5019246499578e-06
6.778168426535558e-06
3.992594429291785e-06
4.0876206185203046e-05
7.632138476765249e-06
1.910913397296099e-06
4.301321610000741e-07
