5.3949861467117444e-05
6.0462425608420745e-05
3.302583095887712e-08
6.679155006850124e-08
2.8242557164048776e-05
4.340459418017417e-05
6.831762675574282e-07
1.858841528701305e-06
1.7525499060866423e-05
6.523020601889584e-06
3.7690562749048695e-05
2.5935789381037466e-05
3.696007752296282e-06
4.297752184356796e-06
2.8859119538537925e-08
2.281036159956784e-07
0.00010764623584691435
0.00041719916043803096
9.514243402009015e-07
7.739150532870553e-06
0.00033345731208100915
0.0008268880192190409
6.423626928153681e-06
9.88693841463828e-07
4.445509603101527e-06
2.178739850933198e-05
3.164775625918992e-05
2.367775778111536e-05
8.03859620646108e-06
5.7377379562240094e-05
9.030306813428979e-08
8.340082899849222e-07
6.255424523260444e-06
1.9696857634698972e-05
4.7670837375335395e-06
1.9246714145992883e-05
5.216277713770978e-06
2.3993417926249094e-05
2.33635710173985e-05
0.00022935852757655084
2.399524237262085e-05
2.2428619558922946e-05
1.0862446515602642e-06
1.9697274638019735e-06
4.0421666199108586e-05
1.3408395716396626e-05
2.4122790875935607e-08
1.1273493072394558e-07
1.3739561381953536e-06
1.236053321918007e-05
8.724226972844917e-06
1.9580798834795132e-05
2.2236413599330263e-07
1.2356790648482274e-05
0.00074859888991341
7.591704343212768e-05
4.196562440483831e-05
2.813168612192385e-05
7.14486532160663e-07
1.8635527112564887e-06
3.495386044960469e-05
1.8268576241098344e-05
1.8267127188664745e-07
4.78337540243956e-07
3.5260285358162946e-07
1.2124576187488856e-06
4.312853150167939e-07
3.628451281656453e-07
1.2441536227925099e-06
8.170332876034081e-06
5.422565209300956e-06
2.4084836695692502e-05
