4.887686372967437e-06
4.151535449636867e-06
7.0185374170250725e-06
5.143185262568295e-06
1.2461565347621217e-05
5.1316789040356525e-08
4.5602973841596395e-06
5.362724550650455e-06
8.940643056121189e-06
1.6279927876894362e-05
1.5639484374219137e-08
3.32828093974058e-08
1.7956074316316517e-07
8.905251647206569e-09
4.657886165659875e-06
3.97764870285755e-06
2.9573044457720243e-07
9.178544132737443e-06
9.95262962533161e-06
1.7000407126488426e-07
3.33269690599991e-06
3.9717915569781326e-06
2.430432869005017e-05
1.243490623892285e-05
1.0684374501579441e-05
1.4489963177766185e-05
8.367595910385717e-06
1.1877673387061805e-05
3.0793597716183285e-07
4.235630512994248e-06
9.311850590165704e-06
2.4230759663623758e-05
4.887104751105653e-06
2.4487038899678737e-05
1.454361427022377e-05
1.5485842595808208e-05
6.76105082675349e-06
4.820200956601184e-06
2.2587721559830243e-06
5.960927751402778e-07
9.404973752680235e-06
1.6288946426357143e-05
3.1555025543639204e-06
4.638834241177392e-07
1.3963733181299176e-05
1.1396556374165812e-06
1.1517892744450364e-05
5.419631634140387e-06
1.1309244655421935e-05
8.214444591203574e-08
5.148785567143932e-05
1.9539822460501455e-05
4.466664449864766e-06
1.73779517353978e-06
3.0549422262993176e-06
1.10083065010258e-05
2.773666949451581e-07
1.9286586393718608e-05
2.2670124053547624e-06
1.3049049812252633e-05
1.5096929928404279e-05
1.0376840009485022e-06
1.222125683852937e-05
1.1806798283942044e-05
7.112568255251972e-06
7.020979865046684e-06
2.0336353827588027e-06
1.0067717994388659e-05
5.467132268677233e-06
3.465001086055963e-08
1.0346091585233808e-05
6.035765636625001e-06
8.222889846365433e-06
1.1960199117311276e-05
6.250901151361177e-06
6.2407084442384075e-06
5.219136437517591e-05
2.805782060022466e-05
1.93773812497966e-05
2.0751145711983554e-05
1.7147833204944618e-05
1.1345383427396882e-05
1.8880446077673696e-05
3.39212165272329e-05
2.0968956960132346e-05
7.239160026983882e-08
1.469387916586129e-05
2.148547355318442e-05
9.274835065298248e-06
1.8561859178589657e-05
3.945887783629587e-06
4.84141128254123e-06
9.10128221676132e-08
1.0003671377489809e-05
1.1126959179819096e-05
1.227687675964262e-07
9.012362170324195e-06
1.2152008821431082e-05
1.2019076223168668e-07
9.94317997538019e-06
1.8448921764502302e-05
1.9535948013071902e-05
5.359952925942935e-09
7.97496824134214e-08
1.8061135051539168e-05
4.857050589635037e-05
1.668108416197356e-05
4.82199429825414e-05
1.3414849490800407e-05
8.165165127138607e-06
1.6186953871510923e-05
3.8990685425233096e-05
6.501117240986787e-06
2.0961482732673176e-05
1.6969541320577264e-05
9.509777555649634e-06
1.6211159163503908e-05
1.8274593458045274e-05
9.430271347810049e-06
1.649019577598665e-05
3.462166887402418e-06
4.244427145749796e-06
9.843734005698934e-06
9.843734005698934e-06
2.3195552785182372e-05
2.3195552785182372e-05
2.6156878448091447e-05
2.4081626179395244e-05
8.559221896575764e-06
9.77271042756911e-07
2.634656311784056e-06
1.3434978427540045e-05
1.9637007426354103e-05
4.452574486890626e-08
2.254782494048868e-08
2.4651894747762526e-08
3.799067053478211e-05
2.778471025521867e-05
4.954773248755373e-05
3.085084608756006e-05
1.0179672244703397e-05
1.127380437537795e-05
7.652763088117354e-06
6.891939847264439e-06
1.614789289305918e-05
2.007220064115245e-05
3.7031786632724106e-05
2.5962459403672256e-05
2.6432346203364432e-05
2.0718334781122394e-05
1.851801607699599e-05
2.2322623408399522e-05
5.709975539502921e-06
8.392365998588502e-06
2.1418622054625303e-05
1.0562325769569725e-05
2.0331863197498024e-05
2.0667570424848236e-05
2.532633334340062e-05
2.1700414436054416e-05
8.438498480245471e-05
5.174414400244132e-05
1.82026851689443e-05
1.4161357285047416e-05
2.8256239602342248e-05
3.970077523263171e-05
1.2470432920963503e-05
7.272930815815926e-06
3.281853423686698e-05
5.439474989543669e-05
2.272399115099688e-06
2.052369927696418e-05
1.980156775971409e-05
1.1031580470444169e-05
9.841681276157033e-06
5.41484678251436e-06
1.199225243908586e-05
9.07364119484555e-06
3.1658366879128153e-06
7.780132364132442e-06
1.2208095540700015e-05
1.5640087440260686e-05
2.6357543902122416e-05
3.276878851465881e-05
0.00010552932508289814
6.201840005815029e-05
2.7147698347107507e-05
3.911820749635808e-05
6.792311978642829e-06
6.648012913501589e-06
2.747172948147636e-05
5.209777100390056e-06
2.9418200938380323e-05
2.5119610654655844e-05
4.521053051576018e-05
3.4573869925225154e-05
1.610456834555407e-08
3.772162138204749e-09
7.141696551116183e-05
1.0906855095527135e-05
1.8626080418471247e-05
3.215387187083252e-05
2.7438593406259315e-06
5.797925950901117e-06
2.6967087251250632e-05
3.384772571735084e-05
1.0637941159075126e-05
1.6875894289114513e-05
1.4223258403944783e-05
5.410931407823227e-06
1.0875171938096173e-05
7.360949439316755e-06
1.2878632560386905e-06
2.5401770471944474e-05
9.615465614842833e-07
3.000970718858298e-05
1.0509887033549603e-05
1.620310649741441e-05
2.4196489903260954e-05
4.9355774535797536e-05
5.345010322344024e-06
2.3704565421667212e-07
1.8942229871754535e-05
4.5995380787644535e-05
5.35697154191439e-06
3.818899585894542e-06
1.0528382517804857e-05
5.543871793634025e-06
2.296814818691928e-05
2.2328764316625893e-05
1.6410693248758434e-08
3.7783003392632963e-08
2.204177508247085e-05
1.4620925803399132e-08
1.7113670764956623e-05
1.5088468899193686e-05
6.981951173656853e-06
7.710808858973905e-06
3.866384213324636e-05
1.8539156371844e-05
1.409846461797315e-09
1.3887600402995304e-08
3.130295681330608e-06
3.384769570402568e-06
7.0650830821250565e-06
9.517928447166923e-06
9.314547241956461e-06
6.55872236166033e-06
5.636635705741355e-06
9.0116463979939e-06
2.058317932096543e-06
3.773901198655949e-06
5.903641522309044e-06
4.7344606173282955e-06
6.421916623366997e-05
5.515440761882928e-07
7.246881978062447e-06
1.3571789168054238e-05
5.3031137213110924e-05
1.575419446453452e-05
6.432803445477475e-08
1.387362863169983e-05
1.586928374308627e-05
1.6362901078537107e-05
2.3803846488590352e-05
6.661945371888578e-05
1.4264004676078912e-05
5.8628947954275645e-06
2.6548674213699996e-05
1.8721122614806518e-05
6.845849384262692e-06
4.541371254163096e-06
1.2203175174363423e-05
1.7615766410017386e-05
6.522877811221406e-07
5.898345534660621e-06
1.7352341785681347e-07
1.004391606329591e-06
8.826982593745925e-06
7.69628331909189e-06
4.496881228988059e-05
2.9250197258079425e-05
1.217473891301779e-05
1.6642527043586597e-05
4.886911852963749e-08
3.7265997434587916e-06
3.359443508088589e-05
3.434316022321582e-05
1.302571763517335e-05
4.509635346039431e-06
6.914290793247346e-07
1.4940732398827095e-05
6.295756065810565e-06
2.5210224521288183e-06
1.3325624422577675e-05
2.0504890926531516e-05
5.182490440347465e-06
2.637419811435393e-06
5.801288352813572e-06
8.16687497717794e-06
