1.173415694211144e-05
1.5379646356450394e-07
1.6095991668407805e-05
1.6489146048570547e-07
3.859416210616473e-06
2.3256252479342265e-10
7.4200547715008724e-06
1.8106019794572603e-08
4.884198915533489e-06
4.309279599823412e-09
1.1543794244062155e-05
4.041532065457432e-06
2.029848656093236e-05
1.2644080925383605e-05
1.1450167221482843e-05
3.0629478260379983e-06
4.435534265212482e-06
1.0235547964754232e-09
8.046515176829416e-06
2.6176037408731645e-06
2.1016448954469524e-05
1.8739459761718535e-08
1.3593158655567095e-05
2.184987124564941e-08
1.5254051504598465e-05
2.536538756814366e-09
3.4943459468195215e-05
1.1469292985566426e-05
1.1409102626203094e-05
3.614261686379905e-06
7.322468263737392e-06
2.97475932775626e-09
5.848285582032986e-06
2.786402042431746e-08
1.6572832464589737e-05
1.0227640814264305e-05
4.190711933915736e-06
2.70731061391416e-06
6.772753749828553e-06
1.1325203530532235e-07
6.548048077092972e-06
1.4147701676847646e-08
6.78896776662441e-06
5.625678568321746e-06
5.791746389149921e-06
1.93501159628795e-06
1.2691618394455872e-05
1.0562752450482549e-08
7.26677217244287e-06
5.549544312088983e-06
1.028991027851589e-05
6.230744276081168e-08
1.6968033378361724e-05
1.9007088667422067e-06
3.491832103463821e-06
2.944324073439475e-08
3.851056590065127e-06
2.6090081064467086e-06
4.137276846449822e-06
2.321746706002159e-06
3.738817213161383e-06
2.0811324219494054e-08
4.771975909534376e-06
2.3687712200626265e-06
3.0801709272054723e-06
1.253553527647e-08
3.301121751064784e-06
1.0254694160494182e-07
8.300043191411532e-06
8.054762190567999e-09
5.871294888493139e-06
6.95227564406764e-09
4.043287844979204e-06
3.931060291506583e-06
7.792867108946666e-06
6.408145509340102e-06
5.420872639660956e-06
3.1293068332161056e-06
6.818360361648956e-06
7.195402304205345e-06
1.4236530660127755e-05
1.7230509911314584e-05
4.697144959209254e-06
1.9329094769204858e-08
7.456766070390586e-06
4.010051725344965e-06
1.9797507775365375e-05
6.160440989333438e-06
2.6870144210988656e-05
1.188291389553342e-05
7.4453319029998966e-06
2.628281370320451e-09
1.0764588296297006e-05
5.022363893658621e-06
1.9932418581447564e-05
1.620680450287182e-05
5.89832461628248e-06
5.4922281833569286e-08
2.3565820811199956e-05
1.868040271801874e-05
1.490906834078487e-05
1.2951832104590721e-05
8.647405593364965e-06
6.444367500080261e-06
2.4028327970881946e-05
1.2018639608868398e-05
1.0305902833351865e-05
1.1241359970881604e-05
1.0025401024904568e-05
4.830829514190782e-09
7.737970008747652e-06
1.289957562988775e-08
1.420989883627044e-05
1.109207278204849e-05
1.3732947991229594e-05
1.2576502740557771e-05
1.3836367543262895e-05
2.3313787096412852e-05
5.135027095093392e-06
2.643925745005049e-09
1.2711578165180981e-05
4.156128241561419e-08
1.1442470167821739e-05
1.1585705578909256e-05
5.884101938136155e-06
3.179208079018281e-06
6.910859156050719e-06
6.070407371217001e-11
1.5416655514854938e-05
2.4466038439641125e-07
8.790485480858479e-06
1.7096317250775428e-08
5.478457296703709e-06
1.4643665053881705e-06
5.61172237212304e-06
1.4194215509633068e-06
8.551503015041817e-06
7.637230737600476e-06
1.0125021617568564e-05
4.44880150496374e-08
5.1306064960954245e-06
2.6529780825512717e-06
6.758635208825581e-06
5.242175404873706e-08
1.663090370129794e-05
2.025246612902265e-05
5.192982371227117e-06
3.437616214796435e-06
3.1979013783711707e-06
1.9535335127329745e-08
7.171399374783505e-06
8.565400094084907e-06
5.400080408435315e-05
7.321907080637402e-09
1.7003620087052695e-05
3.27300142544118e-08
1.192923718917882e-05
1.321942111331964e-09
2.900181971199345e-05
2.4786078938632272e-05
1.566498576721642e-05
2.2537478798767552e-05
1.7504251445643604e-05
1.6598814909229986e-05
8.644793524581473e-06
6.120653779362328e-06
1.4943538189982064e-05
1.0263785952702165e-05
3.1794053938938305e-05
7.348649523919448e-05
1.5106403452591621e-06
1.4020728578145736e-08
1.052068114404392e-06
3.6535407161863986e-06
6.933768759154191e-07
2.4738766590814976e-09
1.6392324369007838e-06
1.1277653584329528e-06
4.924842869513668e-06
3.6132146306044888e-06
2.938783609351958e-06
9.534702805069628e-09
3.5118291634717025e-06
2.5082101728912676e-06
9.045540991792222e-07
3.204067677842204e-09
3.5925747852161294e-06
1.0402114725138745e-08
3.5007533369935118e-06
6.223714876796294e-08
8.413536534135346e-07
4.445877948455745e-06
1.833675810303248e-06
3.947906407120172e-06
1.3945689261163352e-06
1.1823275599454064e-05
1.4068716325255082e-07
1.6344631603715243e-06
1.0456985677365083e-07
6.946683697606204e-06
1.0269233996496041e-07
8.09168068371946e-06
7.148453562422219e-08
7.861259291530587e-06
2.66504599721884e-07
1.6255460650427267e-05
8.368414228243637e-08
2.4648796337345402e-09
6.151685738586821e-08
1.8487227748664736e-08
1.6409109093729057e-07
1.93501159628795e-06
1.6474741642014123e-06
8.93871742846386e-07
4.7357747234855196e-07
8.681507068786232e-09
3.24202972024068e-07
1.6210648823289375e-07
8.348259683543802e-08
9.274673971049197e-07
1.1144044265165576e-07
5.954252912943048e-08
1.5218854059639852e-05
7.225451554404572e-06
7.334093425015453e-06
2.7657633836497553e-06
1.8587010345072486e-05
7.818541234883014e-06
8.972622708824929e-06
1.2784228601958603e-05
1.155742120317882e-05
5.667246114171576e-06
1.3853330528945662e-05
7.165616352722282e-06
9.532877811579965e-06
1.115557097364217e-05
4.286267994757509e-06
4.841931300347824e-10
6.9412180891959e-06
1.62136570835969e-09
8.013028491404839e-06
2.03676063392777e-06
2.0048755686730146e-05
1.5209529010462575e-05
1.2928970136272255e-05
5.825658622171659e-09
4.295306098356377e-06
2.4726223273319192e-06
1.3847311493009329e-05
4.74873340650106e-09
9.187435352941975e-06
5.031565706303809e-06
8.077330676314887e-06
3.7570503081951756e-06
7.533724328823155e-06
1.6569021710211018e-09
5.59305954084266e-06
2.030104042205494e-06
7.036838724161498e-06
6.572681288119497e-10
7.879561053414363e-06
9.76151603993003e-10
7.751743396511301e-06
3.956989530706778e-06
9.708186553325504e-06
1.0257802607327449e-08
1.369625169900246e-05
7.883088073867839e-06
1.4108380128163844e-05
2.723506668189657e-06
3.7778354453621432e-06
1.9999386040581157e-06
3.461001688265242e-05
3.1796748345414017e-08
1.971104575204663e-05
3.6500198419275875e-09
6.566277988895308e-06
2.4325117919943295e-06
9.486853741691448e-06
6.849207693448989e-06
6.310944172582822e-06
2.5750764507392887e-06
6.7432297328196e-06
4.698782049672445e-06
4.9868271162267774e-05
2.9152870339999026e-08
2.362841314607067e-06
6.44075043965131e-07
1.909005646894002e-07
5.9240770497126505e-05
5.079605216451455e-06
1.8236049754705164e-06
4.060325125010422e-07
3.593210617935938e-09
1.9167438949807547e-05
1.6466868828501902e-06
8.2302534565315e-07
1.951923955800794e-09
1.2188279470137786e-06
5.821544912798515e-10
0.00013863026106264442
8.552964345653891e-07
7.74732052377658e-06
1.114747306019126e-06
1.9238093500462128e-06
8.056694241531659e-06
2.6957470709021436e-06
1.6699780758244742e-07
7.131692200346151e-06
3.781920554501994e-07
6.161949386296328e-06
3.942770945286611e-06
1.0671376458049053e-06
4.686664397013374e-06
8.638686267659068e-06
4.468977294891374e-06
9.947500956286603e-08
7.352890065703832e-07
4.350431026978185e-06
1.2338976951298264e-08
1.6609194020134055e-08
5.689118552254513e-06
5.385900294641033e-06
5.991675211536318e-11
8.900827197066974e-06
1.0019083340750967e-08
3.185518380632857e-06
9.494963842948678e-11
2.5962577637983486e-05
3.809981308222632e-08
5.082165898784297e-06
8.103486237587276e-08
3.1917331853037467e-06
1.1314307812426705e-05
2.1581645341939293e-06
4.766699390756912e-08
2.851157205441268e-06
1.734151844345888e-08
3.369101193584356e-07
1.4972493772802409e-05
1.4453268704528455e-05
5.211799816606799e-06
3.1348102424999524e-07
5.2641912162698645e-08
2.2283174416770635e-07
3.5509296480995545e-07
6.594737897103187e-06
3.3626440654188627e-06
7.93361323303543e-06
3.693902044688002e-06
9.32096372707747e-06
4.946725766785676e-06
8.787439583102241e-06
1.3761472246187623e-06
2.0773604774149135e-05
4.055832050653407e-06
2.1993889731675154e-06
8.758011063036975e-07
1.5881272702245042e-05
8.905266440706328e-06
2.8156784992461326e-06
8.880409723133198e-07
8.996115866466425e-06
2.1209865863625055e-08
7.211687716335291e-06
1.1846702818729682e-07
1.2073705875081941e-05
8.354043529834598e-06
1.3551257325161714e-05
4.092066319572041e-06
1.2343191883701365e-05
2.4016533188842004e-06
1.7218756056536222e-06
7.260123879859748e-07
4.981775873602601e-06
1.8517754369895556e-06
1.6650101315462962e-05
1.888857877929695e-05
2.401052825007355e-06
5.806463718727173e-07
9.63462662184611e-06
7.343332072196063e-06
1.84791879291879e-05
9.63012826105114e-06
6.598671006941004e-06
1.7135954522018437e-06
1.7846441551228054e-05
2.466742807882838e-05
2.9467596505128313e-06
7.032443818388856e-07
2.6747826268547215e-05
4.322467361816962e-08
3.3008536775014363e-06
4.213789317475403e-09
1.4405660294869449e-05
1.1218763575016055e-05
4.635783170670038e-06
2.603561313208047e-07
7.063513749017147e-06
3.407731696825067e-07
5.381376922741765e-06
2.9020377496635774e-06
4.9186369324161205e-06
1.098247025765886e-06
1.4025597920408472e-05
1.1923498277610634e-05
8.932745004130993e-06
9.548331902919927e-09
1.0870046935451683e-05
4.557913598546293e-06
8.459506716462784e-06
6.17223076915252e-06
1.1382626325939782e-05
1.2866388843235654e-08
3.0243891160353087e-06
7.528724310645885e-09
1.323876222159015e-05
4.010687746358599e-07
3.534578581820824e-06
2.1147882307559485e-06
1.9069657355430536e-05
1.7809242081057164e-08
2.038220554823056e-05
8.507157644999097e-08
4.938173515256494e-05
2.8107281835332287e-08
1.0826337302205502e-06
2.5354729586979374e-06
1.370146151202789e-06
3.1128883914988137e-09
3.2231872637566994e-07
6.0937536545679905e-06
1.2068339856341481e-06
5.794737262476701e-06
4.126644341795327e-07
8.711206200828769e-10
8.205302037822548e-07
7.036199889398631e-08
9.976791943699936e-07
3.143461435684003e-05
3.0840744784654817e-06
4.990033994545229e-05
8.434973892690323e-07
2.618227881612256e-05
1.8566804271813453e-07
4.326507223595399e-06
3.440593445702689e-07
4.144186327437183e-09
2.094649971695617e-06
2.4788127120700665e-05
9.266682923225744e-07
1.111213787652332e-08
4.165186965110479e-06
1.0946144357149024e-05
2.8515062240330735e-06
9.853696610662155e-06
1.5643524875486037e-06
3.3154570644455816e-08
3.9445835682272445e-06
1.077062279364327e-05
1.5804365602889447e-06
3.6098459332833954e-08
3.896272573911119e-06
6.992707494646311e-05
8.173392416210845e-07
1.0241355319351442e-08
5.670776772603858e-07
4.866071776632452e-06
1.6500804349561804e-06
3.4702748962445185e-05
3.976139737460471e-07
3.316463903502154e-08
1.0897712172663887e-06
5.398151188273914e-06
1.0819686622198788e-06
1.2945388760954302e-08
4.090047696081456e-06
8.114776761658504e-08
8.288976118819846e-07
4.256789452483645e-06
4.160424396104645e-07
8.88443992153043e-06
6.820155817877094e-07
3.516850810569849e-08
1.0313269740436226e-06
6.0691403632517904e-05
1.1191895055162604e-06
8.361343134311028e-06
1.0239393759547966e-06
4.660469585360261e-06
1.172562633655616e-06
5.991500074742362e-06
7.669592605452635e-07
1.9697532479767688e-05
4.508430322403001e-07
1.17214140118449e-05
3.812588431628683e-07
7.985351269113039e-10
4.5445481191563886e-06
1.0522724551265128e-05
1.9385099676583195e-06
1.2210757631692104e-05
1.6343454944944824e-06
5.040994437877089e-06
2.4360215320484713e-06
2.9901417292421684e-05
2.853472835795401e-07
9.32956663746154e-06
1.3597322094938136e-06
1.5366682418971322e-05
4.5386821057036286e-07
9.009220775624271e-06
5.297793563840969e-07
3.797980241415644e-07
1.3061253412161022e-06
1.8302962416782975e-05
2.539200067985803e-06
2.8405860996727483e-10
5.2651093938038684e-06
4.280367193132406e-06
5.000919827580219e-06
1.4470940641331254e-06
6.633784778387053e-06
2.4693501927686157e-06
1.1493259989947546e-05
9.741060402745916e-09
6.7597775341710076e-06
3.21579932460736e-06
8.470348802802619e-06
5.459703061205801e-06
4.762391199619742e-06
1.1047152526089121e-08
7.015979008428985e-06
2.2481913219962735e-06
2.4603372366982512e-05
2.1729071875142836e-09
4.635160803445615e-05
3.3968193747568876e-05
1.1210598131583538e-05
6.768972980353283e-06
3.8309767660393845e-06
6.225364113099374e-10
1.4335553714772686e-05
4.0803120100463275e-06
1.821236583054997e-05
2.548603827978724e-10
4.708507731265854e-06
8.790964400873236e-09
4.934150183544261e-06
6.960070714212563e-11
3.853617272397969e-06
3.153731086058542e-06
2.777552253974136e-06
1.8398123984297854e-06
3.2164321055461187e-06
1.1953541489972963e-09
1.992274701478891e-05
1.7405320249963552e-05
2.253584625577787e-06
4.897622307709071e-10
6.96831421009847e-06
2.9006741897319444e-06
3.972343620262109e-06
8.515697800248745e-07
1.2024563147861045e-05
5.6197482081188355e-06
6.5002013798221014e-06
2.872560571631766e-06
1.8259115677210502e-06
4.337954635502683e-07
1.1881288628501352e-05
1.1656376974755744e-09
1.6148951544892043e-05
7.693748557358049e-06
1.6667881936882623e-05
7.5028642640972976e-06
6.945268978597596e-06
1.9046431098956873e-09
5.388852059695637e-06
8.08878830582671e-09
6.574926374014467e-06
1.0984941845038065e-09
1.4502747944789007e-05
6.072042651794618e-06
1.8108039512299e-05
4.47627007815754e-06
3.754407089218148e-06
2.1384591946116416e-06
2.811774265865097e-06
1.1224921081520733e-06
6.512500931421528e-06
8.146183176904742e-07
2.829621280397987e-06
7.040195555418904e-07
4.200820512778591e-06
8.19992692413507e-07
6.790708084736252e-06
1.073955075980848e-07
5.832894203194883e-06
2.825149977070396e-06
8.867430551617872e-06
2.3398713437927654e-06
3.3397193419659743e-06
1.5172602063628915e-10
5.689859790436458e-06
2.560700977483066e-06
1.2983919987163972e-05
8.651220923638903e-06
1.094116123567801e-05
2.3712177110724042e-08
8.716016964172013e-06
8.87918758962769e-06
3.956318778364221e-06
1.9549313492461806e-06
4.248519871907774e-06
1.6904716630961047e-06
1.560116834298242e-05
9.285070490250291e-09
2.6807758331415243e-05
7.768137244568152e-09
1.0582528375380207e-05
3.979001121479087e-06
9.527818292554002e-06
7.276489827345856e-11
6.9582051764882635e-06
5.843426151841413e-06
5.099066584079992e-06
1.0038408992940617e-09
7.084852768457495e-06
2.152371735064662e-06
2.4242219296866097e-05
6.999097877269378e-06
5.135868832439883e-06
2.2775486741011264e-06
9.623558980820235e-06
5.999320484839643e-10
1.5267703929566778e-05
1.2202920515846927e-05
4.126258772885194e-06
2.018209443122032e-06
2.1781204850412905e-05
4.872293629887281e-06
4.61782929050969e-06
3.4996687645616475e-06
6.892980763950618e-06
7.192633710850771e-10
1.8228174667456187e-05
1.393134971294785e-05
2.4866871171980165e-05
1.8006308891926892e-05
3.83911574317608e-05
4.505459583015181e-05
2.7690578008332523e-06
8.25165670903516e-07
2.0206921362841967e-06
1.470306187911774e-06
1.9177270587533712e-05
1.6399742889916524e-05
1.0751758054539096e-05
1.1576619726838544e-05
1.4183459825289901e-05
2.4230459416685335e-08
1.5577653584841755e-06
2.5257113520638086e-06
1.083299025594897e-06
1.5006700326836153e-09
1.2155428521509748e-06
8.773926651883812e-07
1.1394756711524678e-06
3.1910215056996094e-06
9.91260549199069e-07
3.0774619972362416e-06
2.554252887421171e-06
4.976805030310061e-06
2.6421773782203672e-06
5.114650747373162e-08
2.2879530661157332e-06
2.7161377147422172e-06
1.0542519390810412e-07
1.5371192603197414e-06
1.7182831015816191e-06
2.9556977096945047e-06
2.0725153149214748e-07
2.447613223210965e-09
3.958375316415186e-07
1.6358944776584394e-06
5.414429438133084e-07
6.961552685424977e-07
1.8745220131677343e-06
2.8137403660366544e-06
1.1030924440547096e-07
7.444648453258651e-09
1.5143504015213693e-06
4.363811058283318e-06
1.4967801575949125e-07
8.92574636424115e-09
6.038973765498667e-07
2.8131396447861334e-06
4.1170585518557345e-07
7.06909122527577e-06
1.493113330752749e-07
7.925143874487617e-10
3.816015521351801e-07
1.721307125990279e-05
5.338509936336777e-07
1.7943741568160476e-06
6.631138148804894e-06
4.467130111152073e-06
2.5925916702362883e-07
2.4934581688285107e-06
6.159174290587544e-07
2.752292282970359e-10
4.027394879813073e-06
1.5256368897098582e-06
1.5855335959713557e-06
5.685284122591838e-06
8.289139259431977e-07
2.5335493774036877e-06
1.7445418620809505e-07
3.1251803367382536e-09
5.511398271096368e-08
5.42448958640307e-07
1.6467652130813804e-07
1.8787973399270186e-09
4.2337870809205924e-07
1.2937690371472854e-05
9.60183911047352e-07
1.3320534009153562e-08
1.7368914484450215e-07
7.20342814020114e-06
4.5567207962449174e-07
1.5872325676014043e-09
1.8405238222385378e-08
3.1179265391756417e-08
1.1630203516688198e-05
2.0876321286777966e-05
1.8963946786243469e-06
3.290945460321382e-05
3.636711335275322e-05
4.681064183387207e-06
1.147796808709245e-07
1.247674497051321e-08
7.21441821838198e-08
2.1004490918130614e-05
5.99821942159906e-06
1.7822510926635005e-05
1.0807141734403558e-05
6.60762538018389e-08
5.127977260599437e-07
1.8399616237729788e-05
1.2451865814000485e-06
8.424174666288309e-06
8.431300670963537e-07
1.41853570312378e-05
2.9120883482391946e-07
4.567367040131387e-10
2.3889690055511892e-05
1.8450415950610477e-07
1.732548753352603e-07
2.4523233150830492e-06
4.23738384824901e-07
5.683193194272462e-06
2.7666267214954132e-06
1.024627999868244e-05
7.413112257381727e-07
2.7549009740113206e-09
3.5801423337034066e-07
2.575288426953648e-09
4.582736039537849e-07
1.3315400337887695e-07
9.378187542097294e-07
4.424095436661446e-07
5.941872132098069e-06
6.963561949291375e-10
1.2912195415992755e-05
1.6156380297616124e-05
8.999667784337362e-07
1.2206635346956318e-07
1.1833939197458676e-06
9.139593203144614e-06
9.260579645342659e-07
2.3511551262345165e-05
1.4842102302736748e-07
2.1609361411378814e-08
4.1166509845425026e-07
3.6047840694664046e-05
1.4752225752090453e-06
8.054747013375163e-06
2.1394571092514525e-07
4.8332329249944905e-09
1.6483199942740612e-06
2.555991862607243e-08
4.2303877734184425e-08
4.629359864338767e-06
7.285327114914253e-07
5.787350119135226e-07
8.949219250098395e-07
1.7743188436725177e-05
2.757884089987783e-07
5.877427156519843e-06
1.2143067351644277e-07
2.173397206206573e-06
2.232837630344875e-07
4.563959464576328e-06
1.2647054745684727e-06
1.2412315619769743e-08
3.966031769664369e-08
3.432445282669505e-06
2.950454472738784e-06
2.930406317602774e-08
7.085496349645837e-07
6.33980024034031e-09
2.5434866302020964e-07
8.719437573745381e-06
4.6018837451811123e-07
4.83620219426939e-08
4.562537014862755e-08
5.808333753520856e-06
6.072836640669266e-06
3.4784216040861793e-06
5.353373580874177e-06
2.46796480496414e-06
8.932745004130993e-06
3.372532830780983e-08
7.86920190876117e-06
8.912128635074623e-08
5.5564159993082285e-06
2.3619313651579432e-06
9.130057151196525e-06
4.163792421962853e-09
8.52854827826377e-06
3.00929166030528e-08
9.578002391208429e-06
3.692310201586224e-06
1.3386784303293098e-05
2.690947212613537e-06
7.901180651970208e-06
3.5939051485911477e-06
8.68710321810795e-06
5.0886614921807904e-09
8.499611794832163e-06
4.508052825258346e-06
5.90635318076238e-06
2.876521021377698e-09
1.622978743398562e-05
2.0135439149360224e-10
6.839710749773076e-06
3.1873554906525214e-09
1.011851509247208e-05
1.1340657302127966e-08
1.1052132322220132e-05
8.537140274711419e-06
8.294247891171835e-06
5.80468849875615e-06
5.476911155710695e-06
1.3341375226794128e-10
7.869305591157172e-06
4.002689365734113e-06
9.22996969165979e-06
4.7998632908274885e-06
1.0421359547763132e-05
8.611040357209276e-06
6.516489065688802e-06
2.7587022941588657e-06
7.1229965215025e-06
4.102355433133198e-06
4.339427050581435e-06
1.7324407464158753e-09
1.2343191883701365e-05
6.96011137613084e-10
3.361300741744344e-06
3.721800339917536e-06
5.395107564254431e-06
5.2309760576463304e-06
7.4453319029998966e-06
3.64520019502379e-06
1.9480541595839895e-05
3.367850354152324e-08
3.473176548141055e-06
3.434200607443927e-06
3.07855134451529e-06
1.7014355080391397e-06
5.250364210951375e-06
1.1358867318955745e-10
4.6346399358299095e-06
2.7418868739914615e-06
3.4000491723418236e-05
8.829764142070928e-10
4.209473445371259e-06
7.752960939910736e-09
6.072836640669266e-06
3.4784216040861793e-06
7.93361323303543e-06
3.693902044688002e-06
5.5564159993082285e-06
6.765797366803383e-10
7.86920190876117e-06
1.4135994597097579e-09
3.606789050536463e-06
3.1105361131267273e-07
3.916885361832101e-06
3.621027744316052e-08
1.6204836356337182e-05
8.594899725267169e-08
5.843653980264207e-06
9.182249982586654e-07
9.578002391208429e-06
3.692310201586224e-06
1.795752177713439e-05
8.303650247398764e-06
7.901180651970208e-06
3.5939051485911477e-06
8.68710321810795e-06
5.0886614921807904e-09
9.011862857732922e-06
8.163264283211902e-06
3.213766831322573e-06
1.2975689287486603e-06
1.816630356188398e-05
1.5486545379417294e-08
9.130057151196525e-06
4.930978292350119e-09
5.90635318076238e-06
3.2825284712600933e-09
4.571077170112403e-06
4.7825743365592643e-08
4.348690708866343e-05
3.814601950580254e-05
4.902214641333558e-06
2.5300930239779973e-09
2.8156784992461326e-06
8.880409723133198e-07
7.4453319029998966e-06
3.070301346497217e-08
9.22996969165979e-06
4.7998632908274885e-06
2.469775063218549e-05
8.27039841055921e-08
2.532809230615385e-05
5.333185448819222e-09
1.614727261767257e-05
2.893258299607737e-09
1.1515449841681402e-05
7.888310392445419e-06
1.0635528269631322e-05
3.020035592271597e-06
1.5006607100076508e-05
4.719579838052823e-09
6.95395056027337e-06
2.5257113520638086e-06
8.347505172423553e-06
3.5251109693490434e-06
1.4784594895900227e-05
1.6211228285101242e-05
3.220397775294259e-05
1.273470644491681e-07
1.622978743398562e-05
7.620419850695725e-09
3.7596187212329824e-06
4.872046099890781e-10
4.0524832911614794e-06
6.754993364666007e-07
3.137056773994118e-05
4.272794384974077e-08
1.4316755141408066e-06
6.806583314755699e-07
1.8594551875139587e-05
2.5353306259967567e-11
4.1000339479069225e-06
1.3742055671173148e-06
6.477513579739025e-06
4.4368859281052053e-11
1.8248442756885197e-06
4.644411966125972e-09
4.19973230236792e-06
4.686664397013374e-06
5.018226602260256e-06
2.7620167202258017e-06
7.73026386013953e-06
1.396561657429629e-07
4.4620310291065834e-06
7.970238584675826e-06
5.9476587921381e-06
3.5192306313547306e-07
1.6235314888035646e-06
1.9069544805461192e-06
6.0383640629879665e-06
1.9079757294093724e-06
1.5937292118906043e-05
1.6644328582060552e-07
2.9745588108198717e-06
5.034862056163547e-07
5.275651801639469e-06
6.173438649170748e-09
2.9265988814586308e-06
2.598713955137555e-08
1.6805000996100716e-05
1.0400010808098159e-07
1.6741845684009604e-05
1.5613986192875018e-07
3.19060382025782e-06
3.1037143344292417e-06
9.58539021667093e-06
5.230015631241258e-06
5.232753665040946e-06
8.516220077581238e-06
5.004098056815565e-06
6.429778295569122e-06
4.7004514271975495e-06
4.785735654877499e-06
5.826876076753251e-06
7.249671973852401e-09
1.1819121027656365e-05
1.1539002116478514e-05
7.792167707521003e-06
9.805235512416743e-10
1.5970954336808063e-05
7.509496754209977e-06
2.879833346014493e-06
2.6377153972134693e-06
8.590674951847177e-06
1.0107717329788102e-08
1.1018619261449203e-05
2.945339305782113e-09
1.2210426575620659e-05
1.1319566510792356e-05
8.426652129855938e-06
2.7302242244786612e-08
1.4331200873130001e-05
2.6764428451286904e-09
1.9027162124984898e-05
1.5070200731770456e-07
2.1296735212672502e-05
8.795095141067577e-08
7.742331945337355e-06
5.972730832581874e-06
2.488269501554896e-06
5.00751211329753e-11
1.618986061657779e-05
1.969757335018585e-08
1.160752526629949e-05
7.986211130628362e-06
1.929944346557022e-06
1.9241638256062288e-06
1.4439659935305826e-05
7.776942112514007e-08
5.235590379015775e-06
1.4277528492812053e-08
5.5063533181964885e-06
2.8643739824474324e-06
8.549617632525042e-06
7.089137721294492e-09
1.0918567568296567e-05
6.425847409730068e-09
4.550876383291325e-06
2.563872385508148e-06
4.154243470111396e-06
1.8051600818580482e-06
9.112945917877369e-06
1.1115161214547697e-05
1.7102420315495692e-05
1.4406674381461926e-05
9.99752592178993e-06
6.864776878501289e-06
1.5120602938623051e-06
9.274673971049197e-07
9.689698998727181e-08
1.4671348580463928e-08
2.9575533133652243e-09
1.9945018721045926e-06
1.5402243036533037e-07
1.1467948752397206e-05
7.986130867720931e-07
4.445877948455745e-06
2.215443828390562e-06
1.1428182915551588e-05
4.4761495132661366e-07
7.373476762495557e-08
2.177546036818967e-07
6.528266371930158e-09
5.000732627991056e-08
1.1760502275137696e-05
6.011656239479635e-08
1.401541885570623e-05
6.040293101250427e-07
3.412766247379295e-08
3.0689312779941247e-07
3.971891544551909e-07
8.57136228660238e-07
4.7022819416042694e-08
2.1018306028963707e-07
2.4934597604442388e-05
1.7679900565781281e-07
2.458921699144412e-05
8.650696514678202e-08
9.607629181118682e-06
9.281103530156543e-08
2.5241830371669494e-05
3.217284756829031e-05
9.330853572464548e-06
7.998315822987934e-07
2.137282172043342e-05
2.66420073558038e-07
3.112899503321387e-05
2.844841695548439e-08
3.27741690853145e-05
2.0703811998146193e-08
6.2360363699554e-06
1.9385933569537883e-07
5.145963768882211e-06
5.224918098178932e-08
4.2212581320200115e-05
1.1694484669533267e-07
1.589318890182767e-05
4.8482522885251456e-08
2.1437942905322416e-06
1.6168255001502985e-07
2.5625002564311217e-08
1.063339027496113e-06
1.0628918062138837e-05
9.205216855434628e-08
4.762514826950337e-10
1.082835581200925e-07
1.7622141967876814e-07
6.519644557556603e-07
8.3409122453304e-06
3.774713832171983e-06
1.622255126676464e-06
3.353714646436856e-06
1.4256964497860736e-08
6.836017746536527e-06
9.39684559853049e-06
8.649900337331928e-06
6.577052317879861e-06
1.8176244338974357e-05
1.788269219105132e-05
6.588004907825962e-06
2.9021164209552808e-06
9.471679732087068e-06
1.6721314750611782e-05
1.6007132899176213e-06
1.368171909099658e-09
1.7198161003761925e-05
1.5933081158436835e-05
8.638216968392953e-06
5.73868737774319e-06
9.206469258060679e-06
1.170923042081995e-05
1.5186921700660605e-05
2.9844458016015096e-09
8.588827768107876e-06
8.572758503078148e-08
3.632817197285476e-06
1.7419195046386449e-06
1.3072188266960438e-05
9.311514226340023e-09
1.1274447388132103e-05
4.260943114786642e-06
4.3793488657684065e-06
5.127483859723725e-08
1.2653131307160947e-05
5.237545508407493e-08
1.4253814697440248e-05
4.417796128919349e-10
8.099843398667872e-06
6.063974211656387e-08
8.08028198662214e-06
9.403960943288325e-10
1.0672743883333169e-05
8.411174349021167e-06
4.0342260035686195e-05
3.736836515599862e-05
2.0270059394533746e-05
1.2330434401519597e-05
6.628402843489312e-06
3.5990158266940853e-06
8.600330147601198e-06
2.839765578244169e-08
8.28701740829274e-06
1.795666371151583e-08
1.0977307283610571e-05
5.555432835535612e-06
5.897296796320006e-05
3.1815122838452226e-06
5.0463345360185485e-06
1.1416520351303916e-07
1.4930315046512987e-05
1.998112566070631e-05
2.2466333575721364e-06
4.632322081477014e-09
1.007403352559777e-05
6.623542958550388e-06
4.940334747516317e-06
2.015402067456762e-08
6.505703822767828e-06
3.80596361537755e-07
9.927855899150018e-06
3.264170231886965e-07
4.64922459286754e-06
4.32844672104693e-06
1.330041322944453e-05
2.3228500140248798e-05
2.9388556868070737e-05
2.069995753117837e-05
3.899299190379679e-05
7.422069903118e-11
1.0104010470968205e-05
1.2433574738679454e-05
3.913824457413284e-06
1.9751331237216618e-08
1.0957502126984764e-05
5.884434358449653e-06
8.213655746658333e-06
4.405025677556296e-08
5.691017122444464e-06
5.27179463460925e-06
1.1591076145123225e-05
1.0044152986665722e-05
3.39506113959942e-05
2.994813641521432e-08
5.465461526910076e-06
3.205718002163849e-08
1.4606662261940073e-05
1.9627301298896782e-05
9.612232133804355e-06
1.2604803867333203e-09
1.232437261933228e-05
1.0628918062138837e-05
1.0900907909672242e-05
1.066248933057068e-05
1.7102420315495692e-05
1.4406674381461926e-05
4.491943400353193e-06
3.3617093322391156e-06
3.0388343930098927e-06
1.7323814063274767e-06
4.275747869542101e-06
1.133332716563018e-06
2.44579332502326e-05
2.3400762074743398e-05
6.167658284539357e-06
2.5868223474390106e-06
2.1242256480036303e-05
7.73908482187835e-07
4.8905738367466256e-05
8.21255810024013e-08
2.7051049983128905e-05
2.582106571935583e-05
2.0511722595983883e-06
7.267127788423977e-09
4.623230324796168e-06
2.7519067913317485e-08
6.012416179146385e-06
8.493096174788661e-06
7.660755727556534e-07
3.2875841498025693e-06
4.771087333210744e-06
3.91052390114055e-06
8.826657449390041e-08
1.3212710925358806e-09
1.261674151464831e-05
1.3055557246843819e-05
1.3595719394743355e-07
2.353474393146371e-08
1.898354071272479e-06
4.0146128412743565e-06
3.5460425351629965e-06
1.7641739759710617e-05
9.562112609273754e-06
2.0465028782723493e-08
2.0484269043663517e-05
5.424169557954883e-09
5.2779942052438855e-06
1.4029411431693006e-05
1.763699629009352e-06
1.4100824955676217e-05
1.935816698050985e-07
1.7135954522018437e-06
3.096476120845182e-06
5.8811284731064006e-08
8.884962880983949e-07
1.0713556974906169e-07
1.8039974847283702e-08
1.157737642643042e-06
1.8483046915207524e-06
8.5348219727166e-06
9.391491175847477e-07
1.631452732908656e-07
2.3408536264923896e-07
1.3405974641500507e-05
1.5112011624296429e-06
1.4375480361650261e-07
4.019685206912982e-07
9.553272093398846e-07
5.0481821745052e-06
7.182100489444565e-06
3.2974713803923805e-07
1.0909374395851046e-05
2.962449798360467e-05
4.756487204105042e-09
3.6942850556442863e-07
1.4089722526478e-06
1.8155067664338276e-05
5.2404684538487345e-06
6.515809758411706e-08
5.67066490475554e-06
2.4467345838274923e-07
1.5404022633447312e-05
6.561807452953872e-08
4.733937657874776e-06
3.3762382827262627e-06
1.9316948964842595e-06
5.218953447183594e-07
4.7507655835943297e-05
3.882881856043241e-07
1.0561815599885449e-07
3.6524716051644646e-07
1.3594678875961108e-06
2.5257966740355187e-07
4.996697953174589e-06
4.110559530090541e-06
8.384989087062422e-06
3.5345547644283215e-07
9.368115570396185e-06
9.898239561323408e-09
1.2098705610696925e-06
7.578508984806831e-07
8.654481462144759e-06
1.8394110156805255e-05
5.067382602419457e-08
1.0216325563305872e-06
4.090873699169606e-05
5.859746124770027e-06
1.4679973901365884e-05
1.257104997876013e-07
4.258958142600022e-06
2.006369641094352e-06
2.2211808754946105e-05
3.0357062996699824e-07
1.3950426364317536e-05
1.2019311270705657e-06
5.382898962125182e-06
6.450120508816326e-07
1.9283746951259673e-05
1.816630356188398e-05
5.66609924135264e-06
6.1781256590620615e-06
4.955020813213196e-06
1.11577410280006e-05
4.391908987599891e-06
7.973611900524702e-06
8.250039172708057e-06
1.776257158780936e-05
4.234551553849997e-08
5.754622179665603e-06
1.943097416301498e-08
1.6388961739721708e-05
1.654697371122893e-05
1.1085194273618981e-05
5.322087417880539e-06
3.353320062160492e-05
1.3221135304775089e-05
8.493550922139548e-06
1.0825999652297469e-06
4.423501195560675e-06
1.122113335583208e-08
2.3066984795150347e-05
2.980146618369872e-08
7.934941095300019e-06
9.599933292747664e-09
2.883520210161805e-06
1.9800554582616314e-06
5.80209280087729e-06
2.034902536252048e-06
5.478457296703709e-06
5.297128513603866e-09
1.5551338947261684e-05
1.2967174889411126e-08
8.463022822979838e-06
3.0916635296307504e-06
3.190252755302936e-05
2.2725691451341845e-05
4.0513732528779656e-06
1.8379157609160757e-06
1.724519461276941e-05
2.265829243697226e-05
7.96738822828047e-06
4.252526650816435e-06
1.3103152696203324e-06
5.07195409227279e-06
1.0013858542379239e-07
2.4296380161104025e-06
3.5872400871994614e-07
9.70753262663493e-06
8.35399305287865e-07
1.383416929456871e-06
8.046278594520118e-07
2.9249247290863423e-06
3.3302518431810313e-07
3.0252415399445454e-06
8.053625606407877e-07
1.2460345644171866e-08
6.636890361733094e-07
4.419427568791434e-06
5.441963821795071e-07
1.0918061121856226e-08
1.528982807030843e-07
2.5752440251380904e-06
4.2560822066661785e-07
1.0662509339454118e-05
6.564867476299696e-07
5.720288299926324e-06
2.7238261282036547e-06
4.767455763499129e-08
1.3985930991111672e-07
7.120656277948001e-07
4.1107344372903754e-07
1.2490218859184665e-09
9.657037480792496e-07
4.6451478219466935e-09
3.7927702578599565e-07
3.7928996334812837e-06
2.736687463311682e-07
7.52378142010457e-08
2.7484466613714176e-07
5.101041438138054e-07
2.9822589908690134e-07
6.021906756359385e-06
5.608243895949272e-07
2.4744467737036757e-06
1.5390398857562104e-06
3.4717362318303913e-10
1.5879308534749725e-07
4.06012713938253e-06
1.6326497132013174e-07
1.3597200698711731e-08
3.20083987093156e-10
8.00325688032899e-06
8.205801549365788e-08
2.7615978837047805e-08
5.046742330705456e-07
7.5249099609209225e-06
6.017238263211766e-08
2.473463656116337e-09
4.776217110702419e-07
1.4901678113687922e-08
3.408905797641637e-07
1.2306226260250241e-08
3.383005875434719e-08
2.237870511123674e-08
6.308013666966872e-07
3.097285298281349e-05
5.854859068676888e-07
1.7693159861664753e-06
2.5753031422937056e-06
3.473744072834961e-06
1.452525282275019e-07
6.043530476063097e-08
3.841738589471788e-07
6.635008098498929e-09
2.6274776701029623e-06
3.4160163977503544e-06
4.434966285771225e-06
6.3325970245387e-08
2.865587475753273e-06
3.686018601456453e-08
1.8090426237904467e-05
4.9289064918411896e-06
5.014117959944997e-06
3.900189948780053e-09
3.8103992210380966e-06
1.9031152760362602e-06
9.7834399639396e-06
1.4131141812256942e-09
3.842002115561627e-06
4.960542355547659e-06
5.124482868268387e-06
1.7412878605682636e-07
1.2694206816377118e-05
3.1791832952876575e-06
4.504420758166816e-06
3.3311714560113614e-06
9.559633326716721e-06
2.35296759854009e-08
2.374350287936977e-06
2.376700791728581e-08
3.888759692927124e-06
7.003158316365443e-06
2.4154398943210253e-06
6.969523846933612e-10
2.2256629108596826e-06
5.5822930278282e-08
1.0164465493289754e-05
2.335107440742945e-09
1.5628161236236338e-06
3.232945644526808e-08
7.665911653020885e-06
1.4492508171315421e-06
6.5120607359858695e-06
2.3389361558656674e-06
5.5119890021160245e-06
9.178379656304969e-08
2.0167790353298187e-06
4.0026799297265825e-07
4.636162884708028e-06
7.820870173702588e-09
5.299027066030249e-07
3.971614148667868e-08
4.869377789873397e-06
2.7555786346056266e-06
3.5528539683582494e-06
1.1080765638382672e-08
6.158059932204196e-06
2.762435542535968e-06
6.804243639635388e-06
1.3296266310192095e-08
8.495412657794077e-06
3.9993384604031235e-08
5.808511104987701e-06
1.5102866655070102e-06
3.7268375763233053e-06
3.121087956969859e-06
6.480463980551576e-06
5.965961008769227e-06
6.147503427200718e-06
1.2696349926955008e-07
6.011400728311855e-06
4.053682005178416e-06
6.3837464949756395e-06
2.0566269540722715e-06
3.244447725592181e-06
4.580694621836301e-06
2.513304934836924e-06
2.5995028352099325e-08
4.7252283366105985e-06
5.297116786096012e-06
3.7303470890037715e-06
3.01874109709388e-07
7.102039035089547e-06
2.655198727552488e-08
