9.982292795029934e-06
1.4240000609788694e-06
1.1154481427411156e-07
2.543307573432685e-07
5.019607129952419e-08
6.792304247937864e-07
2.321223519174964e-06
4.931016064801952e-06
1.6278594557661563e-05
8.924935173126869e-07
1.371270400341018e-06
2.3561853595310822e-05
5.648780287970112e-08
1.4324089079309488e-06
1.3790646562483744e-06
5.660707302013179e-06
2.9943907975393813e-07
3.40494125339319e-07
2.9943907975393813e-07
3.40494125339319e-07
2.224144736828748e-06
7.4999684329668526e-06
0.00036363682011142373
0.00033331476151943207
2.0992856661905535e-06
1.7713520605866506e-07
5.438261268864153e-06
4.012411864096066e-06
8.698600140633062e-06
2.372046992604737e-06
8.698600140633062e-06
2.372046992604737e-06
0.00012678054918069392
0.0004763072356581688
2.320153271284653e-06
2.0392546957737068e-06
1.015690713757067e-06
4.070536306244321e-06
1.1390661711629946e-05
8.410819646087475e-06
1.202148268930614e-05
1.0710663445934188e-05
9.3426149305742e-07
5.584509835898643e-06
1.7672826288617216e-05
1.1185079529241193e-08
1.1755765626730863e-05
1.711268140525135e-07
2.172720996895805e-05
3.2238160201814026e-05
2.5638535589678213e-05
3.597754357542726e-06
4.725664439320099e-06
1.3478073924488854e-05
4.725664439320099e-06
1.3478073924488854e-05
1.2820376468880568e-05
3.1419976949109696e-06
7.548474059149157e-07
1.376674958919466e-06
4.771683506987756e-06
1.005590456770733e-05
3.289497499281424e-06
2.4724363356654067e-06
