2.3647822672501206e-05
2.3647822672501206e-05
1.3164567747026013e-07
8.77999045769684e-05
8.77999045769684e-05
8.77999045769684e-05
1.0846130862773862e-05
1.275359136343468e-05
1.275359136343468e-05
9.630125714465976e-05
2.1480114810401574e-05
9.630125714465976e-05
1.5637115211575292e-05
1.5637115211575292e-05
1.4967079096095404e-06
3.187307083862834e-05
4.604805781127652e-08
3.187307083862834e-05
1.752656203279912e-06
4.029641058878042e-05
4.029641058878042e-05
2.4759635834925575e-06
9.278548532165587e-06
9.278548532165587e-06
9.606425010133535e-06
3.557175205060048e-06
9.606425010133535e-06
3.7728298138972605e-06
3.7728298138972605e-06
3.7728298138972605e-06
7.343194010900334e-05
7.343194010900334e-05
7.343194010900334e-05
0.0005516694509424269
0.0005516694509424269
0.0005516694509424269
0.00019450276158750057
0.00019450276158750057
0.00019450276158750057
5.413029157352867e-06
3.3333856208628276e-06
4.622769210982369e-06
3.471175489266898e-07
4.3788887182927283e-07
3.9457853517888e-07
2.867053581212531e-06
6.1353089222393464e-06
9.931980002875207e-07
6.528249496540184e-09
2.1859307697269514e-09
7.327850770622035e-09
9.381772656524845e-07
1.4547835235134698e-05
1.4547835235134698e-05
5.153672191227088e-07
8.86615225681453e-08
5.153672191227088e-07
2.0677933207480237e-05
2.0677933207480237e-05
2.0677933207480237e-05
4.832190461456776e-05
4.832190461456776e-05
4.832190461456776e-05
4.3002237362088636e-05
4.3002237362088636e-05
4.3002237362088636e-05
6.788907921873033e-05
6.788907921873033e-05
6.788907921873033e-05
3.9106707845348865e-05
3.9106707845348865e-05
3.9106707845348865e-05
1.1935902932691533e-08
6.447646860863188e-10
0.00013568469148594886
5.579462936111668e-07
2.6260968297719955e-06
3.811771603068337e-05
0.00012972364493180066
0.00012972364493180066
1.925471451613703e-06
7.9036493843887e-05
7.9036493843887e-05
9.4158252750276e-08
1.0119068747371784e-06
1.1722489034582395e-05
1.9048940885113552e-05
0.00016069604316726327
4.247816468705423e-05
0.00015497584536205977
4.3132269638590515e-05
4.3132269638590515e-05
2.4324363039340824e-06
0.00043703996925614774
0.00043703996925614774
1.1444497260981734e-07
1.3987521015224047e-05
1.3987521015224047e-05
1.3987521015224047e-05
3.786791785387322e-05
3.786791785387322e-05
3.786791785387322e-05
