8.722500933799893e-05
3.377004395588301e-05
4.2540951317171505e-10
1.5858551138947519e-09
5.179761865292676e-05
4.5635122660314664e-05
8.127886417241825e-07
3.852522240777034e-06
3.432535606862075e-07
2.208344085374847e-07
5.071437954029534e-06
3.1173444767773617e-06
3.569334410258307e-07
1.3863810011116584e-07
2.789526298840883e-08
7.368971544075009e-10
4.082766463398002e-05
0.0004161151882726699
2.880043048492098e-08
1.8406704782591987e-07
6.445701001212001e-05
7.882782665546983e-05
1.3364268625082332e-06
1.0927227123147532e-07
7.20768075552769e-05
0.0002680729085113853
7.101490240302155e-08
7.134375437090057e-07
7.606496183143463e-06
2.773076994344592e-05
8.592087041847662e-09
3.381522262202452e-08
0.00012581761984620243
1.40551601361949e-05
1.8632083254033205e-07
3.694561456768497e-08
0.0002494334476068616
1.8214703231933527e-05
1.6609465092187747e-06
1.3243570720078424e-05
9.499640896137862e-07
4.7128634150794824e-07
2.529899632008892e-07
3.1764540153744747e-07
4.625835856586491e-07
1.4773113434785046e-06
5.0519997074616185e-09
1.1530910670742855e-09
1.451004391128663e-05
2.3782906737324083e-06
3.91319645132171e-06
7.159938490985951e-07
4.1968910409195814e-06
1.5535426882706815e-06
9.73700934991939e-06
1.3463524055623566e-06
3.129906190224574e-06
1.1572631137823919e-06
3.832934680758626e-07
1.4735418574218784e-07
1.1585837000893662e-06
7.63427408401185e-07
3.628920453024875e-08
2.0158617530796619e-07
9.6011744972202e-06
1.0244208397125476e-06
7.370315913135528e-09
1.7826994280767394e-07
8.237731526605785e-05
2.282251671203994e-06
2.4681585841790366e-07
2.5335953068861272e-06
