1.9988497967915464e-07
6.45976911073376e-07
1.27073223055163e-08
3.5028529055125546e-07
1.8302146997939417e-07
8.230063940573018e-06
3.712343854544997e-08
1.260066539998661e-07
8.497426051690127e-08
3.965316864196211e-06
1.120425054068619e-06
1.2404076414895826e-06
2.3350166244995307e-08
1.5542985920546926e-07
3.405965856018156e-07
8.028619191691178e-08
7.348657504735456e-08
9.762611625774298e-07
7.348657504735456e-08
9.762611625774298e-07
1.2486766820529738e-07
1.7164045402751071e-06
1.5531239796473528e-06
9.40224254009081e-07
2.7397517143867844e-08
1.710454355929869e-08
3.675042492545799e-08
2.568651424894597e-08
9.316967748418392e-07
7.99790086603025e-06
9.316967748418392e-07
7.99790086603025e-06
3.811549902366096e-07
8.182483952623443e-07
3.400801418251831e-08
1.0505344789635274e-06
5.6999717344297096e-05
0.0001431369164492935
2.974069559513737e-07
6.904994052092661e-07
5.572193913394585e-06
7.629117135365959e-06
9.862741023880517e-08
2.1238911074306088e-07
1.7871143427328207e-06
7.410743364744121e-06
6.539043533848599e-05
6.288357690209523e-05
3.361414258051809e-08
8.293136488646269e-08
1.0691694196651724e-09
9.487787444584228e-09
2.8276726879994385e-06
2.8400887458701618e-05
2.8276726879994385e-06
2.8400887458701618e-05
7.640434205313795e-07
1.9208427204375766e-07
3.3185671100000036e-07
4.3448574160720455e-07
1.9143133158650016e-06
2.0762256554007763e-06
5.091721888561551e-08
1.8734160889266604e-08
