3.6828009797318373e-06
3.6828009797318373e-06
4.0512063037567714e-07
3.5662010304804426e-06
3.5662010304804426e-06
3.5662010304804426e-06
0.003150349482893944
4.764364803122589e-06
4.764364803122589e-06
4.3534335418371484e-05
2.396928948655841e-06
4.3534335418371484e-05
1.342206701338e-07
1.342206701338e-07
6.8419160470512e-07
9.493302286500693e-07
2.6923469249595655e-06
9.493302286500693e-07
7.770140655338764e-05
3.574642960302299e-06
3.574642960302299e-06
0.0003003618912771344
3.6170363273413386e-06
3.6170363273413386e-06
3.7568048583125346e-07
5.877710646018386e-05
3.7568048583125346e-07
1.7690263121039607e-05
1.7690263121039607e-05
1.7690263121039607e-05
1.196691073346301e-06
1.196691073346301e-06
1.196691073346301e-06
1.24231337395031e-06
1.24231337395031e-06
1.24231337395031e-06
2.1187502170505468e-06
2.1187502170505468e-06
2.1187502170505468e-06
5.084133931632095e-07
4.0810658674672595e-07
6.129999974291422e-07
5.229074668022804e-05
2.208264959335793e-06
2.372360313529498e-06
2.435999886074569e-05
7.306076440727338e-06
2.383511628067936e-06
1.9666236994453357e-07
4.3646622316373396e-08
1.966806451036973e-08
3.6770300084754126e-06
6.792775764097314e-08
6.792775764097314e-08
3.1300950809054484e-07
1.6193129681596474e-07
3.1300950809054484e-07
1.1574703648875584e-06
1.1574703648875584e-06
1.1574703648875584e-06
2.7379785478842678e-06
2.7379785478842678e-06
2.7379785478842678e-06
6.819091709076019e-07
6.819091709076019e-07
6.819091709076019e-07
2.2845633793622255e-05
2.2845633793622255e-05
2.2845633793622255e-05
4.25740245191264e-06
4.25740245191264e-06
4.25740245191264e-06
0.0007799445302225649
1.4056402505957521e-05
9.43783379625529e-06
4.9055597628466785e-06
7.306916245397588e-07
1.9683149332649919e-07
9.6718131317175e-06
9.6718131317175e-06
5.465349204314407e-07
4.5966976358613465e-06
4.5966976358613465e-06
4.47215052190586e-06
4.9791374294727575e-06
9.669483006291557e-06
1.5028331290523056e-06
0.00039756184560246766
1.235610625371919e-06
1.124405116570415e-05
2.454468585710856e-06
2.454468585710856e-06
7.408182227663929e-07
8.910801625461318e-07
8.910801625461318e-07
8.189771278921398e-07
3.8749190025555436e-06
3.8749190025555436e-06
3.8749190025555436e-06
3.239891555040231e-07
3.239891555040231e-07
3.239891555040231e-07
