2.004009365919046e-05
2.9535409339587204e-05
7.389399343082914e-06
4.198043097858317e-05
6.761224085494177e-06
9.363673598272726e-05
1.758640428306535e-05
8.551032078685239e-05
9.782247798284516e-05
3.1255141948349774e-05
1.7225411284016445e-05
4.808601715922123e-06
5.700867973246204e-07
8.913333999771567e-07
1.082887774828123e-05
1.8442622604197823e-05
0.00010662560089258477
6.348838724079542e-06
2.181755735364277e-05
3.1280233088182285e-05
0.00019272687495686114
3.7862435419810936e-05
1.3075212336843833e-05
1.2119518942199647e-05
4.285880277166143e-05
5.739911102864426e-06
1.2310509873714182e-06
7.103232292138273e-06
5.46723470051802e-07
3.1866292715676536e-07
2.427461186016444e-05
0.00011205100599909201
7.70862607168965e-06
1.9828390577458777e-05
8.340359636349604e-05
0.00012861199502367526
5.978229091851972e-05
1.1910325156350154e-05
1.0409866263216827e-05
1.0053085134131834e-05
1.676871943345759e-05
1.4130002455203794e-05
3.3218882890651e-05
2.6264908228768036e-05
4.103465107618831e-05
2.990571374539286e-05
1.232006889040349e-05
8.083847933448851e-05
8.961245839600451e-06
5.844485258421628e-06
7.570198249595705e-06
7.5964367169945035e-06
8.845390402711928e-05
5.755465281254146e-06
6.875650433357805e-05
8.937619713833556e-05
2.1268655473249964e-05
7.971303421072662e-05
0.0001309115468757227
0.00016497320029884577
4.575192724587396e-05
5.218851219979115e-05
1.1949842701142188e-05
6.476169801317155e-05
1.341709321422968e-06
6.26330063369096e-07
1.107001637024041e-07
3.4819302641153627e-07
0.0001162205808213912
1.1494020327518228e-05
1.9777271518250927e-05
9.189686352328863e-06
1.2777354641002603e-05
3.5896533518098295e-05
9.77950003289152e-06
1.3930320164945442e-05
1.7493000996182673e-05
1.2296911336306948e-05
0.0001556378701934591
3.9089420170057565e-05
7.068063609949604e-07
1.962432349955634e-07
1.0429589565319475e-05
1.7759148249751888e-05
1.8653277948033065e-05
3.660257425508462e-05
5.860000237589702e-05
4.555120904115029e-05
