8.127155888359994e-05
4.593615813064389e-05
4.1345105117329695e-10
2.2554560441534477e-09
3.3931592042790726e-05
1.691920988378115e-05
3.0171065645845374e-07
6.198991400196974e-07
2.081221964544966e-06
6.132368071121164e-07
1.2466298358049244e-05
1.6157240168013232e-07
9.324175493929943e-07
4.442914018909505e-07
5.9670544061418695e-09
2.068232390906033e-10
0.00020006253907922655
0.00021380056568887085
7.225856535342245e-08
3.9618262803742255e-07
0.00022359748254530132
6.243732059374452e-05
4.0816527757669974e-07
4.871105261372577e-07
1.0401006875326857e-05
5.993475133436732e-05
3.1979843129192886e-07
2.466606929374393e-06
6.202141776157077e-06
2.448290069878567e-05
3.187928809822438e-09
2.3194946408011674e-08
4.543372051557526e-05
4.893592176813399e-06
3.602806089020305e-07
1.9382970606329764e-07
0.00020245416089892387
1.004848127195146e-05
3.2964460842777044e-05
9.273998330172617e-06
1.741552750900155e-06
6.435879527089128e-07
2.132402698862279e-07
9.597574717190582e-07
9.134504352914519e-07
4.931697361598708e-08
2.680629052065342e-09
2.461699073752488e-11
4.230192644172348e-06
3.967355155509722e-07
3.4761424103635363e-06
3.5560935884859646e-06
2.5404489861102775e-05
8.297120075440034e-07
1.199057533085579e-05
7.512430329370545e-06
1.0709510434026015e-06
1.0908947842835914e-06
9.625932761991862e-07
4.2743650396914745e-07
1.4593045989386155e-06
9.86437157735054e-07
1.7825929887749226e-07
3.1436610470336745e-07
2.356577624595957e-06
5.549027832785214e-07
1.690298923051614e-08
3.7393837715171685e-07
2.4307277271873318e-05
1.258267616321973e-06
8.441805903203203e-07
1.047744603965839e-06
