5.404248076956719e-05
6.0650949308183044e-05
3.316753804938344e-08
6.686741471639834e-08
2.778998896246776e-05
4.371798422653228e-05
6.734601925018069e-07
1.857646566350013e-06
1.7433434550184757e-05
6.536700766446302e-06
3.7723097193520516e-05
2.581851185823325e-05
3.689052164190798e-06
4.318656920077046e-06
2.908508989207803e-08
2.2892737661095452e-07
0.00010853878484340385
0.00041858016629703343
9.574695241099107e-07
7.783410183037631e-06
0.0003352682979311794
0.0008313159924000502
6.438394393626368e-06
9.935766911439714e-07
4.472270575206494e-06
2.1971585738356225e-05
3.1937517633195966e-05
2.3590824639541097e-05
8.093523319985252e-06
5.7789475249592215e-05
9.106451415163974e-08
8.451368671558157e-07
6.23755977358087e-06
1.9656064978335053e-05
4.764399363921257e-06
1.919068927236367e-05
5.247636181593407e-06
2.4031871362240054e-05
2.3552625862066634e-05
0.00022996996995061636
2.394523107795976e-05
2.2462474589701742e-05
1.0871062841033563e-06
1.9890107978426386e-06
4.038769839098677e-05
1.3349183973332401e-05
2.4242831742071758e-08
1.1297152724409898e-07
1.3861803154213703e-06
1.2407876056386158e-05
8.714237992535345e-06
1.954260005732067e-05
2.2224719486985123e-07
1.2362111192487646e-05
0.0007485863752663136
7.557530625490472e-05
4.197058660793118e-05
2.8142570954514667e-05
7.207509611362184e-07
1.8760345028567826e-06
3.487937283352949e-05
1.8149867173633538e-05
1.8285639669102238e-07
4.792741492565256e-07
3.5538059250939114e-07
1.21377570394543e-06
4.344624073837622e-07
3.646800621481816e-07
1.242841449311527e-06
8.180077202268876e-06
5.433900241769152e-06
2.4159482563845813e-05
