1.6307671103277244e-05
1.6307671103277244e-05
3.1751869755680673e-06
2.9444314350257628e-05
2.9444314350257628e-05
2.9444314350257628e-05
9.590153058525175e-05
0.00017059413949027658
0.00017059413949027658
3.764085249713389e-06
2.399182085355278e-05
3.764085249713389e-06
1.1087920029240195e-05
1.1087920029240195e-05
6.110561116656754e-06
2.4666738681844436e-05
1.6270819003239012e-07
2.4666738681844436e-05
8.302245078084525e-06
7.904175436124206e-05
7.904175436124206e-05
3.900340288964799e-06
8.271612159660435e-07
8.271612159660435e-07
0.0001457180333090946
2.6665464247344062e-05
0.0001457180333090946
5.645762939820997e-06
5.645762939820997e-06
5.645762939820997e-06
5.428153235698119e-05
5.428153235698119e-05
5.428153235698119e-05
0.0001086945558199659
0.0001086945558199659
0.0001086945558199659
0.0019625527784228325
0.0019625527784228325
0.0019625527784228325
2.1321482108760392e-06
1.244885368123505e-07
2.5771473843860804e-08
1.4895884703491902e-07
3.5714430168809486e-07
1.942857252856811e-08
7.688346954637382e-07
8.352738944950033e-09
1.1155688817154896e-08
2.275995614198223e-09
7.377073951708724e-11
6.78422296118697e-09
6.381898032259414e-08
1.2884255738754291e-05
1.2884255738754291e-05
2.611014224385144e-06
5.987102369431341e-09
2.611014224385144e-06
0.0001677732652751729
0.0001677732652751729
0.0001677732652751729
2.1991495486872736e-06
2.1991495486872736e-06
2.1991495486872736e-06
1.4254423149395734e-05
1.4254423149395734e-05
1.4254423149395734e-05
3.5815623959933873e-06
3.5815623959933873e-06
3.5815623959933873e-06
2.922490011769696e-06
2.922490011769696e-06
2.922490011769696e-06
2.774225293933341e-08
4.91201834762478e-09
0.0002267247618874535
4.6690885824318684e-08
5.517527483789308e-07
3.917493813787587e-05
3.3320195598207647e-06
3.3320195598207647e-06
4.590322078001918e-06
2.8166230094939237e-06
2.8166230094939237e-06
1.5738171876833462e-09
4.808014182344778e-07
1.7729080354911275e-06
5.9734215938078705e-06
9.828883048612624e-05
1.8363170966040343e-06
0.00010934961028397083
1.8238168195239268e-05
1.8238168195239268e-05
6.808673788327724e-06
8.095084194792435e-05
8.095084194792435e-05
1.935921432050236e-07
2.354367643420119e-05
2.354367643420119e-05
2.354367643420119e-05
2.207179022661876e-05
2.207179022661876e-05
2.207179022661876e-05
