2.8448732336983085e-05
2.648543886607513e-05
1.1796421858889516e-05
7.684194315515924e-06
7.639968316652812e-06
7.504327186325099e-06
1.073427256415016e-06
2.1249186374916462e-06
1.3564344953920227e-05
1.24931566460873e-05
1.167043865279993e-05
9.810013580136001e-06
1.4979283946559008e-07
7.155755810117626e-08
4.080736471223645e-05
3.732174445758574e-05
3.135115184704773e-05
2.864077214326244e-05
1.9660170437418856e-05
1.1400404218875337e-05
3.90226978197461e-06
4.304195044824155e-06
8.649330084153917e-06
7.529364665970206e-06
0.0007930910214781761
0.0007899093325249851
1.7736165318638086e-06
1.0880294212256558e-06
8.940695295223122e-08
8.799649009461064e-08
1.7633470633882098e-05
2.1898100385442376e-05
8.654345037939493e-06
5.77802848056308e-06
1.6839929230627604e-05
2.1908575945417397e-05
4.12283516197931e-05
6.531615508720279e-05
1.1178402019140776e-05
1.4374957572726998e-05
9.797292477742303e-06
9.91541219264036e-06
1.413211884937482e-05
1.562622310302686e-05
9.246779882232659e-06
1.0870065125345718e-05
1.491430066380417e-05
1.1093987268395722e-05
1.886943937279284e-05
1.4653663129138295e-05
5.103293005959131e-06
5.358640464692144e-06
1.1733698556781746e-05
1.3953895177110098e-05
3.8206590602385404e-07
1.4216698218660895e-06
5.455228802020429e-06
4.8351116674894e-06
0.0007863985956646502
1.3790205230179708e-05
2.612529533507768e-05
3.75775016436819e-05
1.096916003007209e-05
8.477634764858522e-06
1.0071292990687652e-06
7.043155960673175e-07
3.804233756454778e-06
1.2693895996562787e-06
1.0609237506287172e-05
9.964029231923632e-06
1.5170373444561847e-05
1.992650140891783e-05
1.3066250176052563e-05
1.20014046842698e-05
8.890506251191255e-06
7.803984772181138e-06
7.417994766001357e-06
7.30043439034489e-06
3.5986952298117103e-06
3.7959102883178275e-06
2.2310855456453282e-06
7.066690841384116e-07
6.153950835141586e-06
5.817984401801368e-06
1.411646735505201e-05
2.4221282728831284e-05
1.2071615856257267e-05
1.0370555173722096e-05
