4.721122422779445e-06
4.721122422779445e-06
3.911840629200469e-09
7.384176115010632e-06
7.384176115010632e-06
7.384176115010632e-06
1.5426128811668605e-05
1.0235290574200917e-05
1.0235290574200917e-05
1.6612445961072808e-06
7.564929546788335e-06
1.6612445961072808e-06
1.5611186654496123e-06
1.5611186654496123e-06
1.6040364698710619e-06
3.95146571463556e-06
1.645029925612107e-07
3.95146571463556e-06
1.2206029396111262e-06
7.003286555118393e-07
7.003286555118393e-07
2.3832251827116124e-05
3.4057982247759355e-06
3.4057982247759355e-06
6.266701802815078e-06
1.036499634210486e-05
6.266701802815078e-06
3.566106897778809e-06
3.566106897778809e-06
3.566106897778809e-06
8.271665865322575e-05
8.271665865322575e-05
8.271665865322575e-05
5.8286881539970636e-05
5.8286881539970636e-05
5.8286881539970636e-05
0.0003164990048389882
0.0003164990048389882
0.0003164990048389882
9.116714500123635e-05
7.277779445757915e-07
8.66032041813014e-06
2.285487710196321e-07
1.3021689255765523e-06
4.8118423023879586e-08
2.8919948817929253e-06
5.808427090414625e-07
4.447324045031564e-06
1.3216539862526133e-08
2.7855294959522325e-08
6.028707844052406e-08
1.8091083076043901e-09
2.5118754365394125e-07
2.5118754365394125e-07
7.381050295407476e-07
4.1668091199653645e-08
7.381050295407476e-07
2.5783872843021527e-05
2.5783872843021527e-05
2.5783872843021527e-05
1.4897696019033901e-05
1.4897696019033901e-05
1.4897696019033901e-05
2.4523998945369385e-05
2.4523998945369385e-05
2.4523998945369385e-05
1.0471958376001567e-05
1.0471958376001567e-05
1.0471958376001567e-05
1.2771948604495265e-05
1.2771948604495265e-05
1.2771948604495265e-05
9.139880035036185e-07
5.387617818541912e-08
9.801182022783905e-05
2.5979088036365283e-07
2.3932248041091952e-06
8.41947621665895e-06
1.1163115232193377e-06
1.1163115232193377e-06
3.0668531962874113e-06
2.8454201128624845e-06
2.8454201128624845e-06
5.458148516490624e-11
1.7313006139829668e-07
1.1849208021885715e-05
1.7074675895401015e-07
0.00044382945634424686
8.77347417826968e-07
6.988236418692395e-05
1.1581469152588397e-06
1.1581469152588397e-06
1.6572712411289103e-05
3.604661833378486e-05
3.604661833378486e-05
3.7894032800522837e-08
1.6608437363174744e-06
1.6608437363174744e-06
1.6608437363174744e-06
1.9480125956761185e-06
1.9480125956761185e-06
1.9480125956761185e-06
