6.142262463981751e-06
1.8601641613713582e-06
9.990901617129566e-08
4.465784186891142e-08
2.9075062357719617e-08
3.885849935159058e-07
3.519388428685488e-06
3.3386318136763293e-06
0.00011342480138409883
7.488529831789492e-07
1.1249183444306254e-05
9.056185263034422e-06
3.319966523918083e-08
1.0958172680375355e-07
1.15885245577374e-06
7.431391622958472e-06
2.8486617509315693e-08
2.3465627663199484e-08
2.8486617509315693e-08
2.3465627663199484e-08
1.740203856570588e-06
1.5462874216609634e-05
0.00012521410826593637
0.0007290400099009275
1.3333846027308027e-06
1.8307623861346656e-07
2.8200413453305373e-06
2.8509105050034123e-06
4.644952241505962e-06
1.5266844854977535e-07
4.644952241505962e-06
1.5266844854977535e-07
0.00010741246660472825
0.0003901231102645397
2.8941767595824786e-06
2.3951690764079103e-06
2.0324307570263045e-06
6.711147761961911e-06
1.396628977090586e-05
1.0695030141505413e-05
1.8254437236464582e-05
6.808108992117923e-06
1.8610274992170162e-06
2.3027021143207094e-06
8.964683729573153e-06
9.860698924057942e-09
2.723408761085011e-05
1.7806979712986504e-07
1.5831405107746832e-05
1.8488224668544717e-05
2.3414140741806477e-05
1.13697467440943e-06
1.989671727642417e-05
9.083481927518733e-06
1.989671727642417e-05
9.083481927518733e-06
2.0470431991270743e-05
2.7778105504694395e-06
1.477038381381135e-06
1.4817744613537798e-06
2.220024271082366e-06
1.278279114558245e-06
8.994511517812498e-06
7.402030064440623e-07
