5.021541255700868e-06
6.195265086716972e-06
1.2739374142256565e-05
2.293940997333266e-05
1.5390700355055742e-05
1.4953930985939223e-05
9.944059229383129e-07
7.15376563675818e-06
2.1487070625880733e-05
5.328161734041714e-08
1.4761469174118247e-05
4.6095347983055035e-08
1.1557393918337766e-05
9.620243872632273e-06
6.1238897615112364e-06
1.1554965567484032e-05
1.39818539537373e-05
1.5133020497160032e-05
1.39818539537373e-05
1.5133020497160032e-05
1.2581794180732686e-05
3.7670997699024156e-05
5.381862501963042e-05
0.0003022487508133054
3.893748043992673e-07
3.011979856637481e-07
5.17192653148868e-08
2.1298895092058956e-08
1.682464971963782e-05
4.17476003349293e-05
1.682464971963782e-05
4.17476003349293e-05
7.21808419257286e-06
2.108997796312906e-05
8.81036976352334e-06
1.3924948689236771e-05
4.074123717145994e-05
1.790797796275001e-05
5.0071948862751015e-06
1.7756444776750868e-06
0.00015929716755636036
0.00021735225163865834
3.792497591348365e-05
0.00016485711967106909
2.7851606319018174e-06
2.0457734706269548e-07
5.382374183682259e-06
6.734481758030597e-06
3.4198224057035986e-06
6.2995468397275545e-06
2.883701199607458e-06
2.82177666122152e-06
9.653886081650853e-06
3.74206829292234e-05
9.653886081650853e-06
3.74206829292234e-05
4.797462679562159e-06
4.501936473388923e-06
6.778197530366015e-06
3.9926276258483995e-06
4.087603520019911e-05
7.6322157838149e-06
1.910907258206862e-06
4.3013562844862463e-07
