0.00024770444724708796
0.0001512746384833008
0.00012084210175089538
0.00014050475147087127
0.00017799057241063565
0.0002892072079703212
0.0003349411708768457
0.0004968318971805274
0.00012863670417573303
0.0001664368319325149
0.00024058841518126428
0.00021952840324956924
1.374266531684043e-07
1.0521096527327245e-07
0.0002682188351172954
0.00023667325149290264
0.00021016986283939332
0.00015163655916694552
0.0003566793166100979
0.0004599384556058794
0.00013170189049560577
0.00017623572784941643
0.00023816128668840975
0.00018442222790326923
0.00014573756197933108
0.00010610655590426177
1.0869706557059544e-07
3.0897115266270703e-07
1.8275025581715454e-07
1.1861721560535443e-07
0.00019241850532125682
0.00021976100106257945
0.0004992397152818739
0.0003279332013335079
7.530102448072284e-05
0.00014499407552648336
0.0003474509285297245
0.0006104966159909964
0.00011272394476691261
0.00011311042180750519
0.00028637860668823123
0.0002346653927816078
0.0002809423313010484
0.0002842044341377914
0.0002206698845839128
0.00015015617827884853
0.00024083326570689678
0.0002778702473733574
8.741728379391134e-05
8.782111399341375e-05
0.00028545595705509186
0.00021339114755392075
0.0005022470722906291
0.0004835241416003555
0.00019145375699736178
0.00023676374985370785
0.0004014235164504498
0.00045814632903784513
0.00016460318875033408
0.00011805809481302276
0.0003181816136930138
0.0003714391204994172
0.0001446769165340811
0.00021191783889662474
3.564691951396526e-06
5.190572210267419e-06
3.5068958936790295e-07
4.102593891275319e-07
0.00042258258326910436
0.0003686239360831678
0.00038588218740187585
0.0003162296488881111
0.00029059030930511653
0.0003624458331614733
0.0002707738894969225
0.00019776722183451056
0.00012692208110820502
0.00014554057270288467
0.00024681116337887943
0.0003482197644189
3.075805352636962e-07
7.599948048664373e-08
9.844885062193498e-05
0.00012533071276266128
0.0005257096490822732
0.00036173072294332087
0.00045112677616998553
0.0004234278167132288
