2.512718140224024e-07
8.744900696910918e-07
1.592092871760542e-06
8.611476118858263e-07
3.4540028082119534e-07
6.257853897295718e-07
1.4637798528838175e-07
3.7953822129566106e-07
7.110308501978579e-07
3.111119895038428e-07
6.802169991715346e-07
1.4642603218817385e-06
2.007065177167533e-06
1.923346189869335e-06
1.8358250599703752e-06
1.6728390619391575e-06
2.237889702882967e-06
4.654633301015565e-07
9.095546715798264e-07
3.26819872498163e-07
1.5358918972196989e-06
1.2751071380989742e-06
1.7800211935536936e-06
1.7669827911959146e-07
2.224383251814288e-06
1.195504296447325e-06
1.2587412356879213e-06
4.676276148529723e-06
1.5718836721134721e-06
2.50816214020233e-07
6.730038535351923e-07
4.402609192766249e-07
4.016806087747682e-06
2.080879767163424e-06
2.10529606192722e-06
3.9459573599742725e-06
2.887268465201487e-06
1.0424861329738633e-06
4.85337636746408e-07
1.0814685538207414e-06
3.1155195756582543e-07
8.755738463150919e-07
1.1386273399693891e-06
2.7747256581278634e-07
1.7426123122277204e-06
3.453667204666999e-06
2.361564526154325e-07
1.7238323835044866e-07
2.0502491793195077e-07
5.967376637272537e-07
4.933883701596642e-07
3.525456691022555e-07
8.517565674992511e-07
9.134099059338041e-07
3.7077620618219953e-07
2.2958839451803215e-07
7.404196367133409e-07
2.2325596091832267e-06
1.1549572320745938e-07
3.24685885289e-07
3.2160434670913673e-07
2.8794231639039936e-06
1.516206225460337e-06
5.081182052890654e-07
1.3245214631751878e-06
1.1697343325067777e-06
9.083869940695877e-07
4.770668624587415e-07
2.697122681638575e-06
2.5870963327179197e-06
1.7109117607105873e-06
1.7750222696122364e-06
6.10195741046482e-07
7.019205128244721e-08
1.909939442157338e-07
1.797173609929814e-07
3.734826350410003e-07
4.6000047859706683e-07
9.591685738996603e-07
1.5062150851008482e-06
1.0466382036611321e-06
5.465578851726605e-06
1.6288043980239308e-06
2.587504923212691e-06
3.0244268600654323e-06
1.138700099545531e-06
1.3060878245596541e-06
1.3359848480831715e-06
