2.0198828565298754e-07
2.0198828565298754e-07
3.86274230379513e-08
6.337914783216547e-06
6.337914783216547e-06
6.337914783216547e-06
5.078198228147812e-05
4.4657979742623866e-05
4.4657979742623866e-05
2.266964884256595e-06
0.00013417266018223017
2.266964884256595e-06
2.1335806650313316e-06
2.1335806650313316e-06
4.582250028306589e-07
8.806240657577291e-06
1.3447814239953004e-07
8.806240657577291e-06
5.37972653091856e-07
2.2746535250917077e-06
2.2746535250917077e-06
0.00010774886322906241
3.52664551428461e-06
3.52664551428461e-06
4.893308869213797e-07
1.9149083527736366e-05
4.893308869213797e-07
5.876744580746163e-06
5.876744580746163e-06
5.876744580746163e-06
2.5026272965078533e-07
2.5026272965078533e-07
2.5026272965078533e-07
5.040601172368042e-05
5.040601172368042e-05
5.040601172368042e-05
4.7472796723013744e-05
4.7472796723013744e-05
4.7472796723013744e-05
2.4430417511212e-07
1.3044407296547433e-06
1.7249342931791034e-07
4.743061253975611e-06
1.3856556790869945e-07
5.322967808751855e-07
1.1840917295558029e-06
7.03403486568277e-07
2.401309939159546e-05
5.718867601700595e-09
2.186864911379871e-09
5.68798064204401e-10
8.924554322220501e-07
4.2043088797072414e-06
4.2043088797072414e-06
1.4797717540204758e-07
1.3965128573545371e-06
1.4797717540204758e-07
8.861265996529255e-06
8.861265996529255e-06
8.861265996529255e-06
1.869430434453534e-06
1.869430434453534e-06
1.869430434453534e-06
8.546760909666773e-06
8.546760909666773e-06
8.546760909666773e-06
5.39759503226378e-06
5.39759503226378e-06
5.39759503226378e-06
1.5575205907225609e-06
1.5575205907225609e-06
1.5575205907225609e-06
7.364101293205749e-06
1.215475435856206e-07
2.0926599972881377e-05
3.484821945676231e-06
2.778460293484386e-05
2.894540102715837e-06
4.522368271864252e-06
4.522368271864252e-06
1.4724826542078517e-05
1.0346792578275199e-07
1.0346792578275199e-07
2.020558440563036e-06
3.836719599803473e-07
1.4925660252629314e-05
6.155332243906741e-07
4.594297479343368e-06
1.6615568654287927e-07
1.3215950502853957e-06
1.2626227317014127e-06
1.2626227317014127e-06
2.0095328636671184e-06
1.4393996025319211e-05
1.4393996025319211e-05
4.0054096928088256e-08
1.6554386093048379e-06
1.6554386093048379e-06
1.6554386093048379e-06
5.5940777201612946e-06
5.5940777201612946e-06
5.5940777201612946e-06
