3.8661324651911855e-05
0.00011243297922192141
8.42860754346475e-05
4.359968443168327e-05
1.715840699034743e-05
1.5631407222826965e-05
6.835383828729391e-05
0.00016877292364370078
1.8352813640376553e-05
3.3710308343870565e-05
2.4797760488581844e-05
2.581843909865711e-05
2.0830569269492116e-07
2.958972622479905e-08
4.690117930294946e-05
2.7572026738198474e-05
1.9446786609478295e-05
6.516027951875003e-06
2.397579009993933e-05
7.293222552107181e-06
2.2529626221512444e-05
8.079206963884644e-06
1.8146252841688693e-05
1.936741864483338e-05
2.5633509721956216e-05
1.6623968122075894e-06
2.9117740041328943e-07
9.382126222590159e-07
2.6978543701261515e-06
1.8807522792485543e-06
2.3812326617189683e-05
4.338179132901132e-05
1.904385680973064e-05
2.700970981095452e-05
3.690921585075557e-05
2.1344885681173764e-05
1.1938554052903783e-05
1.394222545059165e-05
2.473904169164598e-05
2.6210534997517243e-05
1.6355255866074003e-05
1.347938541584881e-05
2.5622437533456832e-05
2.7285825126455165e-05
5.067219535703771e-05
3.3455951779615134e-05
7.060050847940147e-05
3.3344444091198966e-05
4.0779836126603186e-05
0.00013297046825755388
1.802347287593875e-05
1.4322849892778322e-05
4.060913852299564e-06
4.822375103685772e-06
7.82654660724802e-06
2.5965204258682206e-05
1.6583100659772754e-05
3.111559271928854e-05
4.114132752874866e-05
3.284424019511789e-05
2.584445428510662e-05
1.4445724445977248e-05
1.4145839486445766e-05
2.3103109924704768e-05
8.089466064120643e-06
2.6744603474071482e-06
9.852689686340455e-08
8.037346788114519e-09
4.030977834190708e-06
3.116354037047131e-06
3.987257514381781e-05
2.187517748097889e-05
6.131438112788601e-06
1.1424399417592213e-05
2.1392133930930868e-05
2.663969644345343e-05
2.1915860997978598e-05
3.179808481945656e-05
3.221620499971323e-05
2.4938419301179238e-05
7.546684173576068e-06
2.4556249627494253e-05
1.827385858632624e-05
2.6914549380308017e-05
2.5051595002878457e-05
1.0420915714348666e-05
3.5112741898046806e-05
5.8706471463665366e-05
