1.6052575801950297e-07
2.1484547687578015e-06
2.6175527523264464e-07
5.5954042181838304e-05
7.728926902927924e-07
3.35198019456584e-05
2.9984740024247e-08
4.478801827190182e-07
3.005527560162591e-07
1.3698976545128971e-05
1.9963131592248828e-07
5.402354759098671e-07
3.0226834724089713e-07
1.4455228665610775e-05
5.598231567205403e-08
4.0973651493914076e-07
1.718533894745633e-06
7.599377568112686e-05
1.718533894745633e-06
7.599377568112686e-05
1.4320805348688737e-05
9.361125557916239e-05
1.1209121112187859e-05
1.3247884453448933e-05
7.63096679179398e-08
1.4375362411556125e-07
1.1230751795210381e-07
1.920133456678741e-07
1.5390374755952507e-05
9.796932863537222e-05
1.5390374755952507e-05
9.796932863537222e-05
6.762146540495451e-07
2.1029961772001116e-06
5.568188953475328e-06
5.582539597526193e-05
0.0005672142724506557
0.0002666693180799484
4.2009577327917214e-07
3.041743639187189e-07
3.7622530726366676e-06
2.2040234398446046e-05
9.746284490574908e-08
5.894443120268988e-07
8.296200917357055e-07
7.448228984685556e-07
1.692918158369139e-05
0.0007219681865535676
5.800283133794437e-07
2.8286847282288363e-06
2.5424040472898923e-07
1.1052112540710368e-06
2.5834800908342004e-05
8.454220369458199e-05
2.5834800908342004e-05
8.454220369458199e-05
2.2740885015082313e-06
2.0459392544580624e-06
1.7550402162669343e-06
2.5763299618120072e-06
4.915154363516194e-07
9.018258140258695e-08
3.417438563246833e-07
4.4035981972001537e-08
