8.627666829852387e-06
4.084690772288013e-07
3.1441482750693694e-10
2.0702227432334297e-10
4.060954905682479e-10
2.101007190447035e-08
1.6345207995982491e-06
2.7531188607099466e-05
1.0927908533631125e-06
3.276513638184042e-08
6.938073937590161e-08
1.5537043509539217e-05
6.717092854158224e-11
1.2159770967912209e-08
4.294941845728317e-06
1.2014227650070097e-05
6.674092528635711e-11
1.9568821563176186e-10
6.674092528635711e-11
1.9568821563176186e-10
1.93890326016799e-08
5.976770012239285e-08
1.5472938684979454e-05
5.493617663887562e-06
1.5748893744671477e-08
5.732310737194268e-10
8.656779471039044e-08
4.593401286001608e-07
3.077768084835952e-08
5.250321954974879e-09
3.077768084835952e-08
5.250321954974879e-09
9.043267709785141e-06
4.2093772208318114e-05
5.445563444617108e-10
2.6127515706519944e-09
8.098428594394136e-09
7.446062966209865e-08
3.6620068755155444e-08
8.426349751289308e-08
1.1227349432374467e-06
2.0581289845722495e-06
7.110276811772565e-08
2.7616908937488915e-07
2.8561944418470375e-05
1.671543031989131e-05
3.737488096788866e-09
7.65722063533758e-09
2.9752388854831224e-06
5.212088126427261e-06
7.234851864268421e-07
1.510005347427068e-07
6.112090886745136e-07
6.555500817739812e-07
6.112090886745136e-07
6.555500817739812e-07
2.8167429263703525e-05
6.837726687081158e-06
2.9856124683647067e-07
6.239732783797081e-07
1.9951348804170266e-06
2.3287020667339675e-07
5.711351036552514e-07
1.3896995554318892e-08
