2.178969005228737e-08
3.1715754467143142e-09
2.0098889219610783e-09
4.164645517334975e-09
8.783319849214877e-09
2.9234170639824697e-10
4.366825478996361e-08
1.3206200577542404e-08
6.47625109095884e-09
3.6516695445243386e-08
1.1695693302726795e-08
4.275868903391711e-08
1.232892032021482e-06
0.00032077269861474633
5.0260720030337325e-09
1.2741695698537114e-08
1.7878477365229628e-08
7.427898296441526e-09
1.8342164453954979e-09
1.0803357097799449e-09
2.2444529790277556e-08
4.9664556911466207e-08
2.518821595742793e-09
1.7172265387443986e-08
2.619419348093288e-09
5.547354575696772e-09
1.0688980722761698e-07
7.177106340350292e-07
7.584437611285466e-08
3.4774114965330227e-07
1.754289371547202e-07
3.1260007915534516e-08
1.4852608920534749e-08
3.5619882599036146e-09
5.8614384457200686e-09
1.661835824506852e-08
6.58132464081973e-08
8.314834332168175e-08
1.8752785990727716e-08
9.893708075026098e-09
6.824708975727845e-08
6.072526925748889e-09
3.602652043355192e-08
1.3614073424150774e-08
3.269104154046687e-10
1.577626806970045e-09
5.664861024712309e-09
3.4157991990468872e-09
3.0490117097770053e-09
8.933569439761868e-09
7.776475463572297e-09
4.472635151131499e-09
3.235610535057276e-08
4.000242483925831e-07
1.0505065706212235e-09
3.7206787650845285e-10
3.1428808000555364e-08
1.0947106687808628e-07
5.737587294163404e-09
7.935549106719009e-09
2.177167601757901e-08
7.040469540697813e-08
2.7848637174088253e-08
9.653906118956002e-09
8.892951086636458e-07
2.6930828767035564e-07
2.192835836467566e-06
6.5249582803517114e-06
3.372631596221254e-08
2.2927192588895196e-08
1.4411877913289572e-08
4.094758665473819e-08
6.799256713208024e-10
7.361767639935124e-09
2.516591379730926e-09
3.080331323346286e-09
1.9246876092893217e-08
6.78093403649882e-09
1.088556089712256e-08
2.750232042103562e-09
1.5463751878996845e-07
6.711455284857948e-07
6.773577254648444e-09
2.013493904939878e-08
2.964139298455848e-07
3.115929292363262e-09
1.1450017600722617e-09
1.8923890010569266e-08
