3.420340899396024e-09
3.420340899396024e-09
8.324831242134678e-07
3.2277283068538054e-09
3.2277283068538054e-09
3.2277283068538054e-09
0.0009974510176107287
1.8432308124261e-08
1.8432308124261e-08
6.268658125918591e-07
3.7192337458691327e-06
6.268658125918591e-07
5.885503195912634e-10
5.885503195912634e-10
1.780558456232484e-08
1.2632886736696491e-08
8.629936019133311e-07
1.2632886736696491e-08
5.219331342232181e-06
4.638518191768526e-08
4.638518191768526e-08
2.139028401870746e-05
3.22159650067988e-08
3.22159650067988e-08
1.3643549623409967e-09
1.9774684915319085e-05
1.3643549623409967e-09
9.143343859818742e-09
9.143343859818742e-09
9.143343859818742e-09
2.3995136544385787e-08
2.3995136544385787e-08
2.3995136544385787e-08
8.578868865294353e-11
8.578868865294353e-11
8.578868865294353e-11
1.463859717887317e-07
1.463859717887317e-07
1.463859717887317e-07
0.0005515981465578079
8.371363946935162e-05
7.891243876656517e-05
3.6302786611486226e-05
7.22517370377318e-07
5.892360377401928e-07
1.1162951523147058e-05
1.225089931722323e-06
2.1950621942323778e-07
7.096039189491421e-05
2.77516642199771e-06
4.379481310934352e-08
1.3951857908978127e-06
2.9127875111889523e-10
2.9127875111889523e-10
5.5374208690617266e-11
8.92621709880359e-09
5.5374208690617266e-11
1.1143615807895912e-08
1.1143615807895912e-08
1.1143615807895912e-08
3.4817138061526975e-09
3.4817138061526975e-09
3.4817138061526975e-09
7.891761910627793e-09
7.891761910627793e-09
7.891761910627793e-09
2.1437655561840074e-07
2.1437655561840074e-07
2.1437655561840074e-07
2.122909348312163e-10
2.122909348312163e-10
2.122909348312163e-10
0.07372517138719559
0.0006293812184594572
3.6086078125663335e-07
3.523879513522843e-06
2.854757497061655e-07
3.928770503369705e-11
1.0483294943242072e-07
1.0483294943242072e-07
1.4477865079243202e-05
7.887408781659389e-11
7.887408781659389e-11
3.7649620026058983e-06
1.0067514040201786e-06
1.234552087225893e-06
3.45696591352862e-08
9.10223025130108e-05
7.632127818624213e-08
5.463215302370372e-07
1.734202115244443e-08
1.734202115244443e-08
1.8935978118861385e-07
2.400323717566266e-09
2.400323717566266e-09
1.7173215383081697e-07
9.74454206215114e-09
9.74454206215114e-09
9.74454206215114e-09
2.103391905095009e-10
2.103391905095009e-10
2.103391905095009e-10
