7.20301250112243e-05
0.00011732396524166688
3.5601428471920826e-09
6.993557732926092e-09
1.4204639228410088e-05
6.090135866543278e-05
2.1401963579137373e-07
7.563049848613446e-07
8.078329187810596e-07
8.595106493203275e-08
1.4874211728965747e-07
2.1298928842838905e-08
1.6462790242144365e-08
4.207061010674806e-08
9.222938857078589e-09
4.2328314187045635e-09
0.000624409643933177
0.00042290877900086343
4.50775274885018e-07
1.873517732065011e-07
0.0006033886456862092
0.00036505679599940777
7.980331417911657e-08
1.9709943899215432e-08
0.0002847542054951191
0.00011523780995048583
6.9163988314358e-08
4.2695464941289174e-08
0.00012612978753168136
8.263941708719358e-05
1.9093965875072172e-07
2.458994288190297e-07
7.713937861808517e-07
4.015360900666565e-06
6.519614714761701e-08
3.522179525816682e-08
1.7972495697904378e-05
1.1129873200843576e-05
5.622948719974374e-06
2.1725079932366498e-05
7.711497218565455e-09
9.063009542842337e-08
4.0861998229502206e-08
3.074501819355646e-06
1.2117023118207726e-07
5.422949556077583e-08
1.1665892429846281e-07
9.26067070250447e-11
2.534064606152242e-06
4.116623131267261e-06
5.609351774182869e-07
1.4544029625085386e-07
6.943924381630495e-05
2.399581717327237e-05
4.920747187497909e-07
1.789879320313048e-07
1.4866331810026168e-07
3.2967975016617856e-07
4.62497666831041e-07
3.471313334557635e-07
4.739021974842217e-08
3.2110088454828656e-07
1.4853489105348672e-08
7.65651009260182e-08
2.619293809402734e-06
4.0454582972415665e-07
2.2133752963782172e-07
7.10301790718404e-08
2.376982365603908e-06
1.7499061186754261e-06
1.701643668639008e-06
4.1986254473158624e-07
