5.509561447070155e-07
3.2340699007704643e-09
5.105000422389594e-09
6.600255897382112e-10
9.334008410633032e-08
7.440036586814358e-09
5.8688137016815745e-08
2.7380638201179863e-08
2.395478837513565e-08
3.926402314391453e-08
2.4060266667902397e-08
2.899349169638299e-07
3.642924895075339e-08
3.2739095878753233e-09
1.7061243795524206e-07
4.098345485203936e-08
3.4618135913433434e-08
6.108802352855491e-09
3.4618135913433434e-08
6.108802352855491e-09
2.319756298163611e-08
1.9785850735587474e-09
2.157268227165332e-06
1.2749919733323622e-06
2.6765456517807706e-09
8.988912392204895e-11
2.920564012853788e-09
7.620301056832091e-10
2.8672964447196136e-08
5.455630613937501e-09
2.8672964447196136e-08
5.455630613937501e-09
1.4867648587824078e-06
6.954929290259315e-07
9.445239612659861e-08
1.5794638485999712e-08
1.0230272096123372e-07
1.4453402741310128e-07
5.233010469396504e-08
2.0285006030462682e-07
1.788562713045394e-06
7.521019824707764e-07
3.23323878781423e-09
2.5372839829174154e-08
4.0610919427308545e-07
9.362937589685316e-07
8.403473827911512e-08
2.3024587392228568e-07
3.014205276485882e-07
1.1552571521633581e-07
3.541249213867559e-07
7.70481811684931e-09
8.694796882480205e-09
1.122185788737795e-09
8.694796882480205e-09
1.122185788737795e-09
8.160890502040274e-06
1.3229034721007338e-06
7.6098913837086e-08
1.435042484843052e-08
8.978170171758393e-07
1.1048681699321605e-05
7.88710678989446e-08
1.3049378821961e-07
