8.018914741114713e-06
5.291427441989072e-06
1.158981248750024e-07
9.69582103493849e-08
8.432098184130155e-06
5.371269708120963e-06
2.8597792152140755e-06
3.3720746159815462e-06
0.0001330871309619397
7.868738612160087e-05
0.0001266142789972946
7.731921505182981e-05
9.826096174947452e-06
7.088033453328535e-05
3.073023790989282e-08
4.145910992292556e-08
5.1441038522170857e-05
6.46975968265906e-05
7.556638138339622e-06
6.589445092686219e-06
0.0001304626784985885
0.0001882827637018636
0.00011004861153196543
0.00014208654465619475
1.371591497445479e-05
4.907743004878284e-06
3.770280454773456e-05
0.0003456552803982049
1.7010874216794036e-05
5.922060154261999e-06
2.3703872642499846e-08
9.00993839536568e-08
3.6677161006082315e-06
3.6240360259398585e-06
7.737831037957221e-05
0.00012466921180021018
3.326485511934152e-06
3.1685763133282308e-06
3.648283745860681e-05
3.869536885758862e-05
0.00014866395213175565
0.00023699081793893129
9.499113957645022e-07
8.469445447190083e-07
5.297247844282538e-05
7.628175080753863e-05
5.3689750423302485e-09
3.489181921167983e-08
6.785551818211388e-07
3.4211154797958443e-07
3.0726358090760186e-05
0.0002358671772526577
3.4082884781128087e-07
2.7635567789729976e-07
0.0002686299558263272
0.000516475469339639
0.0004115249903406948
0.000649909139610827
1.3535741345549468e-06
1.2362032748569618e-06
0.0003348141326569021
0.0005688494420610368
9.34483239234396e-07
1.3494585573425866e-06
2.3533172566203575e-07
2.2096263307957997e-07
2.7968170002168335e-07
3.9073685798030056e-07
3.079367729696969e-07
3.0908756798453396e-07
5.970400707155932e-06
8.707712368050124e-06
