9.110064369544091e-10
9.110064369544091e-10
1.4211628922566888e-06
2.0753233798131987e-08
2.0753233798131987e-08
2.0753233798131987e-08
2.1973975890432484e-05
7.790099815219165e-11
7.790099815219165e-11
2.624727324374021e-09
3.4488792266529344e-07
2.624727324374021e-09
1.2530405879562778e-10
1.2530405879562778e-10
4.5454136454736727e-08
7.805373014591055e-11
5.118310753005062e-08
7.805373014591055e-11
1.4313614293826049e-08
1.746537463265252e-11
1.746537463265252e-11
3.204938548151404e-05
4.936138164879367e-09
4.936138164879367e-09
2.0136511902357768e-10
6.850832960481057e-06
2.0136511902357768e-10
8.391645156535787e-10
8.391645156535787e-10
8.391645156535787e-10
6.640061833707023e-09
6.640061833707023e-09
6.640061833707023e-09
3.7924248630361035e-08
3.7924248630361035e-08
3.7924248630361035e-08
2.625249129195595e-09
2.625249129195595e-09
2.625249129195595e-09
3.558770549716428e-05
5.7663546613184735e-06
1.7892334653879516e-06
7.032887765490159e-07
1.5344195247735115e-08
6.513854788892104e-09
6.09373273618985e-06
1.633217721064284e-06
2.7701701128535205e-06
4.632130981008231e-07
4.6117492047415e-07
3.0207460977038636e-09
7.233795145111799e-07
1.499216750744381e-07
1.499216750744381e-07
8.338892354409211e-10
1.0583034963929094e-06
8.338892354409211e-10
2.0100274866763357e-07
2.0100274866763357e-07
2.0100274866763357e-07
2.122659036388197e-12
2.122659036388197e-12
2.122659036388197e-12
1.8170054003063818e-11
1.8170054003063818e-11
1.8170054003063818e-11
2.538550036845777e-09
2.538550036845777e-09
2.538550036845777e-09
2.2916234881931175e-11
2.2916234881931175e-11
2.2916234881931175e-11
4.39144196207053e-06
6.445309850278136e-07
1.513497863925295e-06
2.5454056640228373e-07
6.46624982891808e-07
3.3697773460517055e-09
7.982053240596088e-09
7.982053240596088e-09
7.862869892960589e-07
6.244142030688293e-13
6.244142030688293e-13
2.069013760319649e-08
2.6989136259203406e-08
4.194835582893575e-06
3.7732297841763796e-10
3.2943044061539695e-05
2.053693322068284e-07
4.787048535348504e-09
1.8331171247609745e-08
1.8331171247609745e-08
1.2166040505690034e-05
4.416101972992692e-08
4.416101972992692e-08
5.6392810421357353e-08
2.410018851151108e-07
2.410018851151108e-07
2.410018851151108e-07
1.6785875800451322e-07
1.6785875800451322e-07
1.6785875800451322e-07
