1.8109760446805012e-07
4.22980633629777e-07
3.2472453312948346e-06
2.7543313763089827e-07
4.2907739583597504e-08
5.750791487457718e-08
2.782766443942819e-07
1.526206290236587e-07
3.1899597274787084e-07
6.240368861654133e-07
3.7636800698237494e-07
1.0688165019701046e-07
7.535567903005358e-08
6.969557944103144e-07
8.174752679224184e-07
1.347891185332628e-07
2.063543114161348e-08
6.484808778850493e-08
6.958534015666373e-08
1.7741160718287574e-07
5.1641880105535165e-08
1.203782034053802e-07
1.7995070322740503e-07
2.9613827834396034e-08
5.306670658455914e-08
3.103447809849058e-08
8.331287659757436e-09
6.672197372381561e-08
3.3576217361996896e-08
8.277887530994121e-08
1.2049388260493288e-06
2.7678549940901576e-06
9.081585261583314e-08
1.606664739028929e-07
3.008998703535326e-07
4.405725633205293e-07
2.535079374865745e-06
1.8120334743798594e-07
2.285379139266297e-07
5.105657763238014e-08
3.235219736552608e-08
4.734188152610841e-08
1.8515036614985547e-08
2.0181613535896759e-07
1.749193927480519e-07
1.428602729447448e-07
1.7743712987794424e-07
7.861960966693005e-07
2.731000847688847e-07
2.3339696042512514e-07
2.1044142428650048e-08
9.000585166063502e-09
1.504104858440769e-07
7.009638807176088e-07
1.877489452795089e-08
2.5548587245793897e-08
7.276909741449344e-08
1.9233415571306978e-07
3.694257486586139e-07
5.6726307207100035e-08
7.336311682593077e-07
6.389079203472647e-07
2.0257027699699393e-07
1.0420661311627555e-07
3.8528877865928735e-08
7.636381837983208e-08
2.541712774473126e-06
9.500972169007582e-07
7.56063656126571e-08
2.726661705310107e-07
1.9614869017914316e-07
1.604014755685057e-06
4.485215754357341e-08
2.2230640439602212e-08
2.0275580325801457e-08
1.092212613684751e-07
1.7136474070866825e-06
7.991383768057858e-07
4.6037921919150904e-08
2.3993131037514104e-08
1.8309820859485626e-07
1.0483405503691756e-06
1.3331052173271019e-07
1.130153464146133e-07
1.288452988745803e-08
2.4430991629742493e-07
1.2649492191485479e-06
2.710006015149702e-07
