3.855971044686157e-06
1.8491442688173265e-06
1.519547652151232e-07
3.653459401675718e-08
2.0830525500059593e-06
1.1279984590828462e-07
4.7817174220199377e-08
2.0211292905969458e-07
2.59306062844189e-07
1.2049706299421814e-07
3.9995575207285583e-07
3.035426345832093e-07
6.226657234265076e-08
5.44676552749479e-08
7.607910674778395e-07
1.25250005567068e-06
1.7475258573540486e-07
6.832350152308209e-08
5.150237711859518e-07
1.8577178479972645e-06
4.79247682960704e-06
2.0971070568975847e-07
3.9156498132797424e-07
2.512696823941951e-07
8.925616867827557e-08
2.6828377741594522e-08
5.501323130374658e-08
5.890280263542991e-08
1.7497629301033157e-07
1.1691695362969767e-06
1.4623467770036314e-08
1.46544900658796e-08
1.0086553174915025e-06
1.151086280515301e-06
8.679419494228569e-08
6.786808626202401e-08
1.0181391189689748e-05
2.122839305229718e-06
4.2172877101620543e-07
1.6146645975823049e-07
5.916527712201969e-08
6.013382147784796e-08
3.2397892368862813e-07
3.150126417494903e-07
9.656825028514504e-08
4.6574157863688015e-09
8.586921040887319e-08
2.5309034867859737e-08
1.215415750266402e-07
1.002046801090728e-08
6.120061613046346e-08
1.5415741927427007e-07
4.3243755243338455e-09
3.9672116258770984e-07
1.3743106208607969e-08
1.6450922402100332e-08
1.381510461584412e-08
8.806427445051668e-07
3.0527093031196273e-07
2.0844852599566366e-07
3.211116350598786e-08
2.1076470346770293e-08
8.552594010780012e-08
2.592448424820759e-07
1.068619184252384e-07
3.543255644444798e-08
1.4346721854963107e-07
9.340043760630579e-08
3.783382567235094e-07
1.2020886686059384e-07
1.6018017134911133e-08
1.6584637023697724e-06
1.0329576838330468e-07
1.9910592286009887e-08
2.8376289264997467e-06
7.678962106183462e-07
2.576440749635367e-07
2.0737995498620876e-07
7.500482752220705e-06
2.6699190129875205e-05
4.433222329680575e-06
4.137761607125867e-06
1.4419866602111142e-05
1.8177870231284032e-07
9.995596883527469e-08
3.3852023761937744e-07
3.4798510739619815e-08
1.292842455313803e-07
5.264319611342216e-07
1.0075189038616372e-06
3.609524810599396e-06
1.821547698455106e-06
1.1808239719357516e-07
2.0697932257007778e-07
1.0395939398222254e-07
2.1376408767537214e-06
9.22852359508397e-06
3.8614322761532094e-07
2.120635400615356e-08
9.191680874209851e-07
3.3903683060998446e-07
5.177914772502845e-07
8.7837122464407e-07
4.43744795575185e-07
1.9237328160670586e-05
9.524292181595229e-06
3.914172702934593e-05
1.876970418379642e-05
9.951643420436085e-08
5.781833465334785e-07
5.584626023846795e-07
2.0131732014760928e-07
8.457816136342444e-08
7.95414489829227e-09
1.3491761308159766e-07
8.459411446892773e-07
7.588828907501011e-07
1.3376675269682892e-06
5.094588573228975e-07
9.062352546607144e-06
3.828195531241363e-06
1.7323785868939012e-05
4.696484552368929e-07
4.696484552368929e-07
1.3255468900297274e-07
6.42552109297867e-08
1.4945912880648393e-06
5.419784088189772e-07
2.041672451014165e-05
2.9193873984922902e-08
2.5498818558844505e-06
1.2548809991130838e-07
7.018301175776287e-07
7.018301175776287e-07
4.2783220521869225e-08
2.6437787514765887e-09
4.4630425577452115e-08
3.670933494959172e-07
1.2173512686786125e-07
2.6228570959574427e-07
1.3058426020506886e-06
1.132720967689238e-06
3.065875944230356e-07
1.6512640286237001e-06
3.837467374978587e-07
1.8689367209390184e-07
1.796908009055187e-06
4.050884399475763e-06
4.899801453461805e-08
8.58082046306663e-07
6.401658083632356e-07
6.439248068090819e-07
2.011208607655135e-06
1.1112174433947075e-05
1.4929018732345867e-07
3.661753567030246e-07
1.5224667549773585e-05
4.34729571452408e-07
5.66512972000055e-05
5.8867437473963946e-05
8.756848757229818e-08
7.751478392492572e-08
1.402434463670943e-06
4.495820178362919e-07
5.1641880105535165e-08
1.203782034053802e-07
1.1131344734849336e-07
5.919516752328491e-06
2.477281668689102e-06
3.618182518039248e-07
1.8382145583473175e-07
3.9678301533285776e-08
2.0428696245744504e-07
2.3129850887926295e-06
2.2198220150926318e-08
5.996506615701946e-07
2.3078467847881257e-07
1.177296667265182e-06
3.1741811312713253e-07
2.1622575729907112e-08
7.162755366607598e-08
3.4253121157235e-06
1.0848677334251988e-07
4.2794837895598903e-07
2.8523683681669354e-07
7.023460568689188e-08
7.553259706583049e-07
3.255429987802927e-07
9.59831503166697e-09
9.405446377286353e-08
4.6511797791026765e-07
1.0374108114774572e-06
1.2537567783965642e-07
8.758897251937015e-08
1.5536703301677335e-07
8.767776904505808e-08
1.1393839258744265e-06
1.114763819032305e-07
9.241730367648415e-06
1.533460505243056e-07
2.043287139485983e-08
7.287759729024401e-08
1.4337692846311256e-06
1.420492452552935e-07
2.4377681029363885e-07
2.032840917820522e-08
3.8308971284095605e-07
7.715549088516127e-08
2.9497796276700683e-06
2.1000064407417085e-06
1.0038028364078855e-07
6.500359006622602e-08
3.6307126194401462e-09
1.8717715377647437e-08
3.965248573933877e-09
1.532587390329354e-08
1.914554104587296e-06
1.8244262989242088e-08
2.071651721280432e-07
1.1470782368405708e-07
4.7226743049577635e-07
3.274602988767583e-07
5.715851614240819e-08
1.3192725418775808e-05
7.649773436924079e-08
2.578919691131887e-07
3.288094418962828e-08
1.038024066701837e-08
6.374366989803093e-08
8.015607022571203e-08
4.2346144368821115e-07
1.097554545026469e-07
9.251632491213968e-07
1.7943359864602826e-07
3.6127662639273694e-08
2.17468922869557e-08
2.1792308757540013e-07
3.675696120808425e-07
5.604784902857318e-08
2.991229166582343e-06
2.1558659568654548e-07
4.252611063293443e-08
2.0194757865965585e-08
1.6295885529871157e-08
7.838875148991065e-08
1.3598700832062605e-07
6.706427768676804e-08
2.2756636042231548e-07
2.0852778561675223e-06
4.779873847837735e-07
3.17746966516097e-08
9.581231807942459e-08
6.639150029741359e-08
3.584535690492885e-08
2.5644407486424825e-08
3.5094281258807314e-08
1.626529638087959e-06
3.300607204437256e-06
9.081585261583314e-08
1.606664739028929e-07
4.141525380418898e-07
4.93775587528944e-07
2.647560677360161e-06
3.619265953602735e-08
2.5153062210847565e-07
1.808433154337763e-07
7.173770910640087e-08
2.0263124156372214e-07
4.047294765996412e-08
2.766347051874618e-06
9.618886451789876e-07
1.3843245483258215e-07
1.3852125846369745e-07
3.3921031672434765e-07
2.240412477760856e-08
6.795743047405267e-06
2.276315669291762e-08
4.364100618658995e-07
9.843504500395284e-08
6.375842076522531e-07
6.418363085458623e-08
2.269219123718358e-08
7.357763109894222e-08
9.887588703350048e-08
2.7663247692544246e-07
2.852435798672559e-08
1.7358674085699022e-05
1.055541716254993e-07
1.8664536582946312e-06
1.1914636388610234e-07
9.798602604860207e-07
1.8119264495908283e-05
6.6337655368897686e-09
4.627554801572842e-07
1.0013224027716205e-06
4.717717327906712e-09
1.781507279474681e-07
2.389019426729533e-09
6.659844075329602e-06
4.762039225170156e-06
