8.032154141801584e-08
4.642365158957773e-09
2.3557372230698093e-07
2.482351746380118e-08
1.549312855786411e-07
6.281083431147749e-10
1.2402462346017273e-07
2.426248757458893e-09
6.707444981657318e-07
1.4491705058183868e-10
5.880389721824031e-07
9.586521088067457e-08
5.728969085794233e-07
3.1208053918874157e-09
3.7839214428458945e-08
4.412600063119498e-09
2.1207554823376995e-07
3.4539353599427614e-09
3.014258709299611e-07
9.570491954491445e-09
2.882567002870928e-07
2.1354811252649597e-09
2.0579069825998886e-07
3.491714417602765e-10
8.938428663896048e-07
1.4147591542723603e-08
2.0110188359012682e-07
7.443493643677357e-08
1.5808264208772016e-07
6.944695374322407e-10
5.511544287628567e-08
9.932074718221884e-09
8.108182214527915e-07
1.525648052336237e-08
1.3570291912401444e-07
1.9076419732755312e-07
6.023913670105685e-07
7.693195414049114e-08
6.212536618477316e-07
1.5608689452051294e-08
1.2168706930992812e-08
1.8214303398877973e-09
1.0750014780569472e-06
7.079688657540828e-07
1.2396091619848448e-07
5.324863536770863e-07
1.0630142099898876e-07
4.698737043895562e-08
4.104816397898503e-08
1.6378937317540476e-08
5.289836622068833e-07
1.664628879183283e-09
3.302660189774542e-08
1.0071945553136175e-06
8.074495383425528e-08
2.4955781885438455e-09
5.391349944261492e-08
4.397789510335315e-08
9.60998249865952e-08
8.628545344890881e-08
8.513893590134103e-08
1.0211884671207372e-09
1.9721609234579773e-08
7.030025983567612e-08
4.008557752399611e-08
2.3191272902067794e-08
2.4875312476524414e-08
5.943438452504779e-08
5.1111122445490764e-08
9.000507361633936e-08
5.8744351605355405e-08
3.590729102942447e-10
2.0789939298992977e-06
5.637892854792881e-07
1.2204171184748702e-07
1.1035011482363188e-07
9.550198001306853e-07
1.0166404962319575e-07
1.1566135071916506e-06
5.620107756953985e-08
3.863474660192878e-07
6.822498335168348e-07
2.2798700172188546e-07
1.6110083267406594e-09
4.658312491301331e-08
6.601456270516337e-09
1.9172409793100087e-07
4.910058848395238e-08
1.6035662042668264e-07
2.150529709865623e-08
1.1164610924652152e-07
1.1198574156878749e-07
2.1449740472689882e-07
9.768803010956617e-08
1.5029387157028395e-07
1.7289739084880296e-10
7.408863211821881e-08
9.509201426283198e-09
1.3599269266251213e-07
3.863404174353491e-08
2.6104905259671796e-07
7.902103504875413e-08
1.5029823430268152e-07
1.4344260534926434e-07
9.784378818267214e-08
1.3659336772775532e-08
1.565746572396165e-07
7.268167223628552e-08
9.088403629675668e-08
4.758148874905999e-10
5.6940923087722695e-08
1.5318343571379955e-07
5.6684513083382626e-08
7.593654594018062e-09
2.4011836785575724e-07
3.865726228013955e-08
9.053222527199978e-08
2.7840862060202198e-08
6.388815876334775e-08
1.7138571117847334e-10
1.2382777470065776e-07
8.098065329420479e-09
1.8951392632970965e-07
2.3512299662797886e-08
1.0915782411302644e-07
3.477530086115621e-08
7.874134411167688e-08
1.1380260289683974e-08
1.4192077912866807e-07
4.561000110925306e-08
4.508182271933947e-08
4.4565565127108187e-10
5.173127703983482e-08
4.95297626912361e-07
8.86617073092566e-08
2.0628063168715016e-07
1.0407323003391866e-07
1.5711118805938895e-07
1.1950749012612505e-07
2.684394644347776e-07
6.39216324316294e-08
3.3416299629607238e-06
8.760611081015668e-08
4.211287887301296e-06
1.2382254510612256e-07
9.82090639922717e-08
6.173541322596066e-08
1.990026703424519e-07
1.6194650243051e-07
1.3462351944326656e-07
5.796110968958601e-08
8.50659418460964e-08
9.962733571455828e-08
2.0069357731244963e-08
7.160521420246369e-08
1.2445306118991084e-08
6.30147809488335e-08
2.565742818205763e-07
1.1090497764598695e-07
6.931647700270105e-09
6.518132522614906e-08
4.6350979943099446e-08
4.2054754345599576e-08
2.2015126432961551e-07
1.035442593888547e-07
3.757640243406968e-08
8.012518293298854e-08
1.4040162568562664e-05
7.66341798907888e-08
1.0169117103941971e-06
6.40065991319716e-08
1.4927584501833735e-08
1.3035109702741465e-07
2.1152006013380742e-07
1.467320345227563e-07
4.80891682030915e-09
3.302626225831773e-07
7.219137643232898e-08
1.8140153201784415e-07
3.3748099667718634e-05
2.0205260398142855e-07
1.238511799783737e-07
3.3252086950597004e-07
2.2326229753844018e-08
2.553682065808971e-07
7.562644555036968e-08
3.0187547395144065e-07
2.942707055808569e-07
2.7638398591989244e-07
1.424789815018812e-07
6.781518635534667e-08
1.0441951747708345e-09
2.2860319859319134e-07
2.478342153722224e-08
1.0137642902918742e-07
3.39058559006844e-08
3.70105968094947e-09
9.310505788562295e-07
7.314978489603163e-08
6.104752259261659e-08
3.8132714053062955e-07
3.7822008636112514e-08
6.435455190967332e-08
1.3711689916817704e-07
1.692617814796904e-07
4.250856022736116e-08
3.243080115566954e-08
1.1566663599138494e-10
7.583800964994225e-08
1.8010794633482874e-07
1.8533741652504432e-08
2.254170823334789e-07
6.662637019871909e-08
2.3702809812675696e-06
3.6248965784579923e-07
3.5964842215463477e-10
2.026923295872507e-09
3.109875876816659e-07
6.628205539982446e-09
1.2824386885768035e-07
5.521116364093359e-08
5.8111853107334355e-09
1.7832120136063168e-07
3.043437502014967e-08
3.134784378744371e-07
1.060942622643779e-06
7.350440967002214e-08
1.4576657214604438e-08
1.0620105683756265e-07
1.7355342052383094e-08
6.463914701271278e-07
1.8885830677106696e-09
6.923879709574976e-07
1.985182649377748e-07
1.8531220291606587e-07
2.429459744490714e-09
2.8163110954437798e-08
1.8195122075681525e-09
3.501352807688818e-07
9.347544072113578e-09
3.3940074217753136e-07
4.92042531163861e-08
5.353984420253255e-07
5.875748243511225e-08
6.074846936598988e-08
5.666128899406431e-09
3.6797715097236505e-07
7.455439821058008e-09
5.239575102677918e-07
8.087735814399366e-09
6.043765665708634e-07
2.5722852114995476e-07
9.9175373691196e-08
7.648832678341932e-09
3.240729427034239e-07
1.1469071248271234e-09
6.615500751649961e-07
2.1699747776438016e-07
4.2311555148444313e-07
1.8339133545097752e-09
9.124026405515906e-07
2.0380641618800155e-09
1.6249300642812159e-06
3.359211575570953e-07
5.12621966208826e-07
6.120474154158728e-07
6.262217766561662e-07
1.909874480787721e-09
1.04460696093156e-06
2.92012316549517e-07
5.957978714832279e-07
8.11682028256655e-08
4.3220063616900006e-07
2.6612591241814698e-08
6.529512006636651e-07
3.767296252732422e-09
6.355499522214814e-07
1.9235910997394967e-07
2.649371992902161e-07
7.20883042149012e-09
1.6101463984341535e-07
1.8927087452880187e-08
8.419665959991107e-07
8.423617359198943e-10
4.925319444737397e-05
1.8548506064419712e-09
2.8539121558424085e-05
4.5602814680023585e-07
3.3354375773342326e-05
2.514838399747532e-07
2.121279430866707e-05
2.410388866280755e-08
2.4076742192846723e-05
1.8523196310127332e-09
3.342704803799279e-05
1.1505212427209699e-07
2.0873207176919095e-05
5.134935809891772e-10
2.511100501578767e-05
2.3284127959044554e-09
0.00017495788051746786
9.465345129910929e-08
2.0672408936661668e-05
6.545153041770391e-08
1.2596879059856292e-05
1.747011140196264e-07
8.52157154440647e-06
6.84347583046474e-07
3.0011899070814252e-05
3.2490709145349683e-07
2.9314314815565012e-05
2.719276608331711e-07
2.4416469386778772e-05
5.0758185210497686e-08
1.0657177881512325e-05
1.8665945233919956e-08
2.0348741600173526e-05
1.1033381497327355e-07
6.004160695738392e-06
1.2307807537581539e-06
6.083374046284007e-06
3.046416736651736e-07
1.4927416486898437e-05
2.8804585383568337e-09
0.0001283369492739439
1.285345829771245e-09
2.191445219068555e-06
3.0994860011901437e-09
4.742327655549161e-05
8.058794742638042e-10
5.530575435841456e-05
2.8171891131023585e-07
5.5957656286409474e-08
1.0193193702434655e-06
4.95100648549851e-05
2.3494031164972284e-09
3.224553802283481e-05
1.641393465590113e-09
1.917534609674476e-05
9.881770210995455e-07
2.114879316650331e-05
2.400193377383175e-09
7.809446287865285e-06
4.357545151378872e-07
1.8680026187212206e-05
1.0876508440560428e-06
1.5844945266962895e-07
2.0215839668935587e-08
4.7265993430301023e-07
1.537415528218844e-07
8.121290306917217e-07
1.443764290343097e-07
6.583342724297836e-07
7.272427069437981e-07
1.7170430055557517e-06
1.4230180340746301e-06
4.582532255881233e-07
1.5024944843844423e-07
5.013239388063084e-07
5.756181664651194e-08
3.594621773572726e-07
1.7069177715711703e-07
1.1343281585141085e-06
1.4611254428587017e-09
7.390073619717441e-07
4.456604187907942e-07
3.3428625556553015e-06
4.3043431219302875e-07
1.148744217971398e-06
5.634770445794857e-07
8.36496610645554e-07
3.0445775678344944e-07
1.4283732241437974e-07
3.953609706286443e-08
7.537946089541947e-07
2.1917722392572614e-07
1.7179623910124064e-06
4.724338698025576e-10
1.9484826907500974e-07
5.48950467305076e-08
4.5751090738122e-07
9.263627731570523e-08
3.592306541122525e-07
6.972270227834088e-08
7.466763349839312e-07
2.76920161468297e-07
2.331286850676406e-06
7.934904147077759e-07
4.855571660300484e-07
1.4799641689933196e-07
4.375073388018791e-07
1.3610273299491382e-06
1.1454960713308537e-06
7.18078894124119e-08
9.017963407131901e-07
1.2311582509028085e-07
9.88624833553331e-07
1.3786024766204719e-08
5.299604026731686e-07
1.7219512926658354e-08
5.889833118999377e-07
6.491131898656022e-08
9.066681627700746e-07
1.5971576061701853e-08
1.1320489647914656e-05
2.1262174243474874e-08
8.105300253191672e-07
3.0246237514575114e-08
5.0522089622973e-07
1.5873493453000265e-07
4.202114780582633e-07
9.855489224719349e-08
3.5504783113537997e-07
6.520331226056442e-07
4.530799060376012e-07
5.151418736026869e-10
1.2442777688193019e-06
3.5452735573926475e-06
6.486752681666985e-07
8.525465333697468e-10
2.0272270262466918e-07
3.4309664442844223e-07
1.7533250229462283e-06
2.1292057894584104e-08
1.0503007388251717e-06
9.963284419711727e-09
2.556502636252844e-07
8.896006420400226e-08
1.6693519455657224e-07
3.2876428246453315e-09
1.3914284124894039e-07
3.471437537427846e-07
3.951805638280348e-07
1.190022302921534e-07
4.979187337994517e-07
2.6081600879024336e-08
4.1872658584907185e-07
8.402260220918834e-09
4.799657062903862e-07
2.0591791383139935e-08
4.1998109168162046e-07
2.392583631216638e-10
1.0902212466135097e-07
5.046799600449958e-08
1.1695847490500455e-07
6.052741809980944e-07
5.033887759964273e-07
3.1047382442750404e-09
4.633022854250157e-07
7.467556883966608e-08
1.6803502944640059e-07
4.771594035446469e-07
6.843001187917253e-07
3.8389239009894993e-10
2.484834169536043e-07
1.447420050482151e-08
1.1045710834878264e-06
3.4054343789335917e-09
3.745967092072533e-07
1.3788026365091355e-07
3.706721543039748e-07
1.4622091271121462e-07
4.2695106117207615e-07
9.28437344782651e-08
5.259742010821356e-07
3.3091256401718283e-09
5.125516011617037e-08
2.03256021791276e-07
9.611687801225344e-07
1.7784928729724925e-07
2.569557011611323e-08
4.838014433516946e-08
1.4222894151316723e-06
1.4082937127568584e-07
5.711025892196631e-07
1.643982194821092e-08
7.336038834182546e-07
2.544334343212995e-08
2.915542722803366e-07
1.7952347164396087e-08
1.4817054250215733e-07
1.3006271615267906e-07
3.0142030027491273e-07
2.9681794799785166e-08
7.606601570842031e-08
2.971587207412085e-07
4.082296527485596e-07
2.7416893644272022e-08
4.47725323482473e-09
3.9772936588633456e-07
3.47061103411761e-07
6.639541538788762e-08
7.747038210936807e-08
2.6312036993658694e-08
1.1570213587219769e-07
1.5629011613782495e-06
1.0515211101846944e-07
1.067047117331299e-09
3.6769876032849425e-07
2.0560318603202177e-07
6.99239649293304e-07
3.367717127389369e-08
1.4874837006573216e-07
1.6002795177882945e-07
6.524207947222749e-07
2.612607241658793e-09
3.503959931094869e-07
2.786248121111612e-09
5.1354788865864975e-08
7.66853602840456e-08
8.074807489322211e-09
1.1231853136450809e-07
4.898132601738325e-07
4.2002515243666494e-08
4.223711584927514e-07
1.7310945565895963e-08
2.944042698516114e-08
8.456287226010772e-09
1.0219866197758165e-07
2.0830897895507405e-08
3.811326791947067e-07
1.4237319589938124e-07
3.798115812969627e-07
1.0305375042207743e-07
1.2756277101289015e-06
3.032678463910088e-08
2.404592294169561e-07
3.4350149391570994e-09
1.2135164979554247e-06
9.522325150612687e-10
2.1225332602625713e-07
7.007203262077155e-09
2.0256990751477133e-07
6.667715268804386e-08
5.097370490148023e-07
5.4371831481603294e-08
1.1159108908032067e-06
3.6484013321569364e-07
3.2250829917757073e-07
2.0977886094897258e-09
3.000338608671882e-07
4.6401910092086496e-10
5.525002961803693e-07
1.0634225589001289e-07
5.8562822147223415e-08
9.202677508923784e-11
7.644891411473509e-06
1.877918833770309e-07
5.313482915880741e-07
2.6506365102818563e-08
3.6837670336353767e-07
7.972577265036307e-08
2.4063174919319863e-07
1.0830846264298088e-07
2.969663341900741e-07
2.1722033061166712e-09
1.763467452065015e-07
2.379920616135678e-08
1.6148229065038322e-07
1.1664585963799823e-10
4.0924396671471186e-07
1.2390593440159137e-07
8.828403963434539e-08
1.371182456466613e-08
1.2022391615573724e-07
3.6734633113155724e-08
2.0081836282770382e-07
8.036184340198815e-08
4.4435350332605594e-07
1.33728477180739e-07
5.601356178885908e-07
1.914619573994969e-10
6.333769420052704e-07
1.7170874855310103e-07
2.426998833016114e-07
7.287542302947259e-08
1.5193357683074282e-07
2.1880817158148602e-08
4.6195413005989394e-07
3.105304680062204e-09
2.7264732693765836e-07
2.4813564536430022e-08
1.8247195043841202e-07
1.8883280716863737e-08
5.27073382272647e-07
1.937555715869621e-08
4.5737621690022934e-08
2.398360621214124e-09
2.65886512806901e-07
4.440889611601051e-08
1.7821115250171715e-07
3.797428860252694e-08
2.489837136465667e-08
2.2857773451789853e-09
2.8523976425276487e-07
2.964502421320958e-08
1.7349492509310949e-07
1.7957944464797038e-08
3.0916194759811333e-07
1.1528659626947046e-07
1.1163450608364656e-07
4.680895671071994e-08
3.0596251576753275e-07
1.985839936935463e-09
1.6332496954873932e-07
4.6272984377537796e-07
3.6223698884896294e-07
1.3562504364017514e-07
9.619083130019135e-08
3.531104075804592e-09
4.0789522870454675e-08
3.88787624316933e-09
4.6926419372539385e-07
1.6103427924463176e-07
1.7950604558336636e-07
3.963208783375194e-08
8.428484932210267e-08
4.1034186892829894e-07
4.683732868215884e-07
3.732328224259618e-09
5.964841420791345e-07
3.1089368803804973e-06
4.727064606413478e-07
1.2827033657458742e-08
2.6536434916124563e-07
2.3427805473374974e-08
8.069745405236972e-08
2.7209734909661165e-08
1.888304410613273e-07
2.2467013138793845e-07
2.711972797442286e-07
7.702325888203632e-08
1.723911850604054e-06
5.1767546693781696e-08
1.5302463296507085e-08
1.4243725643403593e-10
1.0565869956735696e-07
1.0015570595101053e-08
1.5539262676611543e-07
1.0569126018822317e-08
5.711351036552514e-07
2.1366038105430363e-10
8.516537377545319e-07
7.364192811110115e-08
1.6611741315841755e-08
3.970095363570181e-09
2.4048034674706287e-07
1.3854398739354679e-09
9.811392231995342e-08
1.62367541634012e-08
1.2218227141147509e-07
1.0516724158193824e-09
7.627855325154087e-08
5.6513469459673615e-09
7.170757498897729e-08
3.0625967040176505e-11
1.5784333129431616e-07
3.57317091470577e-08
5.254301527202188e-07
1.4025444139420529e-09
2.2719220282851893e-07
2.294196388419323e-09
7.815344247319445e-07
1.0598062871736147e-08
2.8562936904563685e-07
2.150763300790004e-08
2.85696273749636e-07
7.344319641333641e-08
7.6227001954976e-07
1.3269882970234903e-07
2.6284328669134993e-06
3.2405785077571636e-07
1.4898748759151204e-06
3.116651328127773e-07
8.316669095620455e-07
1.0679480766384586e-07
1.6077565305749886e-06
3.240746195842803e-07
6.28873166874655e-08
7.269454158631561e-07
1.1140450624225195e-06
1.673532423751567e-08
7.206213012977969e-07
3.398414438748887e-09
2.1711048248107545e-07
6.416011189003257e-08
1.9841588709823554e-06
5.568250927012741e-08
2.3126303005938098e-07
4.99561387812264e-08
1.3314968327904353e-06
2.5254744073777147e-08
7.073926099110395e-06
6.351082788569329e-07
1.164154923571914e-07
2.6658307206162135e-07
1.541338008337334e-07
2.688477440671022e-09
6.934699285920942e-07
3.27383009590676e-09
4.454501834061375e-07
7.254820388880034e-08
7.288246592906944e-07
1.5676047837587248e-07
1.0704862916099955e-06
6.792475915062823e-08
1.5096650258783484e-06
1.9021278774289385e-07
5.581264872489555e-07
4.518370246842096e-07
1.6498153172506136e-06
1.6947222292174047e-08
7.643026947334874e-06
7.155893655408363e-08
3.4529645631664607e-07
3.49068898231053e-08
1.1190596751475823e-06
3.033538291674631e-07
8.818499708240779e-08
1.1333105565114465e-09
1.3701761503170928e-08
1.0056130861357815e-07
1.5739584569018916e-06
2.0702783842807548e-07
5.308000936565804e-07
1.4636351863828168e-07
2.0225361367920414e-06
2.6535318387033158e-09
3.429087155382149e-05
3.357391875624671e-08
0.00013065016537439078
2.2294444068649e-09
9.347216405330983e-07
2.5374757850471497e-09
2.7757288989960216e-05
7.196940146059205e-07
1.9407454601605423e-05
1.3213616512075532e-07
0.0003204959211871028
6.467435298418422e-08
6.353660864988342e-06
2.1797292859560002e-09
5.4575225476583e-06
7.781155275665697e-09
4.430299304658547e-05
4.52204403700307e-06
0.00018738395010586828
8.680504492986074e-07
0.00011585042375372723
8.046622212987131e-08
9.340317888018035e-07
9.528355349175399e-08
4.055784302181564e-05
7.067737328725343e-08
3.0828981834929436e-05
3.793964697962338e-09
0.00019568369316402823
6.737091098329984e-07
1.4555506822944153e-05
2.403227483682713e-07
5.7926423323806375e-05
5.233014022110183e-09
1.5053314200486057e-05
5.403741343279478e-10
5.854400114913005e-06
5.747278652989962e-09
4.343556156527484e-06
3.0094415848225253e-10
7.854503928683698e-05
1.241887844116718e-06
9.882097401714418e-06
4.619592800736427e-06
5.429573866422288e-05
1.0682642548331955e-09
0.000187837693374604
7.671916080198571e-08
1.71376668731682e-05
6.691019960314293e-10
2.6732073820312507e-05
8.281383401254061e-08
4.365359927760437e-05
1.02616365893482e-06
2.088134533551056e-05
5.226459052209975e-07
0.00011315363371977583
2.377956320742669e-07
0.0007842578925192356
8.680849816755654e-08
4.70711529487744e-06
1.9377202065129495e-08
6.9511161200352944e-06
1.0823150660144165e-06
2.0947732991771773e-05
2.4235086470980605e-07
7.30927831682493e-06
1.2247990122116192e-10
1.6187734217965044e-05
3.697229900012644e-08
4.034273388242582e-06
8.491858327630553e-10
3.011963053722866e-05
5.268084279919094e-08
1.4674294106953312e-05
1.0848513909422763e-07
3.926525459974073e-05
2.305480917286218e-09
5.272834187053377e-06
1.7533021718918462e-06
1.8754340999294072e-05
7.577126126534495e-08
1.553826041345019e-05
1.6678434189287827e-09
8.824546966934577e-05
1.287555306817012e-07
3.724812631844543e-05
5.653726589116559e-07
0.00016657983360346407
1.469925763331048e-07
1.4825585594735458e-06
8.34447348552203e-07
7.935519761304022e-07
3.2173278441405273e-07
8.105300253191672e-07
7.307318128368934e-08
1.4382504787135986e-06
4.564182276567408e-08
5.068077371106483e-07
1.084439702481177e-07
5.733097623306094e-07
4.461417013601476e-09
6.254363142943475e-07
5.753581167056154e-09
6.807373438277864e-07
2.3448776254042514e-09
4.161910851507855e-07
1.2851769781718758e-07
6.838450303803256e-07
9.981177129247953e-08
7.306280735974724e-07
5.6491497701927074e-08
1.2289779078855645e-06
2.695277316888678e-07
1.4232814748993405e-07
6.628486648452281e-09
9.001598755276063e-08
5.587423301811612e-10
1.027500275085913e-06
1.0619889678764594e-07
2.826582488069107e-07
9.788794841369963e-07
7.129639811864763e-07
1.424983224751486e-07
1.6865477618921432e-06
1.070553778959038e-08
3.298234787507681e-07
8.794540207190948e-09
7.49548121348198e-07
1.6823195281290282e-08
2.561408564361045e-06
3.811960311850271e-07
1.7245602066395804e-06
3.493640265972431e-09
3.5869879866368137e-07
6.214398950987743e-08
1.4383623465619166e-06
3.0537077577719174e-07
8.592991775913106e-07
9.421603053283434e-09
8.36496610645554e-07
1.0712100539933544e-08
4.2827932134059665e-07
1.1265537125382252e-07
2.8908557396789547e-06
2.1287938523073535e-08
3.2359250212721236e-07
1.4963241312671016e-07
7.397980425594142e-06
2.1659089100012352e-07
3.365984468928218e-07
2.0012642210076592e-07
1.003037226610104e-07
1.5430826394435826e-08
8.075923574324406e-07
3.4510478919003162e-09
8.790816536929924e-07
1.43437134170199e-07
8.766512848978891e-08
1.005227678874121e-09
8.498196280015691e-07
1.4249466051552417e-09
1.4825585594735458e-06
8.34447348552203e-07
4.7265993430301023e-07
1.537415528218844e-07
5.068077371106483e-07
1.2428166051847711e-08
1.4382504787135986e-06
2.203756466201412e-08
3.339763225085335e-06
1.2525700299192977e-07
3.9260663697859854e-07
5.406591867540556e-07
6.255556286305364e-07
1.4155228882373194e-06
6.438322657231765e-07
7.837367377305782e-08
6.807373438277864e-07
2.3448776254042514e-09
1.2157704532000935e-07
1.3726741521224994e-08
6.838450303803256e-07
2.641825647131668e-09
7.306280735974724e-07
5.6491497701927074e-08
2.694094973776373e-06
6.151445859359228e-07
2.372021157270865e-07
4.131817021857387e-08
1.2023168665109552e-06
1.7687902982288506e-06
5.733097623306094e-07
6.388822981762132e-08
1.4232814748993405e-07
1.185822284810456e-08
8.429996114500682e-07
2.578911306727605e-09
2.700650384213077e-06
7.136547992558917e-07
2.33191985898884e-06
2.8835582810415872e-08
3.594621773572726e-07
1.7069177715711703e-07
3.2359250212721236e-07
2.87289867628715e-06
2.561408564361045e-06
7.921508426989021e-08
2.6292666461813496e-06
9.256894806242144e-09
3.993313839600887e-06
6.675578756443201e-09
1.550790784676792e-06
1.1998580795591351e-08
7.929658636385284e-07
1.0009060247284651e-08
3.0045960102143e-06
1.4475301668426255e-06
5.077061473457434e-07
3.2064761956718257e-09
4.4948370714337216e-07
1.912335392262321e-07
1.1488967174955178e-05
6.729216295298102e-08
7.4993317866756115e-06
2.6862244340009056e-07
1.508744276179641e-07
1.7775242611151043e-08
9.001598755276063e-08
3.640621693001833e-10
8.248179028669256e-07
3.6413188020389953e-09
2.2681250300138345e-07
8.818944507993365e-08
6.623180865972245e-07
9.11622066723794e-07
8.382626788261405e-07
6.466976287811121e-07
3.882830242218915e-06
1.2536414129016293e-09
1.874755298558739e-06
8.814374155008409e-07
7.697464070588467e-07
4.361643490824463e-09
2.0464142380660633e-07
3.8673125812849207e-10
2.730256767335959e-07
5.0758185210497686e-08
7.904975518613355e-07
2.145222595117957e-07
1.3014828255109023e-06
5.3044334435981e-07
1.000916313387279e-06
5.017133730689238e-07
5.059010845798184e-07
2.407080955890706e-06
3.0620142297266284e-06
7.457795270227052e-09
3.3176797842315864e-07
1.654349879309791e-09
5.135316882842744e-07
9.853636129264487e-07
1.0099540759256342e-06
5.0064823881257325e-05
8.549238373234402e-06
1.274626848513094e-09
3.826066290457675e-07
1.3462135939334985e-05
1.0426304470456671e-05
6.389047069177423e-10
4.86070985061815e-06
4.191777946971342e-08
4.91001856062212e-07
1.2249460334956552e-09
2.7303856313665165e-06
6.392314730874205e-07
1.7657846456131665e-06
5.523468189494452e-07
3.54757872855771e-07
8.033373433136148e-08
4.652163624996319e-06
3.3117362363555003e-07
1.0204695399806951e-06
2.1550830453520575e-08
6.62773231852043e-07
2.0306846693074476e-07
3.5239213502791245e-07
1.0687302154366307e-09
2.526777507227962e-07
6.778395089668265e-08
2.2123239773463865e-07
5.942048630913632e-08
9.052349128069181e-07
1.0985178738875945e-10
3.142659181776253e-07
3.0205813406070092e-09
7.858331514398742e-07
2.4872744575077377e-07
5.901765689486638e-07
2.567060120028941e-09
6.542962296407495e-07
4.046677588576131e-07
3.7268236496856844e-07
3.56034064452615e-07
2.234983185189776e-06
9.3844943194199e-07
1.5517231588546565e-07
3.773000400997262e-08
2.283095454913564e-07
8.305273802022839e-09
7.881571377765795e-07
1.05033057806736e-08
4.98740689636179e-07
1.322832900996218e-07
1.6506764950463548e-06
2.1734492747782497e-06
4.721080131275812e-07
5.265961178224643e-08
3.4547238669802027e-07
2.1416279594177468e-07
8.071849038060463e-07
2.859777836761168e-08
1.1469700211819145e-06
2.8940657870180075e-08
1.8750594108496443e-06
1.1450448589300777e-08
5.900558903704223e-07
3.8808545355095703e-07
6.870322408758511e-07
1.689615345412676e-07
3.5991072877550323e-07
1.1162552482346655e-07
1.8691027889872203e-06
6.803692826906627e-07
6.596185357921058e-07
1.857183917763905e-07
2.56602288573049e-06
1.2824386885768035e-07
8.174896720447578e-06
1.2786979368684115e-06
4.2241248365826323e-07
8.457353715130012e-07
4.816426553588826e-06
4.755682425638952e-08
5.055356723460136e-06
3.032417055237602e-07
6.118493274698267e-06
1.291630127298049e-07
2.1323221517377533e-05
2.022531407419592e-05
4.469176928978413e-06
1.3829872358428474e-08
2.912316858783015e-07
8.096632342358134e-08
9.17011050205474e-07
2.450963449973642e-07
2.029701818173635e-06
4.165738573647104e-06
1.768381565625532e-07
7.657637979718857e-06
3.0824039640720002e-06
8.575316567949187e-10
7.024505976005457e-06
3.437503153236321e-07
1.3649534594151191e-05
7.206021024330767e-08
9.532586773275398e-06
4.7334395958387177e-07
5.114007421980205e-07
2.1437628561216115e-07
1.8540606106398627e-05
4.4711032387567684e-07
1.618069632058905e-06
5.53511597445322e-07
2.6029972559626913e-06
1.2171875596322934e-07
3.751304600285721e-09
4.378349785838509e-06
9.376364005220239e-07
2.769815807823761e-07
4.913274551654467e-06
5.9295275605109055e-06
1.8290121488462319e-06
1.2250996405782644e-05
3.8854548733979755e-07
8.834735609752897e-08
4.493710150654806e-07
9.465274786180089e-08
5.220825187279843e-06
8.292512575280853e-06
5.425483323051594e-06
2.795296083490939e-08
4.4417157596399193e-07
5.000630132201422e-09
5.590350156126078e-06
1.3797253814118449e-05
8.682353609401616e-07
3.219327879833145e-07
5.279786705614242e-07
2.1242462366899417e-07
5.276931460684864e-07
3.3317175684999256e-09
4.8373890422226395e-06
9.389850674779154e-07
8.982108852251258e-07
3.3489499173811055e-08
1.3057303931418573e-06
3.353831971253385e-06
8.886427735887992e-07
3.939265127428371e-07
1.521361241429986e-06
6.269912145029366e-09
1.1739826959455968e-06
4.7713220041600835e-09
1.9048969761570334e-06
2.6934083052765345e-07
1.6790036738711933e-07
2.4915442153883305e-08
4.69847293516068e-07
7.437228077833424e-08
4.0590614958091464e-07
6.151909537344125e-10
8.402103617299872e-07
1.404671934324142e-09
4.327125679992605e-07
4.367481487577152e-09
3.9360324421977566e-07
6.22883411516284e-10
9.347055538455606e-07
1.1505748176432462e-07
1.257614258065587e-06
3.938002368641946e-09
3.982178213846055e-07
5.1567187853152063e-08
1.9060975091633736e-06
1.8075350993740358e-08
5.923672006247216e-07
1.2297963536411771e-08
3.353075612722023e-07
1.4107610191160802e-08
2.597754189537227e-07
4.2242742637199626e-08
1.1132997315144166e-06
2.681413491245621e-07
4.243499915901339e-06
9.313093869423028e-07
1.9520646219461923e-06
3.1914413511913153e-07
1.015637371892808e-05
1.9770085568637796e-09
1.0145983651455026e-05
3.675789894685977e-09
9.388177204527892e-06
1.4322245611708695e-09
1.1537838872754946e-05
4.187922058918048e-06
3.0504027108690934e-06
1.9212990309824818e-07
1.1283196727163158e-05
3.7061265167892543e-09
2.4706157546461327e-06
6.58699361721915e-09
5.606473678199109e-06
3.249282940487319e-07
9.955642781278584e-06
6.585654244162242e-09
4.8098008846864104e-06
4.050887582707219e-06
2.1163996279938146e-06
9.35405205382267e-06
6.957243385841139e-06
1.330921719500111e-07
1.183889435196761e-05
9.814881423153565e-07
3.337574980832869e-06
1.1310876146808369e-07
3.0715580123796826e-06
2.2244765751633366e-10
3.7216375403659185e-06
1.2921675285326728e-08
2.5621970962674823e-06
1.6239577460552823e-09
1.0053962796519045e-05
2.0950540147168795e-06
1.2534006600617431e-05
1.5036774603238712e-10
1.1214115147595294e-06
1.4361918942995544e-07
1.0148149158339947e-05
3.6401874581315496e-07
1.3324058272701222e-05
1.115783909710899e-09
8.004972755770723e-07
5.569463112919948e-08
1.3568188478529919e-05
5.181647679819434e-07
8.739359600440366e-07
4.3258243209720604e-08
2.6540501494309865e-06
2.795296083490939e-08
8.058105436248297e-07
1.5771021821819886e-07
2.3992593014554586e-06
6.803692826906627e-07
4.406137122714426e-06
2.0973931924572753e-08
1.0536970876273699e-05
2.0902480457607453e-07
8.762334857692622e-09
9.77082024178344e-08
1.4419133549381513e-06
2.1237254088646296e-07
1.230320236800253e-07
5.057619389958745e-08
7.89460500527639e-06
1.7032131438554643e-07
1.7442056332583888e-07
2.5957418436917123e-09
2.72444449365139e-05
2.071231719469324e-08
4.082482405465271e-07
3.887589343776199e-07
4.686896772909677e-06
7.63453300578476e-09
9.3022044893587e-06
6.21939136635774e-07
2.2020813617018575e-07
1.397967395178057e-07
5.47831905350904e-06
9.821441437907197e-08
7.855614398977195e-07
4.373650330791179e-09
1.307148613705067e-05
1.9164571085639182e-07
8.450378118141089e-06
3.36351731675677e-05
5.254300958767999e-06
9.120335562329274e-07
1.1047311090806033e-05
2.5724534680193756e-07
1.8196553355664946e-05
4.613388682628283e-06
2.294176010764204e-05
4.1093761726784805e-10
3.121572080999613e-05
7.60527374410458e-09
4.27425447924179e-06
7.061949958142577e-08
5.047227773502527e-07
8.506188351020683e-06
1.4831857697572559e-05
2.111937931204011e-07
1.1695766488628578e-06
7.047074745969439e-07
2.3795425931893988e-06
1.6938258795562433e-07
4.550946414383361e-06
8.137792519846698e-07
2.824214789143298e-06
1.1296075186351118e-09
1.6672577203280525e-06
5.24711509797271e-08
3.572767582227243e-06
1.0815773165973042e-08
1.1789771633630153e-05
3.2179843856283696e-07
1.2437419172783848e-05
1.814396313193356e-07
6.484471668954939e-06
2.929493803094374e-07
1.9173110558767803e-05
5.336990405169217e-09
1.0959354767692275e-05
2.167174528722171e-08
2.080342164845206e-05
1.587058164886912e-07
9.22829258342972e-06
8.348121838253064e-08
7.422992780448112e-07
1.4300661632660194e-06
2.309203495087786e-07
5.568983283410489e-07
8.232151230913587e-06
1.047977420398638e-07
4.865509254159406e-06
3.2327682220056886e-07
1.4680925914944964e-06
7.266131433425471e-06
1.1614888535405044e-06
1.948914585270245e-09
1.705858352352152e-07
1.5398503592223278e-06
8.30380213301396e-06
2.6269498576425576e-08
1.2377865459711757e-05
2.589569305655459e-07
2.2995669723968604e-07
1.1367186658617356e-07
4.774458830070216e-06
2.7864706453328836e-07
2.3859778593759984e-05
6.10545924928374e-08
7.733853635727428e-06
9.726901506468266e-10
1.246249485120643e-05
8.238078663680426e-09
1.0972735253744759e-05
7.856157253627316e-07
4.7451267164433375e-06
6.325319645839045e-06
5.364659045881126e-07
2.0978733061838284e-07
8.353432349395007e-06
1.0038122866262711e-07
1.0152854201805894e-06
4.909105655315216e-07
0.00010071893484564498
1.0177728881899384e-08
7.555285606031248e-07
1.2146853523020695e-09
6.955813296372071e-05
8.04936917120358e-08
8.249641723523382e-06
3.4370623325230554e-07
1.2935108770761872e-06
1.222713374993134e-09
1.1010693867774535e-07
8.918020100168178e-09
1.3430850458462373e-06
1.709524077853075e-08
9.67147479968844e-06
9.395834865699726e-08
9.165668416244444e-06
6.067644164886588e-08
1.8247092157253064e-05
7.866010491852649e-07
2.345240943668614e-07
4.4573729951480345e-07
3.015427409991389e-07
2.831706069628126e-08
6.300966560957022e-06
5.648963963267306e-08
1.021184834826272e-05
4.0564046344115923e-07
1.6666434703438426e-06
1.1118880038907264e-08
6.7441487772157416e-06
6.139303536656371e-07
3.798072430072352e-05
3.0098291858848825e-08
9.005573247122811e-07
9.645130916169364e-08
6.4268493815689e-07
8.151592965077725e-07
9.188759122480405e-07
5.058821983539019e-08
6.88207583152689e-05
1.9108513527044124e-07
5.80472442379687e-05
1.5995954072423046e-07
2.7931693580285355e-07
1.7928243778442265e-07
1.0703909225640018e-07
1.7540427998952168e-09
2.1721612597502826e-07
1.372487616890794e-07
3.141458932987007e-07
2.3473879195989866e-07
3.0814115348221094e-07
3.5052575952931875e-08
1.800940765406267e-07
5.690326077001373e-08
1.9151727315147582e-07
1.5212654247420687e-08
2.3468082588351535e-07
2.486789583144855e-07
2.602094468784344e-07
8.79990764701688e-08
1.5814111975487322e-07
2.438176238683809e-07
3.0317383448164037e-07
8.918641825061968e-09
1.1934422445847304e-06
3.9698508658148057e-07
1.5391397312214394e-07
3.577894958084471e-08
7.728565378783969e-07
1.7335754876057763e-07
6.386183031281689e-07
6.089923232366345e-08
5.49597643839661e-07
9.068124029454339e-08
3.227339391287387e-07
6.950737940769613e-08
3.898005900282442e-07
2.3517317870869192e-08
3.4243697655256256e-08
2.420310352135857e-07
4.847933041673969e-07
3.5305444612276915e-07
5.424475943982543e-07
3.592141979424923e-07
1.8010075564234285e-07
5.6629570366339976e-08
1.4951496041248902e-07
7.656616958229279e-07
4.237067940948691e-08
1.431561429399153e-07
1.9104039949979779e-07
2.1496746285265544e-06
1.0226690960735141e-07
1.7391859064019854e-09
4.152262533807516e-07
2.534451315483466e-09
7.72678347971123e-08
1.5937374753249856e-09
3.8558439996450034e-07
2.9868785986764124e-06
2.560965128850512e-07
4.105241924179381e-09
1.0367055836013606e-07
1.1025511525986076e-07
3.857281569707993e-07
1.2699567786267352e-10
2.1402949812454608e-07
4.8216993064897906e-08
2.461800363562361e-07
2.0723415161683079e-07
5.840459493811068e-07
1.2374937341519399e-06
8.102342690108344e-07
2.1642236447405594e-07
1.7654970463354402e-07
4.922226182202394e-08
3.442510774220864e-07
1.610033848464809e-07
3.49464841065128e-07
7.391324885475115e-08
3.184515833254409e-07
1.0376651538024362e-08
4.5944887006044155e-07
4.651890961326899e-08
4.352966413989634e-07
6.954087305999224e-10
5.42134898751101e-07
2.1674095407320237e-08
1.1258120480306388e-07
1.3908545426488672e-08
2.2301776425592834e-07
5.445086515010189e-08
3.358958622357022e-07
3.4727484887753235e-08
1.8408250923585e-07
3.8192059292896374e-08
1.9107554294350848e-07
4.859595748030188e-08
4.730277680664585e-07
1.4037830453617062e-07
2.8936594276274263e-07
1.1777078867680757e-07
1.171140198152898e-07
4.192616920306591e-09
2.072793137131157e-07
1.1620462458949987e-07
5.426047096079856e-07
3.3312710456812056e-07
2.622303156840644e-07
9.385052379684566e-08
2.6421491838846123e-07
2.450648928231658e-08
2.702279857658141e-07
2.189637093863439e-08
1.629005481618151e-07
7.255731020450185e-07
1.1837026647754101e-07
4.048885671181779e-07
1.2824244777220883e-07
2.920593544786243e-07
2.8226727977198607e-07
4.8934203356054695e-09
3.0354857472048025e-07
1.591999421179935e-07
1.3693696132577315e-07
1.27392027593487e-07
2.0627167884867958e-07
2.7928745982563896e-09
1.1422711310160594e-07
6.568965460473919e-08
1.2661566017868608e-07
2.7851712047777255e-08
2.096989675237637e-07
2.2857460635350435e-07
2.1781578141144564e-07
4.640848771941819e-08
1.9457188216165378e-07
1.0875520928266269e-08
3.3846734481812746e-07
1.4439062390181334e-08
3.9458871015085606e-07
8.062233547434516e-09
2.1686790319108695e-07
1.8637640764040952e-08
1.358294525743986e-07
5.289038984557237e-09
1.8974859017362178e-07
2.2809901523146436e-08
4.123288306345785e-07
1.1316050319010174e-08
2.4398062237196427e-07
3.190668849128997e-07
5.110740630698274e-07
1.231700963444382e-07
