3.4214036759294686e-07
1.0382696018496063e-06
4.935341735290422e-07
3.5598496594957396e-08
7.742098517837803e-09
1.1328047389014273e-09
1.7555166209604067e-08
8.368564152760882e-08
1.96976612798494e-09
6.464823343321768e-08
5.629417376695756e-09
3.108168059280417e-29
6.352373702611658e-07
3.376356971784844e-10
2.69406381647741e-08
3.155331074352922e-29
3.986961516488918e-08
3.15411252671538e-10
7.109269404281804e-07
1.537905616254248e-29
6.623629360547056e-07
4.377672624400475e-08
6.502756377813057e-08
6.653354489571939e-08
3.337717213725e-09
2.932015661372134e-07
3.08548067096126e-08
2.8128787626024434e-29
1.0779114489878339e-07
4.672795039795119e-09
1.4967766048812337e-07
4.977829259900091e-09
1.6427719629064086e-06
2.266977681447804e-29
0.00017495812790002674
2.7489481801369275e-28
0.00013167840370442718
1.3389855808363478e-28
5.114578016218729e-05
3.3714276363504614e-29
2.4320859665749595e-05
1.2661359960475238e-07
2.68729891104158e-05
6.195505761752429e-07
3.847167317871936e-05
1.0104023573376253e-07
4.757433089253027e-06
8.926612338200357e-08
0.0001779167796485126
2.9812420537080065e-28
6.021726949256845e-05
3.7433071042869415e-07
3.4781180602294626e-08
1.4031742980997223e-28
4.23633427999448e-05
1.1743459538138268e-07
9.419410343980417e-05
1.1335416984730788e-28
3.742218905244954e-05
6.895211377629644e-29
3.023416184078087e-06
2.0321486715602077e-09
3.7652550872735446e-06
3.492125449298091e-27
3.4379889257252216e-05
2.75969705398893e-06
9.6412395578227e-06
5.492848842436615e-08
7.337050192290917e-05
5.116135071148165e-07
3.87358340958599e-06
3.933275495685531e-27
5.8518275181995705e-05
5.314014828456081e-28
3.756955629796721e-05
7.201999138114027e-28
0.0001282809826079756
1.2998487584364547e-28
2.0681569367297925e-05
5.728771679258671e-09
1.0148110050067771e-05
3.758415272505572e-29
3.5503337130649015e-05
3.292482801953156e-07
4.784221528097987e-05
5.1190792049737865e-08
8.408937191006771e-08
9.035800729861876e-08
1.1221320050935901e-07
1.3220713117483545e-29
2.2858078807530546e-07
1.1916344355711317e-08
1.558588849093212e-07
2.1085717616387e-09
3.9856605127397415e-08
4.590549329552829e-10
4.960168809020615e-08
1.1607282459386706e-28
8.700289981788956e-07
1.0988975063241924e-08
6.783954376032852e-08
4.577749204271651e-29
5.200389452397758e-08
3.2402624784145225e-29
5.060749685981136e-08
6.861533563551347e-08
3.2790087090006637e-08
3.149948213376774e-08
2.2226562634841684e-07
3.2368063784815604e-08
2.141659081189573e-07
2.495869466656586e-08
1.1270201838442517e-07
1.741949708659812e-28
1.2661639914313128e-07
8.131319617632471e-09
7.804493407093105e-08
1.142994283010753e-28
4.5012324534354775e-08
1.5345849035952597e-08
5.2155993301994386e-08
3.5364193463471316e-29
7.279115266101144e-08
3.445240406101871e-29
1.5176793510818243e-07
2.968666633950819e-29
8.027456743775474e-08
1.442485597635823e-08
4.5191896447249746e-08
1.0115673632071776e-08
3.433656914353378e-08
2.6297955812992768e-08
3.700731809885838e-08
4.769501710845582e-29
1.609385833489796e-07
1.3760822525910044e-07
1.6736392183247517e-07
4.051873130177055e-29
9.655863664193021e-08
2.80244343286995e-08
1.0068632860793514e-07
3.706903868730505e-29
1.0874210829570075e-06
7.321375960600562e-06
8.063982903649958e-08
1.674369067652507e-28
1.2802978233139584e-07
4.322753070369243e-29
5.5184411706932224e-08
1.7141806551990157e-07
7.843678417884803e-08
6.870413224036335e-29
1.0092436752984213e-07
8.080461767326468e-29
1.632755015634757e-07
7.1751826702382004e-09
1.973245105091337e-07
3.360709399657935e-07
5.182126727731884e-08
1.1382715416752508e-28
9.320130800460902e-08
1.9100736427844742e-28
2.1030655261711217e-07
1.1753312486301222e-28
1.1469370519989752e-07
1.0768368419178387e-08
2.2379053277177263e-08
7.871530868428264e-29
5.147315960130072e-07
9.412606445000352e-29
2.1996718260197667e-06
2.3382483504974516e-06
7.757440130262694e-07
1.0400205496807757e-07
2.3867346499173436e-06
2.4252542153961928e-29
1.6651775922582601e-06
8.375668159033012e-08
1.324821141679422e-06
2.1101990569150075e-05
2.623740726903634e-07
7.975334881393792e-08
4.159234322287375e-06
1.1374622133075718e-08
7.702971061007702e-07
1.3941584029453225e-06
2.717663107887347e-07
1.8454655048572022e-07
4.901341981167207e-07
6.772300480406557e-07
1.4099508689469076e-06
3.965459516308556e-09
1.421505885446095e-06
1.0475203685262321e-29
3.854335318465019e-06
3.1595319693877855e-09
4.879715902461612e-07
2.393820750512532e-07
1.2869240890722722e-05
1.2673922356043477e-08
8.18017633719137e-06
4.801594023176703e-29
3.926556928490754e-06
3.3964779877493356e-09
1.6606682038400322e-06
3.6299111478996687e-28
9.011757811094867e-07
2.4396380532785042e-28
1.526675873719796e-06
2.380580710337199e-08
2.7625750931292714e-07
3.021849082879196e-29
1.4588431440643035e-06
6.502533324237447e-06
3.090300879193819e-06
4.233301265088585e-09
5.341025826055557e-07
6.7143537307856604e-06
7.178937266871799e-08
3.671639549780978e-28
6.011593995935982e-06
1.7221367443198687e-08
2.6286199290715018e-28
4.6322536235509173e-29
2.4409763338486103e-28
2.803728591516119e-07
1.6489528109176716e-28
4.095003729428499e-29
2.0569605881536214e-28
9.095572073292146e-10
2.889956103980211e-28
1.6791106283164936e-09
1.7767730498373852e-28
2.4923920705077762e-08
1.816432882587801e-28
4.3705347674283246e-10
4.231755829577173e-28
1.5967416278073188e-10
1.3083908114446711e-27
5.947878634060544e-08
2.313880124217365e-28
5.219128462741196e-10
7.976426642849315e-29
5.573129735481075e-10
1.2964155475693414e-28
6.758413917395956e-08
1.8691959000854767e-28
9.54308188028108e-10
1.1767708812635517e-28
1.7756714987271494e-09
6.957548915104598e-29
3.052186836605131e-10
1.8079401333861608e-28
3.316305452472079e-08
7.009858255729749e-28
4.0334913187223265e-09
4.854097657031322e-30
1.712178038237866e-10
3.6371808112160014e-28
3.464074183057164e-08
1.085129212275028e-27
1.3415095700963775e-08
2.5418061331193194e-27
8.929823991365993e-09
8.664512661877157e-29
5.734833052883914e-08
4.568156568515833e-28
4.470457337646394e-10
1.4114352134843068e-28
2.444150304370396e-08
4.44206978691669e-28
7.283124362937722e-29
1.709169418041369e-27
1.6105036593216937e-06
1.017420159888681e-28
7.478884733735924e-10
2.1003356601373816e-28
7.56333814204945e-29
1.773355005668584e-28
2.3656933272332485e-29
1.5967134056236261e-28
4.08261217579569e-29
3.43700422688001e-28
2.283148253789946e-10
6.146415398688987e-05
1.1133549833175493e-06
7.139687659218907e-05
8.794505447440315e-06
9.507249342277646e-05
1.2415467664187213e-28
8.003981929505244e-05
1.4768442481086937e-28
3.821531208814122e-05
3.1017165724733786e-07
0.0003331939806230366
1.7369504760066688e-28
6.815590313635767e-05
1.3126527018186057e-28
0.00011848742724396288
4.471254300142391e-08
0.0008072934579104185
2.539196353599929e-28
6.046995258657262e-05
1.9922951821627066e-07
0.00043748863390646875
3.3984477454396256e-09
0.0003232516464777291
2.172986796722398e-06
0.00030150962993502617
2.7429755391494837e-06
8.989206253318116e-05
1.8845845618236168e-28
9.185095404973254e-05
1.5027169502403488e-28
3.4306136512896046e-05
2.1935287009000604e-07
0.00026742773479782045
1.65082987038972e-28
0.0001277162809856236
4.648894446290797e-06
0.00010177061631111428
1.9295910168408945e-28
1.7969523469218984e-05
3.220555910843359e-08
0.00036546780029311776
1.4009253845870262e-07
5.412788596004248e-05
2.525345976778226e-08
0.00026203342713415623
1.5892286400066297e-28
0.00011936070222873241
1.0987871064571664e-05
4.244887168169953e-05
3.0333609402077855e-08
3.2027870474848896e-05
3.4333716822636526e-28
0.00010981896048178896
1.4433902431215798e-28
0.0001824567443691194
8.35453192848945e-07
0.00010507671686355025
4.785045604194238e-08
0.0003554865252226591
4.178433755441802e-06
9.282701648771763e-05
9.427418262930587e-06
7.522506166424137e-06
8.720632454897278e-29
1.1688635822793003e-05
3.5209694715376827e-07
5.999610948492773e-06
5.587461010113854e-29
3.860272954625543e-06
8.516150454170609e-29
4.601538872162081e-10
1.814320197624119e-29
5.3512794693233445e-06
2.918849884014918e-10
8.384549801121466e-06
4.0897308943526316e-29
6.967573540350713e-08
3.894464769336409e-29
3.841925718006678e-06
4.724328661609434e-08
9.539327948004939e-06
2.4403183829235786e-07
2.3044769932312192e-06
3.5969198730612106e-09
1.8650544575393724e-07
6.948271951303727e-29
1.2000257356703514e-06
3.210374754016617e-29
2.090890347972163e-06
2.3605597476716866e-09
4.6718096200493164e-06
4.74696983512902e-29
5.6459989536961075e-06
5.0568306486642456e-11
5.469944497349388e-09
2.1958364293528376e-10
1.5067306549099158e-06
1.1064709475453934e-28
1.0955102425214136e-06
1.1243922237724746e-08
1.4239133427906836e-08
7.628185406983184e-29
3.74661840396584e-06
4.6989943183612265e-29
5.927743629285942e-08
6.30309625328994e-29
1.830671749303292e-06
5.217401621848694e-08
1.4313267904242366e-08
1.252690822184377e-07
6.389449026755756e-06
4.16985981154197e-29
1.3196427062212024e-07
2.281512464089507e-28
2.6129105208383407e-06
3.457784830424016e-29
4.734159574582009e-06
4.981538515025363e-10
1.6021797222265377e-08
6.660711449057999e-08
8.032571940930211e-07
1.3831589207313755e-09
2.061930786112498e-07
2.595826629203657e-07
1.9008424487765296e-06
2.717774338911738e-10
8.715639523870777e-06
5.809307676701605e-29
2.89880297543732e-08
1.8464305640009115e-08
3.1949642931294875e-08
1.3005120536035975e-07
4.484878445509821e-06
1.3291725053932169e-07
2.325191871932475e-06
2.2595432469518784e-10
1.2263997177797137e-06
5.0489461500546895e-08
3.0638641419500345e-06
6.128805010000864e-29
4.889940555585781e-06
6.14174266999612e-10
7.061505584715633e-06
1.2266205828836974e-07
4.0437480492983013e-05
2.1325147869788452e-08
1.0556588676990941e-05
4.324814116336291e-29
8.054664067458361e-05
1.904557734633272e-06
6.718068561895052e-06
4.8975014266261496e-08
3.103805283899419e-05
1.1857645176860387e-07
2.5113054107350763e-06
3.206612859685265e-07
3.307638326077722e-05
7.145790625884274e-10
1.885333222162444e-05
3.753392206469367e-29
8.64297089719912e-06
5.413052405468792e-29
1.0614461643854156e-05
1.867084975515354e-08
2.9146307497285306e-05
1.440402352947956e-09
5.27169186170795e-06
5.259006456981297e-07
1.6013462300179526e-05
6.318271461580593e-10
0.00011475833161966875
5.789929868882382e-09
1.360307760478463e-05
2.2618513284555775e-08
3.347769961692393e-05
6.389787898797294e-08
0.00014384093810804188
1.8863977402361343e-07
6.441674941015663e-06
6.775102562207257e-29
1.3229832802608144e-05
1.4041425799860008e-08
6.47766000838601e-06
8.112025717821325e-09
2.4141492758644745e-05
2.772455599555632e-29
2.8121949071646668e-05
9.230299156115507e-07
3.826586907962337e-05
8.002916160876339e-07
2.621876831199188e-07
4.760623255606333e-07
1.6132316886796616e-05
5.115307430969551e-07
1.6575759218540043e-05
2.3483453627959035e-29
4.711453584604897e-06
2.3449599390655353e-29
5.160647106094984e-06
6.336289004593709e-08
5.344514875105233e-07
5.772883526628381e-29
5.0804781494662166e-05
2.0537642697604497e-08
2.089059535137494e-06
4.2763694550711067e-29
2.037137164734304e-05
7.040071402102945e-29
1.1516990525706206e-06
1.815943129201969e-08
1.105003320844844e-05
1.2421605788404122e-06
8.426512181358703e-07
4.780850417773763e-07
2.6294779331692553e-07
1.7590386355196368e-29
3.0238967156037688e-05
3.717286737616629e-29
1.6451022020191886e-05
3.3453135309373395e-29
9.793544450076297e-06
1.529483384388186e-08
1.600397445145063e-05
6.296715406642942e-29
3.580924158086418e-06
3.52221832134626e-29
8.419548976235092e-06
1.2042597997304122e-28
4.441742930794135e-06
3.148527184748673e-06
3.269692024332471e-05
5.83884968818893e-07
1.1805623216787353e-05
3.1066134109636323e-09
1.8921080481959507e-05
1.4972959389293848e-28
1.5769111996633e-05
3.93186105895893e-08
2.4703627786948346e-05
2.0422661940677776e-29
8.055088255787268e-05
7.777386912266593e-08
4.123775943298824e-05
1.7263737106532062e-08
1.2325661373324692e-05
4.838160521103418e-07
3.429630305618048e-05
7.434579174514511e-09
5.4689091484760866e-05
2.3680993854942404e-29
4.392903429106809e-05
1.9868751088836234e-09
0.00013995626068208367
2.123596853920162e-09
4.769835868501104e-06
3.9146738117779023e-07
5.2202212827978656e-06
4.729452940388512e-10
4.7429324467884726e-08
4.962830169781818e-28
3.013759123859927e-05
1.0437072717195406e-07
2.8094671506551094e-05
8.053149258557823e-08
1.640378832235001e-05
2.8692868081492406e-09
9.830035560298711e-05
2.575124215600608e-29
6.620017529712641e-07
3.0040543929727195e-29
2.776384690150735e-06
1.7076819125438902e-10
1.7673666661721654e-05
2.337050235061903e-29
4.84970087200054e-06
8.787562344458877e-11
1.8324245729672839e-06
1.0838387826117568e-10
7.094274678820511e-06
8.042055113116741e-29
2.4601158656878397e-06
5.149871671155846e-29
1.616861300135497e-05
6.409689253474483e-29
4.7401255869772285e-05
2.741713845598012e-29
2.1827050034062268e-07
1.2789725944983843e-09
1.133783098339336e-05
2.5887254562206863e-09
1.7253288128691286e-28
6.192261994255993e-29
2.357135066320844e-28
6.953573006285296e-08
2.3945594962589335e-28
3.16345248018716e-29
4.505487289607959e-28
1.5571292033556006e-09
1.044137863783436e-28
2.360095976428056e-07
1.982455266031272e-28
1.8374795052053754e-29
5.114118707668241e-28
2.8926148143426644e-09
2.196391175372452e-28
4.92352314332309e-29
8.781281794405355e-29
4.259013142160484e-09
2.0819119735481303e-28
1.6801698482743798e-29
9.878401870588262e-28
6.229665961188424e-29
2.9984499970198634e-28
6.240568382054335e-07
1.721998398512797e-28
5.4864233156592945e-09
2.308767502438746e-28
2.687429390135776e-09
5.3289032298911665e-28
3.625491373782097e-08
2.9310628517866585e-29
2.8882741051003427e-29
5.095196445964636e-28
9.651418748838831e-29
4.867781193683933e-28
1.1313299186355152e-09
1.353750120901885e-28
1.776969193765159e-29
2.313964865134918e-28
2.707265078782939e-09
1.2876435385257652e-28
2.3762081191591733e-09
1.8423158162222855e-28
2.558378930928029e-08
8.386910323399396e-29
8.332357026574755e-08
8.973526797377252e-28
1.0242209796341768e-28
7.12847640137518e-29
4.179413437555013e-08
2.0869511692476195e-27
3.376315405034802e-08
4.574588693047601e-28
1.4415119098387663e-09
1.5803351770059356e-28
2.4984139745258339e-29
3.792697006071597e-28
2.3703671680037563e-29
8.255001816690235e-28
8.163799414262485e-09
2.7425658890424712e-28
2.297978696219616e-09
2.0953475015814187e-28
1.2603326382532032e-08
7.549288121993281e-28
2.233223803149818e-29
6.407630073252068e-28
5.5703157364472844e-11
1.0462262940668808e-27
8.261035588930099e-08
1.2142216723677552e-28
1.0342851908262674e-07
1.289345868003609e-27
2.145858157831526e-09
1.9298632951867822e-28
2.8257611274445173e-29
1.483320909770425e-28
1.6340464981112746e-08
7.189933427753684e-29
4.150491950127844e-09
7.327652585475684e-28
5.592751151084485e-08
1.2235591825912521e-28
1.592707651895233e-29
2.146069033338044e-28
1.3087309014281345e-09
7.814617712641677e-28
2.137414689684647e-08
2.044470210240541e-28
1.2349381961485051e-08
1.071970440374748e-28
2.714077140808513e-07
1.0507323682836393e-28
7.310566457232809e-29
2.1242773767585455e-28
3.555895914762855e-29
1.273639018564532e-28
3.4737856822175672e-06
1.2943020801966195e-28
3.2769815365104804e-29
1.2084769844555126e-28
2.527260221540928e-06
6.844216363820915e-29
2.5111875544187053e-29
1.238618751050145e-28
6.307504827303264e-29
2.8374116795312233e-28
4.772389772256247e-08
2.2693615313291247e-28
1.3621107086692064e-07
1.9011043462922198e-28
9.41939715361364e-29
1.8994463613513454e-28
6.784313924019396e-29
2.3836881032053537e-28
6.862907184768119e-07
5.077548186919244e-28
2.1458565413468023e-07
1.8149453424470048e-28
2.9081885344339753e-08
1.031729097151749e-28
2.9071591711726796e-07
8.32900374887337e-28
7.684722302947478e-10
9.294968236584749e-29
1.298344756150982e-07
5.505534116950809e-28
5.640663403028157e-07
1.254682932716279e-28
4.963517786957275e-29
1.2853898393789676e-28
8.284512239374973e-29
1.698023098488228e-27
9.857730383012668e-29
5.486970198587482e-29
5.705549404653958e-29
4.36871111533498e-28
4.115125591397373e-07
7.685592563800506e-29
4.9920642817048474e-29
3.4639315562121494e-29
6.994313395125573e-08
9.300954869446255e-29
1.2047796644765185e-06
7.135577666192e-29
6.379157202474062e-09
5.923829730467189e-28
3.36697958402965e-08
1.1633824181432792e-28
3.9634278437006287e-07
3.493304214720553e-28
1.3182956765556603e-28
2.161333231853528e-28
3.515366842066214e-08
0.00019787713245023042
1.286381693300327e-28
0.00039338000351563096
1.1839865976526198e-08
8.42179645133001e-07
1.3725145767206713e-29
7.613185880472884e-05
5.553181262663084e-29
7.060192729113623e-05
3.350301369664521e-09
0.00029969477327540517
2.5113708446156124e-08
4.578318112180568e-05
4.314437695995821e-09
5.015521082896157e-07
2.2034107871604647e-08
4.392546179587953e-05
6.644665947458093e-29
0.0001638779795030132
2.55151553574251e-06
0.00012626223906408995
1.4595698602137555e-28
3.640738577814773e-05
2.490115136311033e-08
0.00014691763499286026
5.395814128760311e-29
0.0001105071060010232
1.8144408642228882e-08
0.0005612559616565704
2.925348326243693e-06
0.00021589448442682624
2.0553182513935452e-28
8.981292194221169e-05
8.514044580465452e-09
3.9364709664369e-05
2.3458507358853353e-10
0.00011482262925710529
8.468385104265508e-09
3.437525447225198e-05
1.1634218033407251e-08
0.00014235287380870432
9.322655500909605e-07
1.3111033695167862e-05
3.9515995876225333e-29
9.870759822661057e-05
9.820205093546974e-08
0.0003174162411596626
3.436846895965573e-08
0.00016994813631754369
2.855883307617546e-09
8.314112346852198e-05
1.473415972437063e-28
0.00057278445456177
1.1258075249282843e-28
5.7565663155401126e-05
3.284761191935104e-07
0.0003155746671836823
1.2256401498961625e-28
0.00021604052744805813
2.9863854903657357e-28
6.611167191294953e-05
1.862505705219064e-08
3.2453728636028245e-05
1.8554852942997968e-07
8.359321509487927e-05
1.1507658918188415e-28
0.00012933033576700836
7.16378789622496e-10
6.565311923623085e-05
1.4606760662255629e-28
5.663910269504413e-05
4.948493614875815e-09
4.3912456021644175e-05
1.6225408572267952e-08
0.0001238198601640761
6.565808745885158e-29
0.00016560564108658582
1.5987236423598006e-08
1.2245805919519626e-05
5.488868443288918e-29
3.077843939536251e-05
2.869700566066058e-08
0.00011888208246091381
2.8029134568896552e-09
0.00010470909182913601
1.090134126421507e-28
0.00013151376333553344
1.072242525879119e-06
0.00029468678985722363
9.860757704144002e-29
3.6856295048970067e-28
7.582250172250225e-29
1.0136966150824513e-28
3.713918466699828e-29
1.203581872389988e-28
3.4708202747424366e-06
4.297296188549643e-28
1.7137152145632305e-28
1.2805139866128867e-28
5.088841358630645e-29
3.1281710084240657e-28
3.36258558775171e-08
3.098007575117559e-28
3.248936408795089e-08
1.3648248199352191e-28
4.294542943483748e-09
1.2742916680744361e-28
1.4327695519799795e-29
1.241864063377059e-28
1.9939472295504856e-09
1.376730918851421e-28
4.474187242919925e-09
1.2557423145563135e-28
3.022466885094169e-29
1.148137719668482e-28
1.0452664428450831e-10
1.097847475848778e-28
5.848453099588369e-08
1.299747767484996e-28
4.900741479296755e-10
5.325940788524834e-29
1.780130247652778e-07
3.21602471024972e-28
3.2871736179614884e-29
9.357097532884466e-29
1.2104867330720026e-08
3.5768469631069394e-28
1.272292848852885e-08
6.312480346943967e-29
2.0797959188190163e-10
1.38399949883216e-28
6.652418417337359e-29
4.661312295293075e-29
1.4438917839143528e-09
1.3242724390262015e-28
1.8527540390778086e-08
5.310519747089504e-28
2.45189877290386e-08
3.1933919037670103e-28
1.2360113998965971e-07
7.384295870328814e-29
1.4027006223216176e-08
1.7020876532652356e-28
2.678130472190283e-29
9.253798474757934e-29
3.463933140324116e-08
3.6363911799388026e-28
9.375862930482981e-08
7.771273575907649e-29
1.8318728223221115e-07
1.067610736833763e-28
5.1377949006337076e-08
2.2687065044994454e-29
4.848948126610878e-29
2.0104916300848247e-28
4.8164455535015804e-08
3.725326592354784e-29
1.5134595467288978e-29
8.575953588209371e-29
8.073404167419085e-09
9.8862263220992e-29
5.510522260721018e-09
3.6856295048970067e-28
1.2652598968543316e-09
1.973470200987598e-28
1.2466317029543897e-28
1.2805139866128867e-28
3.2732902610632664e-08
4.297296188549643e-28
9.00335195286317e-10
3.4670025116937856e-29
3.4249146229512945e-29
1.1494679835551946e-27
1.4404728965189406e-08
1.5378007734429004e-28
7.07991958392995e-08
6.0251243770041e-29
1.3366873144669308e-29
1.3648248199352191e-28
4.294542943483748e-09
2.141016596870187e-28
1.42470607450735e-29
1.241864063377059e-28
6.587569600924326e-09
1.376730918851421e-28
4.474187242919925e-09
3.281540995097885e-28
1.8571284954305156e-07
1.0353792610178319e-29
5.44612134945055e-07
5.114268448721417e-28
2.584618030709862e-08
3.1281710084240657e-28
7.459479256510804e-09
1.148137719668482e-28
2.736257975755052e-08
1.1135920735147652e-28
1.3519375618997742e-09
4.224016961578139e-28
5.9656475315250646e-09
4.143181348469832e-28
6.595056447622483e-07
6.468265209026805e-29
3.894464769336409e-29
3.6363911799388026e-28
1.2228016430526623e-06
1.38399949883216e-28
1.4546512261404132e-07
1.804492357673843e-28
3.138390638923738e-06
2.599840818097834e-29
3.2723579579396755e-07
1.84082358162725e-28
4.01248101411511e-08
8.526320567983189e-29
2.0130992428590844e-09
5.678959293618018e-28
9.737328809933388e-07
1.1712530438246336e-27
2.3357013105851365e-06
2.044470210240541e-28
7.311001597029619e-29
1.0482072333853046e-28
2.242968105888756e-29
4.171904667660423e-28
1.1568402748634388e-28
1.2944928580020856e-26
2.203891950282111e-28
1.097847475848778e-28
1.6813772596435683e-10
1.071970440374748e-28
2.1291810980983428e-08
1.2107524706848062e-28
5.919385870356564e-08
3.513212191443819e-29
1.0725404564482233e-07
3.255604496536822e-28
1.2899544137177868e-28
2.071145254787028e-27
4.181078594456267e-08
3.010403281219703e-28
5.705538086431261e-08
1.281351284656209e-28
3.8148815661998015e-08
4.568173901885333e-28
1.455347860663794e-28
5.080933971761477e-28
1.5027169502403488e-28
3.948228367625505e-28
7.745301206901371e-29
1.1657594249547663e-27
8.591511686972808e-06
4.980298065487919e-27
1.6552010038139997e-06
9.621233408079207e-28
1.8065438780467957e-05
1.363899097633325e-27
3.3912419539205985e-09
4.40618297129795e-28
1.0341948630809839e-08
2.632740215446275e-28
7.298764558072435e-06
2.7217228492570806e-27
6.7567139012680855e-06
1.7941470323845726e-27
1.386918171419893e-07
5.923829730467189e-28
8.056723345362116e-06
5.775857162462515e-28
2.600257857920951e-06
1.0256303992416037e-27
4.818447053710996e-28
8.522176448225354e-28
3.936189596487338e-09
1.180847256435593e-27
1.3344889637778579e-09
2.978012269191269e-28
8.152696177303142e-29
2.1617173104326875e-27
4.221204140894362e-28
7.968079662470341e-28
8.750558322390134e-07
1.056040110839749e-28
1.1777159110131382e-28
6.67785248892418e-28
1.367622459724771e-08
6.069649590276524e-28
5.768116206894547e-09
5.922432949775022e-28
2.108867529791017e-28
3.19381753428472e-28
8.846383643203612e-29
5.993206060406392e-28
3.3990726677757266e-08
1.1796805280752833e-27
8.7348546173871e-09
1.611335173613491e-25
2.7125866227868965e-28
1.6641592796830727e-27
2.294354564958681e-28
1.1366439864274978e-27
2.3470737176012335e-07
9.029482765981479e-28
1.2235553867867566e-06
1.1081318955294872e-25
9.148666180180953e-08
7.49086551861278e-28
9.052517128857593e-29
9.046408801297726e-28
1.566719554091378e-08
2.2907802195378305e-29
2.807783783254081e-09
1.9077014026495995e-27
2.3204376749367603e-28
8.743350628224773e-27
2.8365582518246167e-28
6.13834048174852e-27
5.0076554458655664e-08
2.0544734903716884e-28
4.0677784340914513e-07
1.6642409391127147e-27
9.10016684230186e-09
1.6583211360202788e-28
6.778104189031353e-10
1.8933967505806578e-27
1.7459789948447131e-28
1.3419219258519335e-27
6.217932480012678e-08
3.242241046431702e-27
2.640697438494044e-08
4.924347682080531e-28
1.2325890530462402e-08
2.4066857771160275e-27
1.6626452098572927e-28
3.314550856565699e-27
1.6407946920438688e-28
1.1019608791684732e-05
3.671639549780978e-28
0.00014598479901906103
1.0426635981275467e-06
0.00016612408217042685
6.842710149612685e-07
0.00042564282193779945
1.7892042054046757e-28
3.3063930459320545e-05
3.1556993462800165e-07
8.712676935829222e-05
1.4785567437058944e-08
0.0002853918413165957
1.10846394818509e-06
0.00017249850498046726
6.790047279991995e-08
0.0005306426901370287
1.3883388597381075e-28
0.00020155802485533059
9.798105082836628e-08
0.00018659824854694307
1.3436733752314467e-06
0.00046912149991840124
9.738462267705472e-07
0.0002533672086428851
5.225937016462012e-09
9.244929970009252e-05
6.356650226141652e-28
0.00015576866280753165
1.7066085330684416e-28
0.00011688333324855193
3.1413812026538608e-28
0.00013219901302363724
3.3140701925998284e-28
0.0010909902630373836
5.175630021197053e-28
0.0003262596728745848
4.0623309160991994e-08
0.000155987887410447
1.2103461699553009e-07
3.4385178082629864e-07
4.432075968452409e-07
1.05285580502823e-05
2.702706361430947e-28
0.00023772894928697497
6.099739356762658e-28
0.00023443553072866052
5.814302576012373e-28
5.509653055923991e-05
5.952812642817662e-08
0.0001475853641750291
1.951626544299601e-28
0.00033330361475236714
1.2173933328085695e-06
5.04011259181425e-05
2.485392370967312e-28
5.312465418683132e-06
1.09252152924455e-06
8.843524847179651e-05
8.15086821148725e-07
0.0002105353050865233
3.0963914099402245e-08
9.250242726598109e-29
4.375094429579719e-29
1.8266278408966633e-27
1.0986126718898073e-28
7.408871458642924e-28
1.7686185420822281e-28
8.772520377976473e-28
4.1101053227521334e-08
1.1293736971839332e-27
2.0199184553094926e-28
1.4415701189535124e-28
2.859979786804864e-29
9.973198068380947e-28
9.02132502034192e-09
1.4016014151882656e-28
6.844273148232105e-09
1.3466703061298202e-26
2.934184122188092e-28
8.434172042381551e-28
4.502853399853077e-29
1.7525053454990095e-27
2.8550653041747864e-07
1.987169701793889e-28
6.706568633774168e-09
5.000559137392364e-29
6.15775235246474e-08
1.0947385434360509e-27
2.0561672364749484e-09
1.9191685821314756e-27
2.7249777989624135e-09
7.779444261474339e-27
7.835273763134865e-09
1.7959430342800866e-28
7.220585806524822e-29
3.586020311876802e-27
6.539644203940043e-08
2.542533508711066e-28
5.289865612212452e-07
5.988625717516153e-28
7.032736561995989e-07
1.901119537064656e-27
2.5872364517454116e-07
2.73696504402295e-28
6.649326096070402e-29
1.077512210189527e-24
3.88633614126488e-29
2.194280933932387e-27
1.537109966445973e-28
3.8837778442603153e-28
9.241107790103342e-08
0.00018113829719368368
7.248386850733368e-07
4.949500362272374e-05
5.612658338094434e-09
2.4021981516852975e-05
6.739534263999758e-09
4.875124432146549e-05
9.476896138949087e-07
3.148960604448803e-05
8.62493379827356e-06
3.066576027777046e-05
1.9497720771255445e-08
3.7019531191617716e-06
2.0504892006556474e-08
5.383823736337945e-05
5.022383294039674e-28
3.8192025385797024e-05
6.502742344594026e-09
7.525074761360884e-05
3.8543953451153357e-07
2.5887749188768794e-07
2.4869737899280153e-05
3.5291955100547057e-06
1.8635378790207315e-28
6.236228728084825e-06
1.4241502199752176e-08
3.626940815593116e-05
3.717371719275425e-28
1.2757764125126414e-06
2.0721101279264076e-08
6.863105954835191e-05
1.1311648284717535e-09
5.3164253586146515e-06
1.90233288321906e-06
2.8458942324505188e-05
9.979721049546697e-09
6.523846968775615e-05
1.994580680219891e-28
1.112398058467079e-05
3.358945564010266e-28
7.840353646315634e-05
1.8840081069171374e-28
0.00013775166007690132
4.92021415493739e-28
1.808068191166967e-05
3.086111291850102e-06
6.461561133619398e-05
1.1600343796658308e-08
4.163699031778378e-06
1.1917007469719465e-07
2.082153696392197e-05
2.485392370967312e-28
4.215753961034352e-06
1.6680928230756135e-28
1.6877731923159445e-07
1.6626452098572927e-28
4.302293291402748e-06
8.529936501453776e-29
5.6900320487329736e-05
2.994125562070985e-28
2.7229489774072135e-07
1.0281167747998076e-28
2.639978629304096e-05
2.8821776965060053e-08
4.422844597229414e-07
3.178972466273383e-29
4.979660297976807e-05
1.8207424545835238e-07
1.768251786415931e-05
1.5400942743326596e-07
4.307131530367769e-05
8.950438168398023e-10
1.5664356567413051e-07
3.0275577955762856e-06
2.1192923668422736e-05
1.2246467839815978e-08
0.00028377745184116066
8.225638836734106e-09
6.758425297448412e-05
5.845366501944227e-08
9.543306805426255e-05
7.007097074042605e-29
0.0019317090045660734
2.188478731568466e-09
0.0009259115904569626
1.542436125707176e-28
0.00038890488212928176
1.705000249785371e-05
0.0004635877558030188
9.095064532447753e-29
0.0003361206327099353
8.195651637300268e-29
0.0012022171868011355
1.757613517838763e-06
0.0009897334966808558
4.855745316945104e-08
0.0009170112898573279
2.8398883245017714e-09
0.00015885687025729567
6.077253883920694e-29
3.696906105687958e-06
7.628185406983184e-29
0.0008039330132305622
5.3046527170863556e-08
0.00011096867092419416
2.4523708930246357e-07
0.0003775967052206397
2.127994662292456e-28
0.0002257968735648319
3.2261022742119394e-09
0.00031240578391589224
3.836099771170609e-10
0.0003753894998226315
1.1188202510900474e-28
0.0017184813041239977
1.4649761403973116e-09
0.0009588500834070146
3.146676874621335e-08
0.00040458273724652827
6.005960170351232e-29
0.0004674549854826182
1.5665111874341164e-08
0.0014007744612172246
2.981900721748987e-28
0.0016744969179853797
1.5103722716958146e-09
0.0011340592755004764
1.2900131545810907e-28
0.0004057011101394892
1.139505581287117e-28
4.345953129814006e-06
1.5329308666878205e-07
3.0539396789208695e-07
5.316896741876613e-29
0.00023329007672145963
7.362490732239704e-29
0.0008064049761742353
9.958483000640856e-29
0.0002551850921008736
3.3529356642247876e-06
0.000973240879829973
1.6054310103541525e-09
7.348684903263347e-06
6.614445097365119e-29
0.00027204310754314065
7.033952531543264e-09
0.000962879101280123
1.2713954305499423e-28
9.469216593060992e-07
2.1311635091820466e-29
0.0010191231267526746
1.0343182692207345e-28
0.0009316241485066712
2.9658954758815526e-07
0.0011807121336460114
1.190990639443612e-09
0.0017862863605841994
6.349920145254373e-09
0.0010338571155443788
1.1468840099837507e-08
0.00010631487384671345
9.58415745109043e-29
0.0002841662790160626
9.59022015818474e-28
0.0001194330834550783
4.488211216524319e-29
0.0007659351686015725
1.6019238887175443e-28
5.114268448721417e-28
5.9831548604449836e-09
4.457111359967665e-29
4.624917337991974e-08
5.950602082624116e-28
8.766651949065304e-29
3.27642822887452e-27
3.752480992602614e-08
4.270589318010825e-28
1.0698319563573477e-08
1.1776316515780712e-28
2.2653666711419795e-29
1.426695319398659e-28
4.4937783577698136e-29
6.67329573867576e-28
8.896744303836908e-29
1.9447176317359764e-28
3.3424540912818657e-09
4.020384151512199e-27
3.202245579814189e-07
4.7520588040805096e-29
1.4523792515319656e-06
5.140426790337949e-29
4.9086232856154766e-09
2.3059409595041145e-28
2.2139770408102777e-06
1.670939901238277e-27
2.64884315645254e-28
3.1180930985075734e-28
1.1134429911408006e-07
1.0099551350536145e-28
1.0687386975405389e-08
4.838305798850059e-28
3.941609065805096e-07
1.9915060534342984e-28
3.08342884558499e-09
3.323729222383066e-26
7.1754020455820396e-28
1.9803665468583355e-27
4.311617403616107e-28
9.424538182858939e-28
1.194253991816213e-28
1.0256897178838908e-27
1.9524552641314585e-08
1.540756056783721e-05
6.195333250664183e-29
3.7530955978581915e-06
1.9456285471619594e-09
1.9522247384884395e-05
5.774288853634676e-29
3.217324410798028e-05
2.287297320435755e-07
8.606381015852094e-06
7.818638891876617e-08
1.2573749700095505e-05
8.111223683363193e-29
3.625312047006446e-06
3.8392101942008594e-08
1.0441073754918762e-05
9.252796218106596e-08
1.0460036719450727e-05
3.221077236048586e-07
5.858912572875852e-06
4.247993956596474e-07
2.4549981390009634e-06
2.3295949613810762e-09
1.5447090845555067e-05
2.7169969052387444e-10
4.586314844345907e-06
8.784260216998518e-07
8.27583880891325e-06
6.750600520342898e-29
1.2134562439314323e-06
1.0591324439701566e-07
8.06319440016523e-06
2.9632590781147883e-07
1.0731861948443111e-05
7.994187328055211e-29
2.190940904256422e-05
1.0531521788881404e-28
7.084908702381654e-06
8.062754045194042e-29
1.4719561477249954e-05
1.8398249590489968e-09
7.331463621085277e-06
8.367710607413178e-29
5.920108833379345e-06
7.107909993919748e-08
2.8593340175575577e-06
1.9390467310147282e-29
8.999060810310766e-05
1.1823043877257078e-07
6.3930269789125305e-06
4.8457082790775985e-09
3.0702001367899356e-06
1.4990961361149857e-08
2.2576394258067012e-05
6.423594545168498e-09
2.776216376787488e-07
8.042061381274834e-07
8.746538924242486e-07
3.429794048770418e-07
2.494562249921728e-05
2.590698677806813e-08
1.6451936346584262e-07
3.6308446027533137e-08
6.2845310822012834e-06
1.9012593721612348e-09
7.035202543193009e-06
7.480373369617155e-06
3.333019094498013e-06
1.0408547268525581e-07
3.2298471523972694e-06
3.191358928233967e-07
5.429409611679148e-06
6.643469987466233e-07
0.0001845675433287397
6.868279052916711e-29
0.00011667974467854947
1.1999927664874122e-06
0.00010358663712395355
2.366745093240752e-07
1.0062336514238268e-05
7.098461385045013e-29
4.857434760197066e-05
6.778707870580547e-07
1.5148780221352354e-05
1.145027517246433e-09
0.0004263518494553864
3.071505148000142e-07
6.53618189971894e-06
1.793166859442863e-07
1.4340856068884023e-05
1.612618838464641e-08
6.232187843124848e-06
6.681391024085127e-29
7.79484398663044e-05
6.321712171761766e-29
5.995068931952119e-06
6.274628816527184e-08
1.569257801747881e-05
1.357482233288465e-06
5.523406343854731e-06
2.5465752173658984e-07
9.052422683453187e-06
5.631384283333318e-07
7.729734534223098e-06
1.9379137938813074e-06
0.00016043073264881968
2.247946042643889e-07
0.00013310762005858123
2.3989750843611546e-06
4.925055691273883e-05
4.983731649588208e-09
4.326160342316143e-05
3.4229179846079205e-07
2.759009703368065e-06
5.363268655855791e-07
1.8379358152742498e-05
4.0488927766091365e-07
6.918242888787063e-06
5.209937512518081e-07
3.557250238372944e-05
1.1469775876182318e-28
0.00016583048272877932
1.232918833693475e-07
4.666423410526477e-05
9.009567492057613e-08
5.43718233529944e-05
7.324507180764635e-29
9.361206139146816e-06
1.0339012845861362e-07
8.20025979919592e-06
1.3040207704761997e-06
3.045462472073268e-05
9.081732059712522e-07
3.9028363971738145e-05
4.221707952130751e-29
9.863768354989588e-06
4.8774401536522106e-29
0.00013639798271469772
1.8782285115246528e-28
3.8152920751599595e-06
4.6871507519829064e-29
3.58190736733377e-05
5.468103307369778e-29
7.137117790989578e-06
4.6758407283844924e-29
2.1766865756944753e-05
6.410654123101267e-07
7.714230378041975e-06
2.2861572688270826e-06
8.537153189536184e-05
1.8798332348524127e-06
6.9556540438497905e-06
8.171727472472412e-08
