7.74729319022432e-30
1.7257123545277864e-05
2.2500991022490927e-28
9.299886187363882e-06
2.5714082541435345e-28
3.072874790177593e-07
1.0398885308404715e-07
2.153966309075004e-28
7.79941803277933e-29
5.4148310017724335e-28
9.054845698530979e-29
3.1473113892843685e-08
2.292605489549968e-29
3.6096188277818757e-29
1.2339067226999587e-28
1.0309395293006673e-07
8.702095529645828e-30
1.4967770813653048e-29
4.465730398806045e-06
8.763495173980118e-08
3.722770998138003e-05
1.720707905079436e-28
5.6944817021629995e-30
2.5978029434754293e-29
8.457756709646619e-30
2.4047540453076828e-29
3.0530827012890192e-30
2.594981757033456e-29
1.060234126271098e-06
5.736977572080819e-29
2.1235110973819224e-28
1.1370154742396458e-28
1.0056091056152345e-27
7.471678923024308e-28
6.943919349629412e-29
6.366399163149518e-29
6.88791333232075e-05
7.017200914560817e-06
6.290151717021849e-28
4.930794732569367e-29
9.034920935846458e-07
1.6063609905681694e-28
1.0114619344938544e-28
4.0797786513650105e-29
3.4210760038308877e-29
7.559439723081596e-07
8.410820141805856e-29
5.771393940187019e-29
1.4383332199940924e-05
5.073208740213886e-06
4.368283498479286e-06
4.107703716726974e-06
6.675396946320689e-08
4.1572834890051215e-29
2.526808049973901e-29
2.0277313979022438e-06
3.343056675930711e-07
8.250440131246332e-30
4.050213647133205e-06
2.771390018628589e-29
3.1310065791553113e-29
5.316426092746454e-29
7.893961331896192e-29
1.1132479339078275e-28
1.2256665110622763e-28
2.3324520952883177e-05
3.4754493754007854e-06
2.228002267656848e-05
1.4668673429696355e-05
4.275069386494579e-06
3.9986034607863985e-06
5.22897442879669e-29
4.9095151326138325e-28
1.2972201048036092e-28
9.597251846571453e-07
2.7143798320139467e-07
4.051175582425322e-29
1.9488631153308233e-08
5.345086337731366e-29
1.0954809894296122e-27
8.867281186806429e-29
4.387023636809317e-06
2.6409910196986516e-29
2.0029934732361837e-29
2.7323628538649045e-29
3.309593239464448e-07
3.341595282438457e-30
1.821358779352522e-07
9.393623396132878e-29
3.258992649080028e-07
5.033960540417872e-28
1.4233001456479474e-28
5.589309992615199e-08
1.0440124498245495e-07
9.961034255964061e-29
4.549035454545471e-28
3.793265204876661e-05
1.65718796698925e-28
7.338537670875667e-07
1.1637242778306245e-06
7.405915035807668e-29
2.12989466064073e-08
1.1224029321764383e-29
1.6441757222465514e-29
1.300053668273904e-06
2.65339480165494e-07
1.0220052217846387e-06
8.395220447710017e-07
6.770180789317237e-07
4.5207768863245846e-29
1.1196552620915608e-28
9.284216853040829e-28
1.7038889996163453e-28
8.773907467229947e-08
4.9558762837447266e-30
2.811374031352898e-07
1.0066322739537835e-29
9.33534547823945e-28
3.648335678008152e-07
1.90801860331144e-27
4.809319108739573e-28
9.855124960909777e-29
4.2236257570581856e-29
4.2236257570581856e-29
7.686463163736335e-07
1.8344428553508736e-29
1.334483117738235e-28
8.73381002868864e-29
1.4672637007606681e-06
5.882931418454973e-06
8.202533225732807e-29
3.728588335271536e-29
1.133112817948588e-28
1.133112817948588e-28
2.545945676502015e-07
4.6090369210105564e-07
7.859869061688446e-30
5.34220887802383e-29
2.1095326075675937e-29
4.681915532726265e-29
4.3568345072210516e-29
3.855300983917295e-29
1.4037475511476692e-27
3.726534619875339e-27
6.167099400045117e-07
3.612898069604853e-07
2.8494225261965767e-05
1.4303456055131392e-06
1.1194930024937461e-28
3.800894365768017e-29
3.042880052817054e-06
1.7053835108526982e-06
2.8302578729381077e-29
8.437991402202514e-29
1.3013984098179573e-29
1.761520376808912e-29
3.902274947620299e-09
1.973865337845382e-08
2.286345306856674e-06
1.1299855486868182e-06
1.3254749415352283e-29
4.002665018244853e-29
1.9450607169346767e-07
2.5635580325200635e-09
1.4975045713091417e-29
1.037291784684247e-28
6.837699498371595e-29
3.154825818669074e-29
3.342012178109144e-06
1.0942211702058557e-05
5.129104920342797e-06
4.16962207956446e-29
8.296000411493242e-30
6.207390173969155e-29
2.833361629414109e-29
4.013158026249672e-29
1.2403062267932929e-28
7.37309008768864e-28
2.1742191620433005e-06
1.8622306185989146e-07
7.972019874395314e-30
1.297391151456795e-28
1.5986065646663034e-29
1.1052289634725066e-28
1.4979230096822152e-29
2.5312283601228235e-29
2.3884483399894606e-29
1.1820421364750118e-29
4.3864081395284175e-30
7.410895370273232e-29
7.37344626435773e-29
8.054038517002482e-06
3.252467457583969e-29
5.290793168892875e-29
4.032910243388686e-29
3.700035521066334e-29
4.7444373763028125e-07
2.7921728928959055e-07
6.128351934981447e-28
1.9494341137991592e-28
7.925822501420043e-06
2.950024534868812e-29
4.5989180030700725e-28
5.582062658504583e-05
1.0350800039304886e-06
5.118720878272143e-07
2.7895343009731732e-05
1.980880597329815e-06
1.6840785832818244e-29
4.882791313891504e-27
1.2166842145428973e-28
3.556939191184938e-05
7.231524818962498e-07
3.3714098179871144e-08
6.781447723369638e-07
3.285951493126049e-07
2.0287250107214463e-28
8.705374625606055e-07
6.370544727354812e-29
1.3716470656513463e-28
3.5716491189282813e-29
4.3871843935505694e-09
1.0494754582536836e-28
3.9365295378956944e-05
6.98015316365735e-30
3.118567479127e-29
1.738174205456744e-06
1.2158685649410472e-06
1.2144734154856109e-27
1.3487165103992344e-27
4.156382635273634e-28
3.492581870620786e-29
1.986291670332243e-27
1.36492123680306e-28
3.5745325971668936e-29
2.8694313414234784e-07
4.5403244734070074e-29
5.0215815655150123e-29
4.466310985644206e-28
5.986546511849156e-07
4.5022870560788057e-29
4.165273209379412e-28
3.2421229869261114e-28
1.758511502475327e-28
2.613394826767035e-06
4.949486537952907e-06
3.0637934296555196e-30
1.7689849502541478e-28
1.9664417603967998e-28
3.579280014479808e-29
3.8281882552837487e-07
1.3819866612990323e-28
4.720125441155111e-28
1.864818159447168e-06
3.88483722610035e-29
2.605311692605028e-06
6.400509789877047e-29
1.333801278352611e-29
6.456017217715271e-06
3.568781890723575e-29
2.0696571308487174e-29
5.139378964077581e-29
1.2529974069771999e-27
8.693698418937856e-07
2.0125373287976285e-28
2.179733506356893e-29
9.565295976550695e-29
6.507315447379369e-06
6.308293856727356e-29
2.598586979729589e-05
2.267567046103442e-28
1.2066370141812214e-29
1.8272865418111905e-05
1.4516220865936538e-26
3.7339914342737757e-06
8.190171162902271e-28
2.2930576548674253e-08
5.661805062118219e-06
4.1417930418674587e-08
5.28313639365772e-29
5.569535915128654e-06
1.7181251126533912e-29
5.7083417992487284e-09
3.420975193435361e-29
1.1613144659118211e-29
4.142248295597087e-29
4.2167889660049696e-06
3.737669922507345e-30
1.6155557412345387e-27
8.546221969461255e-31
4.672980594477849e-06
1.0392986951046623e-05
4.637276163066417e-07
3.490171351927529e-08
3.712533361976966e-05
1.8909716075576232e-29
1.0297083151576006e-28
1.2121886125702114e-28
1.0789685944700977e-07
4.09566480488191e-28
