3.1745144951855764e-05
4.85008655459751e-08
5.7921206462197006e-05
2.0777510201241967e-07
3.459556319285184e-05
6.912656669300077e-09
8.98092839634046e-05
1.586078468562846e-07
5.3347277571447194e-05
1.3177300672850834e-07
5.443419286166318e-05
5.911236075917259e-05
3.536229269229807e-05
5.09923993377015e-05
8.319113112520427e-05
8.320989581989124e-05
3.406022005947307e-05
7.790035994048594e-08
3.655080945463851e-05
3.2420881325379014e-05
3.702796675497666e-05
8.745590918124435e-08
5.039460302214138e-05
2.021364053916841e-07
4.766512938658707e-05
6.095716003073903e-07
3.5027569538215175e-05
5.734599108109251e-05
5.512226198334247e-05
0.00010043106158263981
0.00010521389049245045
3.2250474646389193e-07
5.3786392527399585e-05
3.6293121752351e-07
1.6261743439827114e-05
2.7935522666666657e-05
6.189206033013761e-06
1.3102921911922749e-05
1.1047753105231095e-05
2.982250535410458e-08
1.2307637916819658e-05
9.256359589926433e-07
4.987366537534399e-06
6.034757461748086e-06
1.2291311577428132e-05
1.586990947544109e-05
1.8568542145658284e-05
1.1333112297506887e-06
5.062109266873449e-06
8.6920535977697e-06
8.410648661083542e-06
7.464447548954922e-08
6.292341822700109e-06
1.807526359698386e-06
1.1463280316093005e-05
3.246533708534116e-07
6.014313385094283e-06
8.120204256556462e-06
1.5034042007755488e-05
1.3850694813299924e-05
3.159635525662452e-05
1.6998315288674348e-07
1.1748425094992854e-05
9.443961971555836e-06
1.237840569956461e-05
3.110073976131389e-07
8.692673873156309e-06
1.4917723945018224e-07
2.1399082470452413e-05
8.247206437772547e-07
1.3484257578966208e-05
4.739685977028785e-08
4.688804892793996e-06
1.622027048142627e-05
8.613993486505933e-06
1.704206079011783e-05
5.041229542257497e-06
6.6023089857480954e-06
1.1796394574048463e-05
5.1034687203355134e-05
1.852988134487532e-05
1.5255687685566954e-05
1.1162020200572442e-05
2.567770707173622e-07
6.162004410725785e-06
7.220739462354686e-06
2.7834021238959394e-05
5.390947262640111e-05
1.564771810080856e-05
1.823646016418934e-05
2.530296114855446e-05
3.8319569739542203e-07
4.0114682633429766e-05
6.542744813486934e-05
1.9764098396990448e-05
4.818887100555003e-05
2.772931838990189e-05
1.5333588976318424e-07
3.738952727871947e-05
9.854589734459296e-05
7.106989505700767e-05
0.0001291054650209844
3.421246219659224e-05
3.9484530134359375e-05
1.8474789612810127e-05
3.896856287610717e-05
2.620883606141433e-05
3.086761353188194e-05
3.4264558053109795e-05
1.361788832809907e-07
3.080517126363702e-05
1.723907757877896e-06
1.2593818610184826e-05
4.3850497604580596e-05
2.5441906473133713e-05
7.403000199701637e-05
1.6446681911475025e-05
4.863502181251533e-05
1.3228257557784673e-05
1.7228552451342694e-07
1.8367394659435377e-05
3.4278947680377314e-08
3.6299610655987635e-05
6.889886572025716e-05
2.0648769350373186e-05
3.899740113411099e-05
1.4564493540092371e-05
1.5949357390354635e-08
2.73793611995643e-05
3.9494469206147187e-07
2.274780308653135e-05
7.867760132285184e-08
2.6594980226946063e-05
9.207826951751485e-05
2.333977863600012e-05
6.90570886945352e-05
2.211573882959783e-05
6.577121530426666e-05
2.8620370358112268e-05
2.136954208253883e-06
2.2909685867489316e-05
4.359101512818597e-05
1.586965299793519e-05
4.0147268009604886e-05
0.00018773954070638865
1.991311728488654e-05
3.2951185858109966e-05
5.201617022976279e-05
2.230433892691508e-05
2.077667431876762e-06
2.040563958871644e-05
1.1311547496006824e-05
2.0712514015031047e-05
1.4869593201183307e-07
0.00022105872631072998
4.349897153588245e-08
2.3987242457224056e-05
6.601668474104372e-07
1.660531597735826e-05
5.730835255235434e-06
1.4833611203357577e-05
4.462407378014177e-05
1.1439276022429112e-05
1.8373340935795568e-05
2.6000416255556047e-05
5.2542371122399345e-05
1.5770207028253935e-05
2.4129718440235592e-05
2.7668591428664513e-05
4.614979843609035e-05
3.220701216832822e-07
2.0471916286624037e-06
1.909772322505887e-07
4.606054426403716e-05
1.2987979403078498e-07
8.661881878424538e-08
1.379442551296961e-07
1.7989232219406404e-05
8.719238309140565e-08
0.00012875566608272493
2.1818046036514716e-07
1.9851773913615034e-07
2.2331718696477765e-07
3.9892875065561384e-05
1.3493695405486505e-07
8.358674108421837e-07
3.267491592851002e-07
1.408881530551298e-06
3.411261388919229e-07
2.609955345178605e-06
1.852443745065102e-07
6.251033482840285e-05
1.0634169029799523e-06
1.3864683751307894e-05
9.357764696460436e-08
1.752827847667504e-05
5.797040714128343e-08
1.8380567780695856e-05
5.371900897443993e-07
3.0300077924039215e-05
5.27006420725229e-07
3.587897299439646e-05
2.172063489069842e-07
2.8162437956780195e-05
1.257147005162551e-06
1.4259215276979376e-05
6.244959394052785e-08
6.057587853547375e-08
3.2864517152120243e-07
1.4339120468775945e-07
4.643195339326667e-08
1.586990947544109e-05
2.794918145809788e-07
2.530661504351883e-06
1.254461494681891e-06
5.036664774138444e-08
9.674934631220822e-09
1.0496918321223347e-06
3.720898789083549e-08
9.020814468385652e-05
6.63372702547349e-07
3.7212328152236296e-07
1.6867763406480663e-05
3.569838736439124e-05
2.6547089873929508e-05
3.864230166072957e-05
2.020736974372994e-05
4.059218554175459e-05
1.2959147170477081e-05
1.4942806956241839e-05
1.6212879927479662e-05
2.580666659923736e-05
2.0285449863877147e-05
5.992751903249882e-05
1.7374461094732396e-05
2.2685753719997592e-05
1.4502156773232855e-05
6.537094776604135e-08
1.7445867342757992e-05
8.142855278947536e-08
1.1030004316125996e-05
2.7322461392031983e-05
1.800305108190514e-05
2.2606369384448044e-05
2.5690482289064676e-05
2.580646274452647e-08
1.1930905202461872e-05
2.699491051316727e-05
1.8196720702690072e-05
1.4204655940375233e-07
1.3165214113541879e-05
3.447737981332466e-05
2.334121563762892e-05
6.071255120332353e-05
1.6158928701770492e-05
1.7122012252457353e-08
8.70830535859568e-06
2.654415584402159e-05
3.035940244444646e-05
4.1739750145097787e-07
1.6976222468656488e-05
4.3149961470589915e-07
0.00012514062109403312
1.4625269614043646e-05
1.4558720977220219e-05
2.109524359639181e-07
5.361751391319558e-06
2.0496676370385103e-05
1.2902110938739497e-05
3.1730309274280444e-05
1.54407462105155e-05
1.8588239981909283e-05
2.4398763343924657e-05
1.7291292806476122e-06
2.1660764105035923e-05
1.2795014825428552e-08
2.2953807274461724e-05
3.5674434911925346e-05
1.405549846822396e-05
2.909984323196113e-05
1.5650701243430376e-05
2.1461361029651016e-05
1.238012464455096e-05
3.2189640478463843e-05
2.1374655261752196e-05
1.5163968214437773e-07
1.9633898773463443e-05
3.466051111900015e-06
6.3861939452181105e-06
5.2261355449445546e-05
1.0810284948092885e-05
4.570990859065205e-05
1.0625346476444975e-05
1.8159737180667435e-07
7.165984243329149e-06
2.2594475012738258e-05
4.422859547048574e-06
1.834129079725244e-07
9.906307241180912e-06
5.4327166765233414e-08
1.946384691109415e-05
4.2541669245110825e-05
1.8460361388861202e-05
2.3824766685720533e-05
0.000164691373356618
1.6375135601265356e-05
3.957521039410494e-05
3.0910423447494395e-06
9.267081622965634e-06
5.428832446341403e-05
3.222912255296251e-06
2.515526648494415e-05
9.691048035165295e-06
3.506719440338202e-05
8.725036423129495e-06
2.4729419237701222e-05
2.6890749722952023e-05
1.992025863728486e-05
2.265272541990271e-06
1.5925090792734409e-06
1.2021877182633034e-06
4.693457594839856e-05
1.0431573173264042e-05
3.08967536000182e-08
0.00033668195828795433
1.1502345387270907e-07
4.756442194775445e-06
1.7678264185860826e-08
1.5529527445323765e-05
1.3012345334573183e-07
6.799982656957582e-06
7.309474312933162e-06
7.116354481695453e-06
1.3298441444931086e-05
2.5841261503956048e-06
1.1755770401578047e-07
4.390460617287317e-06
1.426120945779985e-07
4.430522312759422e-05
2.0397230400703847e-05
7.282500973815331e-06
2.9339493266888894e-05
2.14574538404122e-05
1.8696943016038858e-06
0.0010292776860296726
1.1117243730041082e-06
1.7454287444707006e-05
2.2533744413522072e-05
2.6214192985207774e-05
3.7318968679755926e-05
1.6421987311332487e-05
4.0491355321137235e-05
2.3210275685414672e-05
2.677178054000251e-05
1.477046316722408e-05
3.394429586478509e-05
4.2366755224065855e-05
5.9824978961842135e-05
1.329917722614482e-05
2.239590321551077e-05
2.409423359495122e-05
6.989278335822746e-05
3.4829376090783626e-05
7.303435012318005e-08
2.3212996893562376e-05
2.023023853325867e-06
5.122874790686183e-05
1.8269525753566995e-05
2.6863794118980877e-05
2.6628453269950114e-05
1.189571776194498e-05
3.1484665669268e-05
3.098403612966649e-05
1.78056307049701e-05
1.6802790923975408e-05
2.67284794972511e-05
2.711893648665864e-05
1.382371465297183e-05
1.111633173422888e-05
3.3074749808292836e-05
3.891749292961322e-05
4.5006043364992365e-05
2.123741796822287e-05
9.56934891291894e-05
3.3001011615851894e-05
4.961131708114408e-05
1.266765502805356e-05
8.733342110645026e-05
2.6494408302824013e-05
5.944855001871474e-05
3.506586290313862e-05
1.5604783811795642e-06
3.973520142608322e-05
1.6600864682914107e-06
3.9769522118149325e-05
1.3873272109776735e-05
4.033732238895027e-06
6.774385497010371e-07
1.0068915798910893e-05
2.5109292778324743e-07
6.2261651692097075e-06
1.5667994375689887e-05
2.5022789486683905e-05
3.399051638552919e-05
3.959143941756338e-05
2.7871694328496233e-05
1.3468159522744827e-05
6.533396685881598e-07
2.2399866793421097e-05
4.3983131035929546e-05
1.8298940631211735e-05
2.431394750601612e-05
1.3108145139995031e-05
4.5578801177725836e-08
2.6498455554246902e-05
9.895613573007722e-08
2.9391057978500612e-05
2.196318973801681e-06
1.706933107925579e-05
3.5347587981959805e-05
1.118413911171956e-05
7.396869818876439e-07
2.7672404030454345e-05
1.0365827307623476e-07
2.0500772734521888e-05
1.4577241636004601e-08
3.281153055922914e-07
3.47914028679952e-05
1.1215085038429606e-07
1.2503859636581183e-07
8.637019845991745e-07
2.0684827177319676e-05
9.859615346385908e-08
2.148438034055289e-05
1.1513718618516577e-06
2.3316010810958687e-07
3.8357785570042324e-07
6.75692675145001e-08
5.185642848459793e-08
1.9764866010518745e-05
1.1640679531410569e-07
2.4825287255225703e-05
1.725561133980591e-07
1.2601343769347295e-05
2.515391770430142e-07
3.044884761038702e-05
2.6298970112748066e-08
6.346627401399019e-08
2.3490946432502824e-07
4.241246642777696e-05
9.657907895643802e-08
2.7995503160127555e-07
2.1841584896264976e-07
1.935454929480329e-05
2.842582169648722e-08
2.4733784812269732e-05
2.6678467435203856e-08
2.9561659786736527e-08
1.932891819933502e-07
3.548715903889388e-05
1.3627575867758424e-07
2.499814399925526e-07
1.2782032854374847e-07
1.2288739526411518e-05
2.1710938824526238e-07
1.9239224968714552e-07
1.4271885220296099e-06
4.8964244342641905e-05
3.51033833112524e-08
2.6376528694527224e-05
2.0940106537636893e-07
3.760046070055978e-07
2.010014021891493e-08
1.5144560165936127e-05
1.3728078229746643e-08
1.225426444761979e-07
4.4248295694160333e-07
4.581621624311083e-07
1.5813327536307042e-07
2.7040307031711563e-05
1.1517063569499442e-07
2.569638854765799e-05
8.732194345384414e-08
1.4773861778394348e-07
1.2700999718617823e-07
1.9397652067709714e-05
1.800865874201918e-07
3.5920977097703144e-05
4.89309393003623e-08
3.399973866180517e-05
7.1964777816901915e-06
1.8023227312369272e-05
5.041848680775729e-07
2.0743713321280666e-05
3.4939608895001584e-07
2.9140997867216356e-05
2.516743506930652e-07
6.705776911530847e-08
3.9928993444959815e-09
6.003175258229021e-06
1.1235675145826463e-07
2.7506475817062892e-05
9.545573931291074e-08
2.4592163754277863e-05
1.1567529156764067e-07
2.140399556083139e-05
2.556130311859306e-05
1.0562310308159795e-05
8.650583538383216e-08
4.1806913941400126e-05
1.2812121497063345e-07
2.7510837753652595e-05
4.3239683122919814e-07
2.7660398700390942e-06
2.449174871799187e-07
1.950387559190858e-05
8.565874850319233e-06
5.141965857546893e-07
1.0073262274090666e-05
1.1443446965131443e-05
2.1783600459457375e-05
1.0775520422612317e-05
6.058344752091216e-06
2.5998604542110115e-05
6.509503691631835e-06
2.2646433617268258e-09
2.2771515432395972e-05
4.028486364404671e-05
6.486369784397539e-06
6.810300419601845e-06
4.243042894813698e-06
5.54794326035335e-07
7.034914233372547e-06
5.16206591782975e-06
4.120720041100867e-05
1.2816502525936357e-08
2.5485751393716782e-05
1.832483940233942e-05
1.5273290046025068e-05
1.738361424941104e-05
1.0801578355312813e-05
2.5852379792468128e-08
5.7456832109892275e-06
1.1999471098533832e-05
7.125798219931312e-06
8.636487223157019e-07
5.936305115028517e-06
5.133360332365555e-07
6.896545528434217e-06
2.4633768802573286e-08
2.7334195692674257e-05
2.5673358322819695e-05
8.067120688792784e-06
1.683287882769946e-05
9.111972758546472e-06
3.293573413998274e-08
3.818865479843225e-06
8.721691301616374e-06
5.8279591030441225e-05
1.927044301908154e-08
1.6830974345793948e-05
2.337837577215396e-05
7.930302672320977e-06
2.7590835088631138e-05
2.0318311726441607e-05
2.1350853785406798e-05
1.337622779828962e-05
1.6732034055166878e-05
1.2241755030117929e-05
3.0396518923225813e-05
3.970245597884059e-05
6.33684535955581e-08
9.078869879886042e-06
1.6360207155230455e-05
1.979144690267276e-05
1.559599331812933e-05
1.6626618162263185e-05
1.500074944260632e-07
2.2071561033953913e-05
2.3931622195050295e-07
6.775135716452496e-06
1.1280899769872121e-08
2.1425101294880733e-05
3.2909756555454805e-05
2.73345249297563e-05
2.6296138457837515e-05
2.0415296603459865e-05
1.3466951713780873e-05
3.0352373869391158e-05
3.350885526742786e-05
2.5195409762091003e-05
3.0636270821560174e-05
1.318300564889796e-05
1.335678553004982e-05
1.0855752407223918e-05
2.5838729925453663e-05
1.4793255104450509e-05
7.618452002589038e-08
4.118963624932803e-05
3.8805515941930935e-05
3.190351344528608e-05
3.350033875904046e-05
1.8868910046876408e-05
9.714632653867739e-08
2.1417499738163315e-05
2.7564630727283657e-05
4.08743362640962e-05
3.3068157790694386e-05
3.7629106373060495e-05
1.9260470995874357e-09
1.87529694812838e-05
1.4506207662634552e-05
1.3336746633285657e-05
2.049387330771424e-05
3.7841447920072824e-05
3.2187275792239234e-05
6.323150591924787e-05
5.269424150355917e-07
2.59986481978558e-05
2.4451032309968923e-09
2.8780386855942197e-05
2.237502485513687e-05
2.445832251396496e-05
9.156480729188843e-08
7.72748353483621e-06
1.3624890925711952e-05
1.7311618648818694e-05
4.9064730944792245e-08
1.3772560123470612e-05
2.6917701688944362e-05
4.873773650615476e-05
5.14689163537696e-05
1.552824141981546e-05
2.6020221412181854e-05
9.224472887581214e-05
3.2225571544586273e-08
1.951505873876158e-05
2.4727753043407574e-05
1.1895357602043077e-05
1.2004136806353927e-05
1.9762101146625355e-05
1.784602864063345e-05
1.921667717397213e-05
1.822972444642801e-05
3.366380769875832e-05
5.745855560235213e-07
4.5100776333129033e-05
3.196819670847617e-05
4.178125527687371e-05
2.2636395442532375e-05
4.986735075362958e-05
4.192432970739901e-05
3.094494604738429e-05
2.4894943635445088e-05
7.197090599220246e-05
4.7925746912369505e-05
3.661359005491249e-05
5.2156818128423765e-05
8.599391003372148e-05
8.608954885858111e-06
3.650266080512665e-05
1.1362913454604495e-07
1.4210363019628858e-07
4.8528781917411834e-05
4.7263938540709205e-08
8.319100288645132e-07
1.8806106538704626e-07
5.3230352932587266e-05
2.1596996191419748e-07
1.883477671071887e-05
6.438529567276419e-07
3.14295721182134e-05
2.7201528496334504e-07
2.4875058443285525e-05
6.682805633317912e-07
1.318958169349571e-07
1.8042971987597411e-06
2.1961701349937357e-05
1.2021525108707465e-08
3.401301000849344e-05
4.4215371985956153e-07
2.7081756343250163e-05
6.494797162304167e-06
1.6168863226084795e-07
1.0296967900558229e-07
1.5800169421709143e-05
2.05388164431497e-06
1.5836740203667432e-05
9.522089783331467e-08
3.6534005630528554e-05
1.0669257335393922e-06
2.896176454214583e-08
5.286125997372437e-06
3.72922804672271e-05
7.956416858689863e-09
4.2516418830018665e-07
2.769078299991179e-08
2.2105654352344573e-05
1.8979103515448514e-06
2.3442460587830283e-05
6.541657437963977e-09
4.31369286957306e-08
4.1899517100318917e-07
2.890548603318166e-05
8.954639838520961e-07
2.190432496718131e-05
1.7445640310143062e-07
2.056599987554364e-05
3.860116521536838e-06
3.751754411496222e-05
2.88527388647708e-07
9.521917121446677e-08
1.302577402384486e-06
6.765644684492145e-06
3.9015196762193227e-07
2.2864587663207203e-05
8.417591175202688e-07
3.370115518919192e-05
6.649319317375557e-09
3.3709980584717414e-08
8.439129395299005e-09
1.3287144611240365e-05
6.109036689849745e-07
2.7546018799284866e-08
2.800325127338965e-08
5.060933472122997e-05
4.139544671488693e-06
1.2833521623178967e-07
3.0468971090158448e-05
3.237151031498797e-05
5.693490675184876e-05
1.3272355658955348e-08
8.789806997810956e-06
8.6251738196097e-08
0.0003882981836795807
4.387619628687389e-05
5.760132262366824e-05
3.26493100146763e-05
1.5916320990072563e-05
4.6449207729892805e-05
3.184725937899202e-05
1.3862432091116261e-08
0.00041536870412528515
1.653501567489002e-05
1.6166413843166083e-05
4.94390151288826e-05
1.2405629604472779e-05
2.410300510291563e-07
2.7406040317146108e-05
8.179051292245276e-06
4.3407319026300684e-05
2.3549615434603766e-05
1.7761994968168437e-05
2.9835386158083566e-05
0.0002492903731763363
1.0862770238873054e-08
9.069015504792333e-05
4.325396730564535e-06
1.610547406016849e-05
2.323298394912854e-05
2.7280135327600874e-05
1.1251564501435496e-05
4.3739717511925846e-05
2.5759185518836603e-05
2.2519778212881647e-05
1.271031280225543e-09
7.5208972702967e-06
7.399281543030156e-08
1.8408720279694535e-05
2.5696001557662385e-06
5.970231995888753e-06
3.778097379836254e-05
7.241436833282933e-06
5.1747619522757304e-09
1.420250646333443e-05
2.6038529540528543e-05
6.204727833392099e-05
3.750724530959815e-08
1.4381454093381763e-05
4.553014150587842e-05
2.187551581300795e-05
4.8967460315907374e-05
0.00036294557503424585
8.696340501046507e-07
1.3526890143111814e-05
1.035463901644107e-05
4.3572399590630084e-05
1.898568734759465e-05
1.8730846932157874e-05
6.230286064834445e-09
1.8746459318208508e-05
2.305491079823696e-06
7.34516215743497e-05
2.2324533347273245e-05
4.6504574129357934e-05
9.004450873817404e-08
2.8761116482201032e-05
4.003244612249546e-05
4.255633484717691e-06
3.369968180777505e-05
1.3017564015171956e-05
4.7167864977382123e-05
1.5367626474471763e-05
4.8732214054325595e-05
3.3991487725870684e-05
8.36325213526834e-08
1.6243569689322612e-07
4.027530303574167e-05
0.00013508573465514928
1.6919223071454326e-06
0.0007818006561137736
6.198024493642151e-08
0.00014111699420027435
1.5625200830982067e-05
3.1544372177449986e-05
8.867921792443667e-07
2.025415415118914e-05
8.686645742272958e-06
1.9240527763031423e-05
3.41958184435498e-05
1.6831676475703716e-05
2.6804407752933912e-05
1.3468159522744827e-05
5.470676569530042e-07
4.760600131703541e-05
4.6557059363294684e-07
1.2875587344751693e-05
2.4901937649701722e-05
1.7157959518954158e-05
3.234040946153982e-08
1.7950065739569254e-05
1.2017970618671825e-07
1.699139284028206e-05
3.1680396205047145e-05
9.273362593376078e-06
1.5243038433254696e-05
1.4725634173373692e-05
4.438621908775531e-05
2.1360167011152953e-05
1.8050039329864376e-07
2.0142577341175638e-05
3.056989226024598e-05
1.4819765965512488e-05
1.4575292972551779e-08
1.9255092411185615e-05
2.3530066783905568e-08
2.0590883650584146e-05
3.275901505617185e-08
1.5220832210616209e-05
5.225654604146257e-06
4.997783980797976e-05
2.9191056455601938e-05
1.557366704219021e-05
3.1094914447749034e-05
2.991556357301306e-05
1.0586980891957865e-07
1.0449939509271644e-05
1.264979800907895e-05
1.8677479602047242e-05
3.76145908376202e-05
2.9023445677012205e-05
3.689038931042887e-05
1.0994505828421097e-05
3.7704747228417546e-05
2.377136297582183e-05
3.2903590181376785e-05
3.2798252505017444e-05
2.3791807279849309e-07
1.189571776194498e-05
1.0569692676654086e-07
2.217850305896718e-05
4.447745959623717e-05
2.032657721429132e-05
2.9957927836221643e-05
2.530296114855446e-05
9.146818774752319e-05
2.4948489226517268e-05
4.534838353720261e-07
1.5018158592283726e-05
3.5506764106685296e-05
2.3998254619073123e-05
3.066014323849231e-05
1.629499274713453e-05
2.998460502112721e-08
1.161997079179855e-05
2.6647838240023702e-05
1.758606049406808e-05
6.410204811402309e-09
1.9147886632708833e-05
2.4994480440909683e-07
1.9240527763031423e-05
3.41958184435498e-05
2.6214192985207774e-05
3.7318968679755926e-05
1.2875587344751693e-05
1.6832534299737745e-07
4.760600131703541e-05
2.394882017142663e-07
2.7334641345078126e-05
9.155496627499815e-06
1.685990901023615e-05
9.583122562162316e-08
7.1547860898135696e-06
2.8160698093415704e-06
1.4083552741794847e-05
1.911593062686734e-05
1.699139284028206e-05
3.1680396205047145e-05
1.0804911653394811e-05
2.4877172108972445e-05
1.4725634173373692e-05
4.438621908775531e-05
2.1360167011152953e-05
1.8050039329864376e-07
1.5380097465822473e-05
2.5460149117861874e-05
1.9915494704036973e-05
1.5542127584922127e-05
2.1364656277000904e-05
1.6555422632791306e-07
1.7157959518954158e-05
7.200783898042573e-07
1.4819765965512488e-05
3.538846726769407e-08
2.157695053028874e-05
2.6020288146355597e-07
4.0878047002479434e-05
3.8018086343072355e-05
1.1257787264185026e-05
1.2385467584863363e-07
2.409423359495122e-05
6.989278335822746e-05
2.530296114855446e-05
1.4848755199636798e-05
1.8677479602047242e-05
3.76145908376202e-05
1.3954957466921769e-05
2.7189079787603987e-07
1.822145532059949e-05
8.477108792703802e-08
2.434402449580375e-05
9.28272783085049e-08
1.9043454813072458e-05
5.380290167522617e-05
1.2534389497886878e-05
7.948673555802088e-06
1.3138288522895891e-05
2.926831221827797e-08
2.5053317585843615e-05
4.8528781917411834e-05
1.2000453352811746e-05
9.999507710745092e-06
1.9532886653905734e-05
6.399273843271658e-05
1.3159990885469597e-05
2.880892679968383e-06
1.9255092411185615e-05
2.5465373809652192e-08
2.8269365429878235e-05
1.2070027644028869e-08
8.147218977683224e-06
1.802222504920792e-05
1.169989445770625e-05
2.8335375645838212e-06
3.159803236485459e-05
4.251839709468186e-05
3.507791188894771e-05
2.9421016733977012e-08
2.5984591047745198e-05
4.0192528103943914e-05
2.2094718588050455e-05
1.3577256652297365e-08
2.0135419617872685e-05
2.836329713318264e-07
2.611273157526739e-05
3.506719440338202e-05
2.269802280352451e-05
4.604208152159117e-05
2.068532194243744e-05
1.1188732287337189e-06
2.1790694518131204e-05
3.4053518902510405e-05
4.0022117900662124e-05
4.7072695451788604e-05
3.5096494684694335e-05
5.725978553527966e-05
3.754650606424548e-05
8.294294093502685e-05
2.2540392819792032e-05
1.2181262718513608e-06
3.093611303484067e-05
2.2737616745871492e-05
4.585608985507861e-05
1.044087071022659e-06
1.4934782484488096e-05
6.682176717731636e-06
2.1124835257069208e-05
1.3645157537212071e-07
0.0001063026866177097
1.388914938615926e-07
2.3182366930996068e-05
2.705216502363328e-05
5.73258257645648e-05
2.445633253955748e-05
2.2115520550869405e-05
4.0093382267514244e-05
2.5273446226492524e-05
5.4695196013199165e-05
1.529684777779039e-05
5.7629760704003274e-05
1.0725478205131367e-05
7.081258956986858e-08
1.2032590348098893e-05
1.8207638277090155e-05
6.0416964515752625e-06
6.508606986699306e-08
4.407701453601476e-06
2.4735114493523724e-05
8.559754860471003e-06
1.9423867342993617e-05
7.892567737144418e-06
1.9850594057402304e-08
9.064538062375505e-06
1.3433584244992858e-09
3.1676615890319226e-06
8.267296834674198e-06
7.777507562423125e-06
2.1815345974118827e-07
6.253556875890354e-06
7.5302727964299265e-06
7.500759693357395e-06
2.5786948754102923e-06
5.134225375513779e-06
2.872805907827569e-06
5.7960060075856745e-06
6.354899596772157e-06
8.382794476347044e-06
1.6603416419513906e-09
1.4973776160331909e-05
1.701654639418848e-08
4.738096322398633e-06
2.0233574105077423e-05
8.039308340812568e-06
5.4405218179454096e-06
1.2552754014905076e-05
1.986894494621083e-05
9.468940334045328e-06
2.835148734448012e-06
9.47116768656997e-06
5.210206381889293e-06
9.301466889155563e-06
3.60071510385751e-08
8.776290087553207e-06
2.5488438382126333e-07
9.738761036715005e-06
3.937029305234319e-06
6.7744331317953765e-06
6.709190074616345e-06
9.814602890401147e-06
1.4522003766614944e-05
6.0172637859068345e-06
5.557008080359083e-06
4.574761078401934e-06
3.5285543162899558e-06
1.7460180970374495e-05
9.020814468385652e-05
6.207792466739193e-05
3.2784837458166294e-06
1.1170094467161107e-06
4.2686784581746906e-05
1.3099493116897065e-05
2.1683674276573583e-05
3.1666893391957274e-06
6.251033482840285e-05
1.372041879221797e-06
3.5894830944016576e-05
0.0004547682765405625
1.6481889133501681e-06
1.2750214409606997e-05
3.937882553373129e-08
5.171744760446018e-06
3.027655475307256e-05
2.7292164304526523e-05
2.1562866095337085e-05
1.3517164916265756e-06
7.724142051301897e-06
0.0008047082228586078
5.196942311158637e-06
0.0002965629391837865
2.1329704225081514e-08
1.65074609981275e-07
3.782639032579027e-05
1.8491346054361202e-05
4.202046329737641e-05
5.156173756404314e-06
1.526553569419775e-05
3.680794634419726e-06
2.921637315012049e-05
1.6030569440772524e-06
4.8762638471089303e-05
4.513275598583277e-06
1.968862852663733e-05
5.252138066680345e-07
1.4652256140834652e-05
6.42838760001041e-09
2.2065200028009713e-05
4.9916401678729017e-08
5.3612802730640396e-05
2.38209281633317e-06
8.336068276548758e-05
0.0002672880655154586
9.294132723880466e-06
1.604673707333859e-05
2.6732128389994614e-05
2.9328093660296872e-06
3.872428715112619e-05
1.7351458154735155e-06
5.555732059292495e-06
2.184468485211255e-06
1.8649108824320138e-05
1.092885440812097e-06
3.873668941167807e-09
0.00025546818505972624
4.130052275286289e-06
1.973088728846051e-06
3.357342575327493e-05
1.8874488887377083e-05
3.382520662853494e-05
5.1757393521256745e-05
1.5259105339282542e-06
6.390028829628136e-06
1.776338103809394e-05
1.1659867595881224e-05
3.795934026129544e-05
7.045351139822742e-06
2.46742620220175e-05
1.8918140995083377e-05
3.208719863323495e-05
1.407079071213957e-05
2.011583637795411e-05
8.893770427675918e-06
1.7341670854875701e-07
6.78634678479284e-05
6.250039859878598e-06
9.604982551536523e-06
8.760031050769612e-06
3.771853880607523e-05
2.598534047137946e-05
7.039499905658886e-06
8.219180003266047e-09
8.703023922862485e-06
7.053870945128438e-07
1.2856038665631786e-05
1.3888477042200975e-05
3.7468904338311404e-05
5.5614464145037346e-08
1.2592014172696508e-05
1.3403746379481163e-05
9.951386346074287e-06
1.6620552401036548e-07
4.695017196354456e-05
7.596986506541725e-07
8.205742233258206e-06
3.6932128466560243e-08
1.2355241779005155e-05
5.656631287820346e-07
4.3479256419232115e-05
1.7136204633061425e-07
1.0167471373279113e-05
1.5063375030877069e-05
1.4845469195279293e-05
2.1218762412900105e-05
1.5319956219173037e-05
2.178850263589993e-05
6.039508662070148e-06
2.7398631573305465e-05
2.391745147178881e-05
3.809080340033688e-08
1.3829999261361081e-05
3.157507819651073e-07
2.2653568521491252e-05
2.689860230020713e-05
2.2581813027500175e-05
1.2027786624457804e-06
3.826219472102821e-05
6.755258823432087e-07
1.171188796433853e-05
1.747380338201765e-05
2.2211906980373897e-05
3.0613412604907353e-07
1.9303379303892143e-05
3.0307541237561963e-05
1.5285511835827492e-05
1.1831965451847282e-07
2.0214529286022298e-05
4.955244548909832e-06
2.3269769371836446e-05
0.00033961396547965705
2.126908839272801e-05
3.081347676925361e-05
1.930958569573704e-05
1.7569449482834898e-05
4.5774660975439474e-05
3.330298568471335e-05
6.348245369736105e-05
2.772868867850775e-08
3.9750058931531385e-05
1.76797439053189e-05
1.651723141549155e-05
1.5044007284359395e-07
1.1747341886803042e-05
2.2387050194083713e-05
1.9417766452534124e-05
6.959345455470611e-08
2.2387514036381617e-05
3.1680308893555775e-05
2.009948184422683e-05
2.5620636733947322e-05
2.1688061679014936e-05
3.2119594095547654e-08
2.4738654246903025e-05
5.475527814269299e-06
1.7496173313702457e-05
2.5431489120819606e-05
3.0162053008098155e-05
2.193736214906039e-08
2.2699949113302864e-05
1.8649108824320138e-05
2.6029905711766332e-05
2.5332434233860113e-05
6.0172637859068345e-06
5.557008080359083e-06
6.898113497300074e-05
3.3748903661035e-05
1.2282485840842128e-05
2.6568135581328534e-05
2.7192430934519507e-05
4.415636431076564e-05
3.912833199137822e-05
2.9058830477879383e-05
8.7095053459052e-05
3.603302684496157e-05
2.2649928723694757e-05
5.996484446768591e-07
1.8374297724221833e-05
1.3738238635596645e-07
2.175296140194405e-05
1.354431969957659e-05
4.209092730889097e-05
1.128172016251483e-06
1.42233184305951e-05
1.746627731336048e-07
3.610556404964882e-06
3.0202374546206556e-05
3.43383419476595e-08
3.437716804910451e-05
5.719464866160706e-07
3.6296707548899576e-05
5.816985321871471e-06
1.5867269098635006e-07
3.112658532700152e-06
3.1678795494372025e-05
4.881898121311679e-07
1.288188013859326e-05
2.101408199450816e-06
5.478978710016236e-05
6.4651508182578254e-06
6.0047175793442875e-05
2.707427483983338e-06
2.940711783594452e-05
1.2623826251001447e-06
2.4253914432392776e-08
1.5588733504046104e-06
2.076107557513751e-05
5.654790697917633e-07
6.324139394564554e-05
8.745089985495724e-08
4.961131708114408e-05
4.867102688876912e-06
1.3662795481650392e-06
9.043044428835856e-07
4.398973942443263e-06
2.1100502181070624e-06
3.861862205667421e-05
2.504618350940291e-06
3.36824705300387e-05
1.2358991625660565e-06
8.731029055297768e-08
2.4731057237659115e-06
1.791691465768963e-05
4.328968316258397e-06
2.0853585169788857e-07
5.719846285501262e-06
2.396510808466701e-06
3.6013992144035e-07
3.893744360539131e-05
0.0001783738989615813
2.3738257368677296e-05
2.188629878219217e-06
1.6458089646675944e-07
2.62110261246562e-05
5.625351332128048e-05
1.972769723579404e-06
3.537961674737744e-05
6.0869631852256134e-05
6.896309059811756e-06
6.8125195866741706e-06
5.134576349519193e-05
4.9485723963016426e-08
2.033739656326361e-05
4.7540751779706625e-07
4.42809505329933e-05
1.0784517144202255e-05
6.150248373160139e-05
4.232227183820214e-06
3.395780731807463e-05
1.2617714446605532e-06
1.7543312424095348e-05
1.5682701359764906e-08
4.498673297348432e-05
3.950295877075405e-07
4.2908945033559576e-05
0.00010033959551947191
4.7127246944000944e-05
6.222037285397164e-08
4.0541977796237916e-05
2.318677979928907e-05
3.988641401519999e-05
1.0663486591511173e-06
2.9197201456554467e-06
2.930658774857875e-05
1.4732083400303964e-05
1.3452741143282765e-07
3.031452069990337e-05
4.685345629695803e-06
5.444557609735057e-05
4.488038882755063e-07
3.78026015823707e-05
4.827634256798774e-06
3.469696457614191e-05
8.614779858362454e-07
4.351507595856674e-05
0.00011620258737821132
9.081621101358905e-06
2.1364656277000904e-05
1.783022889867425e-05
1.5131622603803407e-05
1.6057780158007517e-05
1.3136886082065757e-05
1.3693050277652219e-05
6.615473012061557e-06
3.05412777379388e-06
1.0967440175591037e-05
2.303183350704785e-07
3.8742397009627894e-05
1.458823106759155e-07
8.044012793106958e-05
1.4667880350316409e-05
2.1163294150028378e-05
2.2442982299253345e-05
2.198625406890642e-05
3.756803926080465e-05
8.055901162151713e-06
1.1104435770903365e-06
2.621183193696197e-05
7.338572231674334e-06
0.0001528679858893156
4.500361399095709e-07
1.581747710588388e-05
5.503839588527626e-07
1.7171101717394777e-05
4.371740942588076e-05
1.7222431779373437e-05
2.307610157004092e-05
2.6594980226946063e-05
5.55475878627476e-07
2.3627117116120644e-05
3.3449060765633476e-07
2.233958730357699e-05
4.1409639379708096e-05
1.7862397726275958e-05
1.9499506379361264e-05
1.433314446330769e-05
3.401923822821118e-05
1.286241240450181e-05
2.4025018774409546e-06
1.1929889296879992e-05
6.218892849574331e-06
2.2529015097916272e-08
2.382020466029644e-05
3.720234786896981e-09
1.4314879081211984e-05
6.781443406822518e-09
1.718919702398125e-05
1.1139806588289503e-07
1.559009797347244e-05
8.236438731046292e-08
2.1615938749164343e-05
7.99786459282359e-09
1.09924039861653e-05
1.2434142604433873e-08
1.0082817425427493e-07
1.0053677002019867e-08
1.697363768471405e-05
5.700067049474455e-07
4.941546762893267e-07
6.781444295000938e-09
1.8545595594332553e-05
7.104411725578075e-09
3.3306907425867394e-05
2.1993024290622998e-07
4.508156416704878e-05
3.184059593763777e-08
1.576694046434568e-07
3.324945874183527e-09
1.1948194696742576e-05
2.283941569203307e-08
3.9073199786798796e-07
7.652153577453191e-09
1.515133618568143e-07
9.47676515039575e-09
2.4842453058226965e-05
1.6125202506600544e-08
5.863294916252926e-08
6.124402318619104e-09
4.067998702339537e-07
2.881858165437734e-07
2.2799238649895415e-05
8.639981174951572e-09
1.0416207260277588e-05
1.3393561815178145e-08
3.811796602803952e-07
5.632466493210586e-09
1.0152810318686534e-05
1.1516291031909986e-08
8.098731427708117e-07
2.5737890041455103e-08
2.2625807105214335e-05
7.595169790874934e-07
6.65970745217237e-08
1.087960388446163e-08
3.113138154731132e-05
5.29859711662084e-09
2.535093024391699e-08
4.616425464121221e-09
1.759806991685764e-06
8.667387696448259e-09
6.164336951997029e-08
4.271250464427112e-09
1.312207871251303e-07
1.2843615060376123e-08
2.0666362615884282e-05
3.826619465741032e-09
5.855820859324012e-07
3.3166600577061445e-09
1.3210397810325958e-05
9.272353551637025e-09
2.6388457285975164e-07
1.2331483389971254e-08
3.141579725252086e-07
2.8614314828701026e-07
9.518066690361593e-06
4.2573253722366644e-07
1.1321994008994807e-07
2.6892539040090924e-07
1.2029835261273547e-07
1.2167955674158293e-06
9.899918040900957e-06
1.0666256002878072e-06
2.636821250234789e-07
1.0536556516171913e-07
1.4971818018238991e-05
4.362213417152816e-07
7.409433777638696e-08
5.473087867358117e-07
2.5358305720146745e-05
6.413442861230578e-07
6.485743853090753e-08
5.329926580088795e-07
4.319804247643333e-06
3.6136893299953954e-07
1.0328865755582228e-05
1.2411269381118473e-06
3.360345957048594e-08
3.323563930734963e-07
2.113557115990261e-07
4.77590219816193e-07
9.505202797299717e-06
4.3993833287458983e-07
2.543580706060311e-07
4.2776818531820027e-07
6.535774588201093e-08
4.998728400096297e-07
3.1788766818863223e-07
2.300698724866379e-07
1.0996146215802582e-07
7.087046469678171e-07
8.847844583215192e-06
2.726996228830103e-07
1.2486340892792214e-05
1.6495571344421478e-06
3.714176273206249e-06
1.4471281417627324e-07
1.2028185381041112e-07
8.46351468908324e-08
4.922554808217683e-07
1.735949695103045e-07
9.089436048270727e-08
8.314345336657425e-07
1.3051462701696437e-05
2.1713104558784835e-07
6.449274110309489e-07
3.361359119935514e-07
1.5409010302391835e-05
3.093039140367182e-07
3.974871987111328e-08
2.767529849734274e-07
1.888762923840659e-08
8.324798272951739e-07
1.2707932910416275e-05
3.242168986616889e-07
7.804407687217463e-06
1.472851636208361e-07
1.8690772776608355e-05
6.008360742271179e-07
7.285112246790959e-08
6.094980449233844e-07
9.830225280893501e-06
4.0637391407472023e-07
8.837992936605588e-06
2.4760717565186496e-07
8.497448106936645e-06
5.439308665700082e-07
1.3181660563077457e-07
7.226956881822844e-07
1.728032475512009e-05
9.503776254859986e-07
1.3039129953540396e-07
1.0063365607493324e-06
1.7840136479208013e-08
