3.500385219012969e-06
1.8544907334216987e-06
4.956742486683652e-06
3.156467755616177e-06
2.887125901906984e-06
8.39588594203633e-08
5.877183866687119e-06
1.432287490388262e-06
1.4091163393459283e-05
5.1307865760463756e-06
2.400949306036182e-08
1.3507343510354985e-07
2.5548828830324055e-07
1.795053439224148e-09
8.715180115359544e-07
3.6559179079631576e-06
2.8310567358857952e-05
3.6428309613256715e-07
2.54143524216488e-05
1.07272299487704e-07
2.415074959571939e-06
1.450315949114156e-06
4.519664798863232e-06
8.976114713732386e-07
1.1189606539119268e-06
3.887213608777529e-07
3.4226500247314107e-06
3.507944484226755e-06
7.783892641555212e-08
1.7149362747659325e-06
3.58818142558448e-05
8.473131856590044e-06
7.440597255481407e-05
1.1944031029997859e-05
4.553702183329733e-06
2.9784503112750826e-06
2.9623306545545347e-06
1.6699302705092123e-06
2.006016075029038e-06
5.031754426454427e-07
7.407394605252193e-06
3.9238802855834365e-06
2.029582446994027e-06
2.1356116519655188e-07
4.404537776281359e-06
5.723294407289359e-07
1.617968337086495e-06
2.244857114419574e-06
1.4193516108207405e-05
2.532617315864627e-07
2.291895725647919e-06
1.986623146876809e-06
5.0130947784055024e-06
4.91858008899726e-06
7.008005923125893e-06
6.497515641967766e-06
4.445778358785901e-07
3.9687915887043346e-06
1.2270106708456296e-07
8.349321433342993e-06
9.907799721986521e-06
0.0002875998616218567
2.5489835024927743e-06
8.906619768822566e-06
1.1108188118669204e-05
2.8883650884381495e-06
6.188793577166507e-06
2.2572723992198007e-06
1.1041345715057105e-05
1.7127293006069522e-07
1.281601726077497e-06
3.3100491236837115e-06
1.2669980606005993e-05
8.184338184946682e-06
1.1993480256933253e-05
4.800462647835957e-06
5.355766916181892e-06
7.624670956829505e-07
8.631799573777243e-06
4.6302584451041184e-06
5.9428771237435285e-06
3.1576844321534736e-06
4.956642897013808e-06
5.716462510463316e-06
7.4270997174608056e-06
7.196886599558638e-06
1.6674396192684071e-06
5.817989404022228e-06
6.764526915503666e-06
1.25921123981243e-05
1.5536381852143677e-06
5.2041723392903805e-06
6.140300001789001e-08
6.853037120890804e-06
7.84436815592926e-06
4.301083222912894e-08
2.8513338747870876e-06
7.83484210842289e-06
1.9976679865862934e-08
2.0957691049261484e-06
6.335178568406263e-06
2.0508357465587324e-06
8.856369504428585e-08
4.451405910543826e-09
0.00010404885688330978
5.052654614701169e-07
9.69527245615609e-05
1.030441367788626e-07
1.1786714821937494e-05
5.929030066909036e-06
1.107835032598814e-05
3.225058753741905e-05
1.936637272592634e-05
1.3893144569010474e-05
2.558410301389813e-07
5.225806035014102e-06
6.200351435836637e-06
9.364518973598024e-07
1.9587523070185853e-07
2.7401492843637243e-06
2.1451194243127247e-06
5.0256112444913015e-06
4.0136073948815465e-06
4.0136073948815465e-06
1.5835650629014708e-05
1.5835650629014708e-05
9.558423698763363e-06
1.3623897757497616e-05
2.5555098545737565e-05
1.7597682017367333e-05
9.888471140584443e-06
1.153221364802448e-05
8.01596888777567e-06
3.535606651894341e-07
1.3381684027535812e-07
2.9765734765874186e-08
3.487246431177482e-06
3.481634394120192e-06
6.2615440583613236e-06
7.756363629596308e-06
5.991399575577816e-06
3.6689930311695207e-06
5.309503194439458e-06
6.844282779638888e-06
4.549890945781954e-06
2.2443141460826155e-06
4.64495633423212e-06
4.378409812488826e-06
5.059541763330344e-06
7.968637305566517e-07
7.574122719233856e-06
4.503497166297166e-06
8.095994417089969e-06
6.26558994554216e-06
4.402854756335728e-06
3.2801103770907503e-06
2.304212102899328e-05
9.738537301018368e-06
3.427166575420415e-06
2.841346713466919e-06
7.31820455257548e-06
1.0368548828409985e-05
1.1155491847603116e-05
8.960952072811779e-06
5.550562946154969e-06
2.9156612981751096e-06
2.4307676085300045e-06
6.224200205906527e-06
4.390740741655463e-06
5.431059889815515e-06
1.1164669331265031e-06
4.240630460117245e-06
3.687247954076156e-06
1.9330416307639098e-06
1.1741525668185204e-05
8.57261966302758e-06
1.244925533683272e-05
4.879007065028418e-06
2.669558625711943e-06
9.891145055007655e-06
3.0242829325288767e-06
1.3909728977523628e-06
2.827086063916795e-06
3.440100499574328e-06
1.039658127410803e-05
8.951750714913942e-06
5.469935786095448e-06
3.47555692314927e-06
1.3696942005481105e-05
1.342393625236582e-05
9.253148164134473e-06
4.789434910890122e-07
8.586835974710993e-06
1.0339581422158517e-05
2.5318011466879398e-05
2.7541836971067823e-05
1.6039680872381723e-07
7.795472924954083e-07
1.0861451301025227e-05
8.06263506092364e-06
7.420146175718401e-06
2.8245897283341037e-06
1.686494033492636e-05
3.6022513540956425e-06
4.1584594328014646e-06
1.8617575960888644e-06
2.164714715036098e-06
1.6723552107578143e-06
1.0499480822545593e-06
4.277632342564175e-06
2.0379104626044864e-06
2.8638041840167716e-06
3.4301095297450956e-08
4.715534032584401e-06
1.8214383601389272e-07
1.6401545508415438e-06
2.617025756990188e-06
3.0909664019418415e-06
5.833898057971965e-07
2.005086116696475e-06
3.3105313832493266e-06
4.729536939862555e-08
2.907078169300803e-06
4.213560532662086e-05
4.866354174737353e-06
4.482139047468081e-06
8.517123433193774e-07
2.2237609300646e-06
1.7513658576717717e-06
1.4709070228491328e-06
3.7272407382715755e-09
5.2583210674583825e-08
2.960868187074084e-06
7.306493898795452e-07
1.7449821143600275e-06
2.0113084246986546e-06
8.924118901632028e-07
2.3133604827307863e-06
3.161228960379958e-06
2.859669621102512e-06
6.296299943642225e-07
2.0785286380942125e-08
5.822330876981141e-06
5.884224719920894e-06
1.8673972590477206e-06
1.0737649063230492e-06
8.388202559217461e-07
6.367929927364457e-06
1.3992377034810488e-06
6.312036475719651e-07
7.759223990433384e-06
2.362358600294101e-06
4.016485036117956e-06
5.357632744562579e-06
1.182357118523214e-05
9.773438023330527e-07
2.672328264452517e-06
9.535151548334397e-07
5.862671059730928e-06
3.5690779895958258e-06
4.616370461008046e-06
2.7578419121709885e-06
2.5035812996065943e-06
1.8379118955635931e-06
6.591062060579134e-07
3.6027074656885816e-06
6.045364443707513e-06
4.234814241499407e-07
4.66118763142731e-06
5.662126204697415e-05
4.499519036471611e-06
4.16790635426878e-06
7.395857210212853e-06
4.901736247120425e-06
2.0518521068879636e-06
6.332484645099612e-06
2.2707508762209727e-08
5.383339885156602e-05
2.2011979581293417e-06
6.747782776983513e-07
2.8230906536919065e-06
2.212547542512766e-06
3.3559961138962535e-06
5.097590019431664e-06
4.550312553419644e-07
1.4460249531111913e-06
2.9157783501432277e-05
3.2865684715943644e-06
3.22243727168825e-06
2.4546329768782016e-06
4.447797891771188e-06
3.8152797060320154e-05
2.117136500601191e-05
1.1861533266710467e-06
2.923179863500991e-06
1.2504408914537635e-05
3.673674655146897e-06
8.343259651155677e-06
4.919123057334218e-06
2.4961118469946086e-06
