9.686773605466215e-10
9.686773605466215e-10
3.2779013281469815e-08
9.52469561554814e-11
9.52469561554814e-11
9.52469561554814e-11
4.798645250048139e-07
6.3574224010154445e-12
6.3574224010154445e-12
6.159789345261402e-11
5.1103747011893574e-08
6.159789345261402e-11
1.522510589824222e-11
1.522510589824222e-11
7.483415487286038e-08
2.677350563473624e-09
3.667777859206467e-09
2.677350563473624e-09
2.409014143722743e-07
3.315202062523226e-12
3.315202062523226e-12
5.600295480689965e-06
5.868177471723968e-11
5.868177471723968e-11
2.3687707351172094e-10
2.9305326165740553e-07
2.3687707351172094e-10
1.0597057675809651e-09
1.0597057675809651e-09
1.0597057675809651e-09
4.225610694685855e-10
4.225610694685855e-10
4.225610694685855e-10
4.541666209778583e-10
4.541666209778583e-10
4.541666209778583e-10
3.9335645851679146e-11
3.9335645851679146e-11
3.9335645851679146e-11
9.893790775095113e-06
3.9803097706681e-07
3.50470180654483e-10
3.9083315073185076e-07
6.479911007772898e-07
7.206979457663465e-09
1.2002150662215882e-10
1.0639033831694178e-07
2.5000296943744615e-08
2.2428153556575126e-07
1.2999129550550492e-10
1.5325016256007018e-10
1.4658682601087492e-10
1.4658682601087492e-10
1.4658682601087492e-10
6.268251195873376e-11
6.268251195873376e-11
6.268251195873376e-11
4.192417524251368e-09
4.192417524251368e-09
4.192417524251368e-09
1.0093351935497319e-12
1.0093351935497319e-12
1.0093351935497319e-12
8.384468791998445e-13
8.384468791998445e-13
8.384468791998445e-13
4.63670248029846e-11
4.63670248029846e-11
4.63670248029846e-11
3.1446171621513086e-12
3.1446171621513086e-12
3.1446171621513086e-12
2.0048206650358225e-08
1.0513002735024202e-06
1.1806460253893647e-09
3.362984202226471e-08
1.7453323508664909e-10
1.3165372125811814e-09
2.479460213533624e-11
2.3214059841070167e-10
6.52686654722956e-11
1.3113554513111136e-11
5.6177947710400744e-11
2.3769088031144747e-08
2.4663471265284898e-09
3.446278071805864e-07
3.5733471737131595e-11
1.869782863650471e-05
7.707207094753699e-10
7.379775457394544e-09
7.333922358299105e-10
3.6906779854462e-09
4.618971871650501e-08
2.5204043296866985e-08
7.721852324227285e-11
1.8633516951638285e-09
6.51972850707061e-11
6.51972850707061e-11
6.51972850707061e-11
4.935686234719405e-11
4.935686234719405e-11
4.935686234719405e-11
