2.2106474716565572e-05
0.00011853182513732463
5.103891753677203e-10
2.627596984439151e-08
1.686160067038145e-05
6.232892337720841e-05
7.032239324189504e-08
5.768491746493964e-07
4.488746180308922e-12
4.296245650903252e-11
5.618044363053798e-10
2.9705654602807385e-10
1.3430382674040064e-11
5.068457806234328e-12
5.487612447785395e-11
3.6362644006970868e-09
2.4970679532998474e-06
2.185494395234855e-06
1.6869013963471957e-09
8.252150074383735e-09
5.628527287626639e-05
9.683271855465136e-06
1.7295788135029966e-09
3.9635256188219614e-10
3.0589424568461254e-05
4.896739028481534e-06
2.045557750962601e-10
2.503567353429048e-10
5.2002869779244065e-06
4.012405042885803e-06
6.69042110601481e-09
4.8612225356237104e-08
6.460277745645726e-06
1.338163474429166e-05
9.01515112561313e-11
8.919699007181592e-11
0.00019422051263973117
3.089942401857115e-05
2.1713014575652778e-05
2.528881850594189e-06
2.794374731607263e-10
2.2783004649529204e-10
4.556383714771073e-07
4.445782622042316e-07
1.4404009929247508e-10
1.8703803783548523e-10
2.5060381547703514e-10
3.2909577840634086e-10
1.852207986985377e-07
6.367675382534799e-07
1.93463259301474e-10
1.604388982778815e-10
3.883699051243639e-08
2.3486393274652073e-07
9.303834092033725e-11
1.723437226264224e-10
8.551671176748599e-11
4.3160439111566973e-10
5.175303297022538e-09
7.52248840996117e-09
1.106865640809751e-10
1.9475830670412364e-10
2.5639051770554033e-08
3.1267617828234506e-08
8.195733158800067e-08
1.2144317906859214e-07
3.5794332831073916e-08
1.7380401118316513e-08
1.0348620094191574e-07
1.2941359273099806e-07
4.427312294552621e-09
2.210029315108386e-08
