9.161836089788267e-08
1.7654544492984314e-11
1.8742804617360997e-12
2.856314089329931e-13
3.087177735672242e-11
2.1024446072992475e-11
2.859082748329911e-09
7.673976121225223e-09
1.252017341357714e-06
7.700236004382077e-09
5.1090804475961704e-08
2.0865014448645525e-05
3.683700913748034e-12
1.0949312637120734e-11
1.2000311855331347e-08
9.441184545266879e-08
3.464606726510944e-11
1.1126916055204106e-10
2.459293227730086e-06
6.672194672319165e-07
9.142415557245043e-13
1.5771289439345249e-12
1.685854385868879e-06
1.4098270639806287e-07
1.7094613224966082e-10
5.6527699188180236e-11
2.103676260967191e-10
1.860453791024952e-09
2.5515053958535816e-10
6.948269043460797e-11
2.5515053958535816e-10
6.948269043460797e-11
3.812063908981145e-08
1.6191400220577634e-07
3.3722111908440766e-11
3.084695693322814e-11
9.785396798411838e-11
6.613808389843712e-10
2.963295442359737e-10
2.076761518310377e-08
3.824593193257897e-07
5.180758080314263e-07
1.5468554437347848e-08
2.1363202762358924e-08
1.5459869473488652e-07
7.788102607264591e-08
1.8187264194668984e-10
1.7819638820082417e-10
8.290051482617855e-06
6.1184341575426515e-06
4.355084826102029e-08
6.488900083922999e-09
1.7229143112196255e-10
2.749763750031775e-10
1.7229143112196255e-10
2.749763750031775e-10
6.238010246306658e-05
8.856965905579273e-06
1.3695139244873644e-08
4.880398751794246e-09
3.84336817660369e-06
3.6870521853415994e-06
4.935631903180138e-10
3.8104652766435265e-09
