3.511373691811315e-10
1.6655819778943481e-10
9.811580437002476e-10
2.617301930740723e-10
2.6060864577459597e-10
1.1698779445179497e-10
4.1398670873604715e-05
2.3011418306850828e-05
3.774363599440278e-10
9.870619877005993e-10
7.091051634766643e-10
1.7320235246032212e-09
7.375689961008902e-07
1.65253493378259e-06
4.5594014674854577e-10
2.0403591316497938e-10
8.621730412938788e-11
6.20690096542198e-11
2.0036421410907224e-09
1.185489373334292e-09
1.4896835154321053e-10
4.186490876190163e-10
3.197591358361507e-10
5.037006367558661e-10
2.850981672963826e-10
6.02129068827395e-10
7.617667051817989e-06
4.990004526916891e-06
1.177407284558285e-06
4.065913969952817e-07
8.331500489511257e-10
3.8607358976427975e-10
2.3695029272019497e-10
6.65576344038854e-11
1.0559619845196266e-09
1.1962336676774044e-09
1.004896235667907e-10
1.3291259759462548e-10
2.9619681707337975e-10
2.536734433622456e-10
2.549831457088203e-10
3.37589296794949e-11
8.565855802444844e-10
4.4338596683068943e-10
6.022493059809619e-10
1.155859297163886e-09
1.642866120921127e-10
3.8994897588739974e-11
2.2860661974544172e-10
1.9386145466704363e-10
6.545599617879816e-10
5.929783331026783e-10
3.3417768552368443e-10
4.5660092373722705e-10
2.9137381396537876e-10
3.7106748229653874e-10
6.056607299020911e-11
9.152400365364244e-11
2.5872776143742726e-10
2.2580505520952698e-10
2.448278690891925e-09
1.7894719039901474e-09
7.326006468133528e-10
3.419719507569141e-10
3.5728853617911227e-06
1.0113160442415392e-06
6.279919034568593e-06
2.358757910769782e-06
3.6229627631279016e-10
3.2563007845709535e-10
1.1306352520890073e-09
8.239958160238814e-10
4.453134351933841e-06
1.8513705072109587e-05
3.948671389863989e-10
7.351802500110693e-10
1.6343441877619824e-10
1.230744395286365e-10
5.7236090866830125e-11
6.422246068282789e-11
9.403235878835403e-08
1.4525732012771186e-06
1.6250566864384197e-11
8.256938188733187e-11
7.94231098666387e-08
4.924277732243354e-07
4.078971188592462e-11
1.542244804086934e-10
