6.629858489759499e-06
3.6349860010886914e-07
4.288690433895681e-06
6.720126748405164e-07
7.959491199471813e-07
1.9972292264469615e-08
4.551527581497794e-07
1.4240308132684731e-07
3.819436187768588e-06
1.3280269683946244e-07
9.58348209678661e-06
1.8635528675758906e-08
5.646132194669917e-06
6.057808477066828e-09
6.886390906402085e-07
3.6464206232267315e-07
2.562898316682549e-06
3.403143011837528e-08
6.218216697106982e-08
4.701125817518914e-06
4.664693520339824e-08
1.0996243560157382e-07
3.0834783615318884e-08
2.6527654739538775e-08
1.2720771565000177e-06
2.9349800367839407e-09
5.5670650311867576e-08
5.940248826163952e-08
8.891755243212174e-08
1.435245811087782e-10
2.434549605823122e-05
3.7196137725459266e-08
1.0330142686143517e-05
1.1587536485890837e-09
3.0740834517928306e-06
4.692032860020845e-07
3.2995221772580408e-06
6.513281647357871e-08
7.792818905727472e-06
5.788410639695485e-09
2.526524269796937e-07
4.6491570060425147e-07
2.6739444365375675e-06
2.2480739971797448e-06
1.8180080587626435e-06
3.6016253943671472e-06
8.825475816820472e-08
1.4420285410210454e-08
2.8252607080503367e-06
4.0411771351500647e-07
1.5763049532324658e-06
1.2354333023267827e-07
8.667671913542563e-09
4.760089723276906e-06
1.110963239625562e-06
8.188881110982038e-07
7.471617209375836e-06
6.781508687936366e-08
1.0185428891418269e-06
2.743708762409369e-07
1.0120165825355798e-06
1.910872349242254e-08
2.784439629976987e-07
2.876593327982846e-07
5.719730893360975e-07
9.036562431674611e-08
1.486253893290268e-07
5.55794130718823e-08
1.6302266203638283e-08
2.6487255055940295e-08
1.9889419036189793e-06
4.8029424187800984e-11
3.667211058200337e-05
2.4952208832473843e-07
4.59496550320182e-06
1.2627025114397838e-07
1.247543787030736e-05
1.6731574703499064e-07
1.0881780326599255e-05
7.491637887824254e-08
1.545065764219089e-08
3.4117579872372517e-08
1.3337105997379695e-07
9.289606737183931e-07
5.903095825487981e-07
5.526105724129593e-07
7.163071700233559e-07
9.303284542738766e-08
3.8329545759552275e-07
7.932501944196702e-08
6.609015201775037e-08
1.0805752026499249e-07
7.574679443678178e-07
2.0279109946841345e-07
1.2853588771122304e-07
1.0554565221809753e-08
5.26836117842322e-07
5.9443340916232046e-08
7.331007623179175e-07
5.95053712970639e-08
8.670596685078635e-08
3.586589798487694e-07
8.638378545811065e-08
4.641952600081822e-08
2.505541942809941e-07
2.8591213663275994e-07
5.01213435200043e-07
5.018914706056421e-08
8.20794753053633e-07
5.789283008539314e-08
5.704596901523473e-07
8.341827850699701e-08
2.3352417599653563e-07
4.926285441797518e-07
9.368533255837974e-07
1.5794773844390875e-07
4.846567094318743e-07
1.33103753796604e-07
2.1217648793481203e-07
3.087228250819862e-08
1.1726570647851986e-07
3.3993369896734293e-08
9.287168722948991e-08
5.219558261160273e-07
1.1225662888136867e-07
2.0516887389021576e-07
4.4170576529722894e-07
1.737460308959271e-08
2.781817221020333e-09
1.1178345715734395e-07
1.6253939350008295e-07
6.272311026123134e-08
1.0555603502382382e-08
7.374385546654594e-08
3.280925682247471e-07
8.218041358531991e-08
2.535171290674043e-07
1.0198807132155707e-07
1.8005512458785233e-07
6.384424295902136e-07
4.515454747888725e-07
2.7366306767362403e-06
4.1915780002454994e-07
1.4705403373227455e-05
1.870930361747014e-07
1.5343711368132062e-07
1.3423414202407002e-07
7.149659495553351e-07
1.56540153284368e-07
9.457092886577811e-08
6.352841523948882e-07
2.5791419488996326e-07
1.962367157659628e-08
4.212209248066756e-08
5.962790083913205e-08
1.4284852056789532e-07
4.6776702333772846e-07
7.342566732404521e-08
3.2554885365243535e-07
2.0137254352903255e-07
9.861033731795033e-07
7.156385350981509e-08
3.8669714541583744e-08
2.008445250112345e-07
1.571099872421655e-08
1.8324557231608196e-06
2.032021768627601e-07
2.2633030312135816e-05
2.0631181030239532e-07
1.2123288684051658e-07
7.688498044444714e-06
8.344904500745542e-08
4.823023573408136e-06
1.257385520148091e-05
5.819281795993447e-06
1.185440279272143e-08
7.731851837888826e-06
2.7975729608442634e-05
1.8814748727891129e-06
7.03644445820828e-06
2.454010882502189e-06
9.055325733697828e-08
7.082620868459344e-06
2.8238364393473603e-06
3.3511687433929183e-06
1.0293451424558953e-07
4.1277030504716095e-06
1.91400204130332e-06
2.7713663257600274e-06
5.220405796535488e-07
1.923496029121452e-06
1.3825912636988846e-09
4.09130689149606e-06
4.5756655708828475e-06
3.9436426959582604e-06
1.0517265991438762e-06
9.634728712626384e-07
3.4376233770672115e-07
1.1033257152348597e-07
3.9164024201454595e-06
5.736129082833941e-07
3.348754489707062e-06
7.045468919386622e-08
6.017198302288307e-06
8.41216163394165e-08
8.204109690268524e-06
1.0445221505506197e-06
6.652471284951389e-08
2.435320141103148e-07
3.804326098588717e-08
3.627137857620255e-06
2.271272876441799e-07
9.91836870412044e-08
6.231060524442e-06
5.874263138139213e-07
5.4239258417965175e-08
2.782283274882502e-07
1.5860684925428359e-06
2.1379447900926607e-07
8.293592372865533e-07
1.4757431188172632e-07
3.503454593101196e-07
9.076563856069697e-07
9.612062967789825e-07
4.60279898106819e-06
2.629936716402881e-06
2.233299028375768e-06
1.1865947726619197e-06
5.498676273418823e-06
7.721548627159791e-07
8.556307875551283e-06
5.468691721688401e-09
4.3358595576137304e-06
8.311747592415486e-07
5.443950158223743e-06
6.3195093602530505e-09
1.221498223458184e-05
9.273561474287817e-09
1.0584634537735838e-06
2.167832633404032e-07
2.23309734792565e-06
1.0201349596172804e-06
4.815039119421272e-06
2.287146116941585e-06
2.987325160574983e-06
1.6570561811590778e-08
5.402892838901607e-06
5.065824737471303e-08
4.2926376409013756e-06
1.009214400937708e-07
2.260647488583345e-05
1.2497117495513521e-05
5.941878043813631e-06
9.608471884803294e-08
5.576659418693453e-07
1.0751904255812406e-07
2.2828662622487172e-05
4.278306278138189e-06
3.1806082461116603e-06
1.3923068031829189e-08
7.714569619565737e-06
1.233797952693294e-08
5.5233815743349624e-08
4.4872163584841473e-07
3.8015219615772367e-05
5.575996055995347e-07
2.5235871362383477e-05
2.509847218945538e-09
1.2003720257780515e-05
4.848114258493297e-06
5.512408279173542e-06
3.897374881489668e-06
1.5669680578866974e-05
3.5246685570200498e-09
1.2540904208435677e-05
1.7860202206065878e-07
9.413858606421854e-06
7.530940138167352e-07
2.0762714484590106e-05
1.104584725908353e-06
2.1332129108486697e-05
4.629046088666655e-06
6.658729034825228e-06
2.21967044744531e-09
2.263773694721749e-06
4.1433693809267425e-08
1.082818812392361e-06
2.553837248342461e-06
1.9743027223739773e-05
2.030212272075005e-06
3.755881834877073e-06
4.72346187052608e-07
5.703280976376846e-07
5.8569128214003285e-08
1.3295430107973516e-05
2.605555948775873e-07
1.1939633850488462e-06
1.263822380082047e-08
1.1806926067947643e-06
3.77230735537637e-09
0.0016293335938826203
8.156973194672901e-07
1.3182427210267633e-05
4.071374064551492e-07
3.864067110725955e-08
7.297053343791049e-07
5.525257165572839e-06
6.653279342572205e-06
6.65485185891157e-06
5.799433324682468e-07
3.0521480312017957e-06
1.8063929019263014e-06
2.0978830434614792e-05
6.6742836679623e-07
4.734373760584276e-06
1.6187738083317527e-07
1.5404037867483567e-07
3.473226342975977e-06
3.378957558197726e-07
3.002367918725213e-07
3.004596038636009e-08
4.923183951177634e-06
1.454059997740842e-06
2.3049280262199545e-09
5.765886044173385e-07
5.628415351566218e-07
1.3921020581619814e-05
5.833861393966799e-09
0.00014079628454055637
1.9909917270410915e-08
2.9337729756662156e-07
5.314724660365755e-08
6.570699611074815e-07
4.198965143586975e-06
4.1818108087454675e-08
7.070072527426419e-09
6.530208338517696e-06
5.056098206779325e-09
1.5052988601382822e-05
1.3864458026091597e-07
3.0607363441959023e-05
1.82493806732964e-07
2.3932370751822418e-08
6.374435201905726e-08
1.41798682307126e-06
8.729929277251358e-07
2.5215263121936005e-06
1.1440985758781608e-07
4.505964170675725e-06
1.3580866209395026e-07
3.3576545774849365e-06
7.400801678159041e-07
1.6281452190014534e-05
1.6854053228598787e-06
5.133819286129437e-06
5.280675736685225e-07
1.54958036091557e-06
1.3527559872272832e-07
2.09246377380623e-06
4.312546479923185e-07
1.0420973239888554e-06
7.922806730675802e-07
8.280454494524747e-06
6.913615635539827e-08
4.3988731590616226e-07
3.699896751641063e-06
4.7238838305929676e-05
4.095979420526419e-06
5.6544704420957714e-06
1.2327362810538034e-06
2.9111765798006672e-06
9.441389465791872e-07
2.52464246841555e-06
2.3220509604016115e-07
2.15983727684943e-05
2.6094667759934964e-07
1.0034224942501169e-05
3.114457802766424e-09
2.108694161506719e-06
1.6412487866546144e-06
3.678002940432634e-06
4.382721101592324e-07
4.476852154766675e-06
8.307301158083646e-08
9.099482667807024e-06
1.0397699270470184e-06
5.704051091015572e-06
1.9739293293241644e-06
5.260898888082011e-06
1.8361428999469354e-07
3.444905019023281e-07
5.544496616494143e-06
2.803044253596454e-06
2.7690992965290206e-07
1.3382084034674335e-05
1.8912057839770569e-06
7.379399903584272e-06
9.103366238605304e-08
2.2372928469849285e-06
1.7774817706595059e-07
1.9770674043684267e-05
1.1354419484632672e-06
2.1250921236060094e-06
1.4455967800586222e-07
4.46841077064164e-05
1.3598081238797022e-07
3.060708422708558e-06
3.623530631102767e-08
7.943885066197254e-06
1.0316226735085365e-06
1.5518380678258836e-06
4.990958757389308e-08
1.773789904291334e-06
2.994773096176573e-09
5.179716936254408e-06
7.362317688830444e-08
6.281206879066303e-07
7.020297744020354e-06
1.1455305184426834e-06
3.9752912073254265e-09
3.7774841530335834e-06
7.500477181565657e-07
2.37332073993457e-06
1.0745545608870088e-07
1.7360659967380343e-06
6.901568383455015e-08
6.132151497695304e-08
1.1951035958190914e-05
9.868973194215869e-09
4.5029803885654474e-08
9.666873523883623e-08
9.867182598100044e-06
7.987143391119389e-08
4.209647886455059e-05
5.033366079487678e-08
1.496634780551176e-07
6.769455040966932e-08
4.0202685340773314e-06
6.166541055563357e-08
1.7677101595836575e-06
2.3742173027585523e-07
1.1711989600371453e-08
1.5513816009615766e-08
9.454025530430954e-06
2.6732347890856545e-08
3.5483360989019275e-05
1.9977148824068536e-08
4.560091838357039e-06
1.1317563064494607e-07
1.5882396837696433e-05
1.6227842536409298e-07
1.0093226592289284e-06
1.6476631117257057e-06
5.919747358973382e-09
9.293513159036593e-08
4.813064606423723e-06
1.591484561913603e-07
2.2977208402608085e-07
1.5490431337639166e-07
5.7047815062105656e-05
2.6073021075490033e-08
1.4309152902569622e-06
3.1547600087833416e-08
1.2028222954540979e-05
2.4371173523718426e-08
7.651813405118446e-08
1.0811864825654993e-07
9.274144758819602e-06
4.327948843751983e-08
1.688033080426976e-05
1.2418390760160491e-08
2.22454582399223e-06
7.012258151917194e-08
3.063218628085451e-06
2.3102474600023015e-08
9.410050694214078e-08
2.52907739195507e-07
1.684075323282741e-05
7.941572022218679e-08
3.979531371101075e-08
4.020040123009494e-08
1.731982411001809e-05
2.226150996875731e-08
7.498875334022159e-07
5.145829504726862e-07
8.624654583400115e-06
8.318373545534996e-08
9.867284461506642e-06
2.440453705787604e-08
1.3601089449366555e-05
1.7085493198010226e-07
2.1602734705084004e-05
8.35666611465058e-08
5.600929853244452e-07
2.0345284568179522e-08
1.1082831406383775e-05
7.172978655489715e-08
1.1478973327427866e-08
1.3711514590397655e-08
1.3029919500695542e-05
1.653302774684562e-07
1.0029719305748586e-05
3.623658528795204e-08
1.1151212675031275e-05
4.10448848242595e-08
3.716761298733218e-08
6.415481834665115e-08
2.8534138607483328e-08
3.67332795292441e-08
3.042848766199313e-05
2.0762490393622102e-08
4.954860287398333e-06
5.248350731790197e-08
1.0244038094242569e-05
1.5322503088555095e-07
5.469009010994341e-06
8.096845931504504e-07
4.6267842890301836e-08
1.5918993767627398e-06
5.467448005447295e-08
9.042922101798467e-06
2.8132572538197564e-07
4.825386440643342e-06
8.51768447773793e-07
6.1906539485789835e-06
2.9755415198451374e-06
1.8657972759683616e-05
2.0200941364123537e-08
9.935509297065437e-06
6.076268164179055e-07
2.964499117297237e-06
1.3242812713087915e-07
1.8873666931540356e-06
8.03056607878716e-08
1.0020524314313661e-05
1.6824847079988103e-06
2.9487475785572315e-06
2.2420431378122885e-06
1.914203676278703e-05
3.5790692631820775e-10
1.2588068784680218e-05
3.111937019184552e-08
3.2824229947436834e-06
7.30339081655984e-07
5.649895911119529e-07
1.5994242597017205e-09
7.709937563049607e-06
3.227000888728071e-07
3.1492077141592745e-06
2.7404889806348365e-06
1.362718080599734e-06
6.816273412368901e-07
1.3939652490080334e-06
3.658873595213663e-07
8.981801329355221e-06
9.784791643596691e-09
2.0140769265708514e-06
1.8964078662975226e-07
9.954659674349386e-08
5.1844053494676245e-09
5.7738320720091e-06
1.1935466659451777e-07
8.876833135218476e-07
1.0590203913807272e-07
6.5516974245838355e-06
1.8364672769166646e-06
1.840523509599734e-06
1.5518065765718347e-06
2.7951214178756345e-06
4.891078333457699e-07
1.5757008441141807e-05
2.5756039079283255e-08
1.3081706129014492e-05
8.750927804612729e-07
6.130451879471366e-07
2.7716578188119456e-07
2.5215021537405846e-07
1.6506670874605334e-07
3.850353550660657e-06
3.6676464088003513e-09
2.4385383312619524e-06
5.973820105253935e-09
1.0996976016031113e-05
3.941048873912223e-07
3.523948407746502e-06
3.0276559925823676e-08
5.417741704150103e-05
8.823133157420671e-07
8.300438821606804e-06
5.592037410906414e-08
8.776064532867167e-07
1.1286388712505868e-08
1.4341168252940406e-06
4.6001085252100893e-07
6.839811703684973e-06
1.3958220961285406e-06
1.0460707017045934e-05
5.37054631877254e-08
9.974452268579626e-07
2.6161899313592585e-07
5.659690600623435e-07
2.709239721454537e-09
9.667207450547721e-06
1.996960996564212e-08
7.483477929781657e-06
2.4183486857509706e-07
4.618456387106562e-06
5.025122717938757e-08
1.5378315083580674e-06
1.6403253866315026e-08
1.5319421436288394e-05
3.405221775665268e-07
8.046302355069201e-06
1.347348899116696e-07
9.961260730051436e-06
2.5802037839639524e-07
4.541646376310382e-06
6.089569382083937e-08
6.881504759803647e-06
1.295461800054909e-07
4.438737050804775e-06
1.1319494888084591e-06
8.831749255477916e-06
1.7538168606279214e-07
1.3728033991355915e-05
3.704182290675817e-06
2.0125298760831356e-06
1.2905683632880027e-08
1.7179742144435295e-06
3.0944335094318376e-07
2.734428790063248e-06
8.833945912556374e-07
2.0991261408198625e-05
1.7293527889705729e-06
3.2623127026454313e-06
7.7241590901167e-10
3.230772927054204e-05
7.735162057542766e-07
1.3740341273660306e-06
5.596301662080805e-07
1.5678822364861844e-06
1.043645614373645e-09
3.5755722365138354e-06
2.926374236267293e-06
4.248498953529634e-06
8.781991134299005e-09
1.87799541890854e-05
4.450613388939928e-08
1.2637565305340104e-06
5.672581551152689e-07
1.474117652833229e-05
1.855080533630371e-08
3.876837945426814e-05
2.171091637137579e-06
1.7125802997952633e-08
3.158339215159067e-11
1.2378989595163148e-05
8.26726079594664e-07
2.231376311101485e-05
1.154199047448401e-08
8.14361953871412e-07
7.08237308799653e-08
3.6471255953074433e-06
2.5453974217271025e-07
1.2724462372659673e-08
8.511470639405161e-08
2.1946613415479987e-08
2.7132957711728523e-06
1.8650260003028052e-08
2.551436409703456e-06
2.6231891325778633e-08
1.9457445887383074e-05
1.497261052918475e-07
1.1012599543391843e-06
2.7003737912423276e-08
1.2453861018002499e-06
4.4610728444638426e-09
1.1434799489506986e-06
9.782278320713544e-10
3.4767308534355834e-06
4.2595651450483274e-08
1.443558801383915e-07
4.5798453918166615e-09
2.163843788594022e-07
8.433424625309272e-08
5.135089850227814e-06
3.462823983113594e-08
2.261275312775979e-06
1.814064809479987e-08
1.8126803524864954e-06
1.9179671184588187e-08
5.425051767815603e-07
8.424924402561373e-08
3.162733491990366e-06
2.858712377928896e-08
1.4337025788790925e-07
1.4759608646386368e-08
3.2116833637019226e-08
2.8929312279046826e-08
2.048408731525342e-08
1.0120984050843163e-08
7.904284871074196e-07
3.4648353630650774e-10
4.073770469403826e-06
2.96988844183943e-07
6.645462917731493e-07
1.1688740642057383e-08
1.1408557298864253e-07
8.320844102627234e-08
4.284876467863796e-06
9.625397723311835e-08
2.6710765155257832e-08
7.118363676283934e-09
1.2778065183738363e-07
3.3996293780091946e-08
4.52001494011256e-08
2.1900512514605452e-09
1.349952526652487e-05
3.659552660906229e-10
1.8831384807072027e-07
7.787782863033499e-09
1.4230491842681658e-06
7.457573225622127e-09
4.523110703757993e-07
8.680335339406042e-10
1.7539059626869857e-06
5.516806922400974e-08
2.533022680495378e-08
1.1124259344796883e-06
3.0200851597328437e-06
0.0004314057296141982
3.6408123182951613e-09
1.9452205179959492e-08
5.41230171791085e-10
1.1845016160805244e-05
7.069097307521588e-08
8.970636372396257e-06
8.651097971323907e-08
0.0008246012730523944
4.498517469642138e-08
5.087915155854716e-07
2.1765972135767697e-08
5.913242944188823e-07
4.982069867764949e-08
0.00010716785618569702
1.8942457700177329e-06
0.0004954608739353716
6.331313670671079e-06
0.0006422814331017435
7.950193747774392e-08
1.710984776082114e-07
5.590107775788056e-06
0.00017468960140831769
5.254420898381795e-08
5.085847806185484e-05
2.780848884498255e-09
0.0013202957343310118
8.974861884780694e-06
1.343005777698636e-07
3.4825532111426583e-06
8.879517554305494e-05
5.237052747020243e-08
9.437646804144606e-05
1.0031139252575372e-09
9.416522317451381e-08
2.2169184887843585e-07
6.170349706735578e-07
3.3915974029241625e-08
7.669429578527343e-06
1.272374333893822e-06
3.932549134333385e-06
1.2969051567779388e-05
0.0003050567756872624
4.091239347303599e-09
0.000471932755317539
3.893552147360424e-08
3.274110895290505e-06
1.1629415297420564e-07
6.2740487010159995e-06
4.027280908758257e-08
3.120644009868556e-07
2.531986501708161e-05
1.7051662837275217e-07
1.3696563883058843e-08
0.00048646595678292215
1.6976571259874618e-08
0.0002531550417188555
5.525856039412247e-08
2.727640821831301e-05
4.321998048339992e-08
3.7992194279468094e-08
2.815789601484653e-09
5.157340865480364e-07
4.3656150410242844e-06
1.0125675544259138e-05
3.941260473538932e-08
0.00029050777084194124
4.238696504899053e-08
1.0928461335879547e-07
8.567527487457482e-08
2.078965917462483e-05
3.300312911846959e-08
3.945482148992596e-06
4.3468531885082484e-08
7.731217010586988e-06
4.947663967413973e-08
4.330931005824823e-06
3.378620704097557e-06
6.310902790573891e-06
4.283383987058187e-06
9.728474651637953e-06
2.683870832242974e-07
0.00010304826719220728
2.6456896762283577e-07
3.573885805963073e-06
7.671265848330222e-06
0.0006600894848816097
2.1718557619010426e-08
9.379253356200934e-07
1.84919898060798e-07
1.1722366252797656e-05
1.690856265668117e-06
3.060708422708558e-06
1.31423837501643e-06
4.465885467652697e-06
1.8477390284488138e-08
1.7661710671745823e-06
1.6886110643099528e-07
2.7143910301674623e-06
2.108743935025359e-08
4.1458531541138655e-07
3.775060122279683e-07
1.0839542483154219e-05
1.0120303528537988e-07
1.9307428829051787e-06
2.48210739073329e-07
6.9305924625950865e-06
2.0625920171823964e-07
4.656395503843669e-06
5.824608138027543e-07
6.565193416463444e-06
1.2764094492467848e-07
2.1178256304210663e-07
6.003993302527988e-09
6.850427325844066e-06
1.2564314033625124e-08
4.823029030376347e-06
1.1383729514591323e-08
3.0610549401899334e-06
3.920483209185477e-07
8.684014574100729e-07
2.8787354722226155e-07
6.104958629293833e-06
4.3576801544986665e-07
1.2940213309775572e-05
2.6853655299419188e-08
2.8120330171077512e-05
1.0775195136147886e-07
1.8842323697754182e-05
9.743424925545696e-06
1.604832687007729e-05
2.6054327584290604e-09
5.891713499295292e-07
1.0041879505706675e-07
1.1144963536935393e-05
1.2326365776971215e-06
1.7766971893706796e-08
2.929505171778146e-07
2.9111765798006672e-06
4.766513939102879e-07
2.763608790701255e-06
3.562246888577647e-07
1.591077852935996e-05
9.12668724595278e-07
4.164165147813037e-06
8.514751925758901e-08
8.380086364923045e-05
6.546453050759737e-07
2.083764911731123e-06
1.779201852514234e-07
1.932154873429681e-06
1.5505524970649276e-06
1.3933082300354727e-05
1.7951263586724053e-08
1.611662082723342e-05
4.668750648306741e-07
9.479319487581961e-06
5.815324666258448e-09
2.14094120565278e-06
2.310564468643861e-07
9.379253356200934e-07
1.84919898060798e-07
4.505964170675725e-06
1.3580866209395026e-07
1.7661710671745823e-06
3.600513664991922e-08
4.465885467652697e-06
1.163131635451009e-08
9.566964536134037e-07
7.218891795446325e-08
1.6212998161790892e-05
7.021731818213084e-08
5.510235496331006e-06
3.400870411951473e-07
1.4375726095749997e-05
1.0009654943132773e-05
1.0839542483154219e-05
1.0120303528537988e-07
5.4341853683581576e-06
8.43680879825115e-07
6.9305924625950865e-06
1.8181977168296726e-07
4.656395503843669e-06
5.824608138027543e-07
1.2808131941710599e-05
1.8978538719238713e-05
1.7095766224883846e-06
2.470721483405214e-06
4.351742518338142e-06
5.563215950132872e-07
2.7143910301674623e-06
3.492236544389016e-08
2.1178256304210663e-07
4.819104404418795e-08
5.133118520461721e-06
6.331239887913398e-08
1.641246853978373e-05
7.60044667913462e-06
6.336687420116505e-06
9.595567007636419e-07
1.0420973239888554e-06
7.922806730675802e-07
4.164165147813037e-06
9.895029506878927e-06
1.8842323697754182e-05
1.0247555337628e-06
4.099639681953704e-06
6.189307555359846e-07
3.441525768721476e-05
2.816836399688327e-07
1.1212451681785751e-05
2.2922635878330766e-07
3.306052576590446e-06
1.0334695765834567e-08
4.623835593520198e-06
2.957798699299019e-07
3.581136979846633e-06
3.7947256714687683e-07
1.3889301726521808e-06
2.7354315079719527e-07
1.5154104403336532e-05
5.150317150537376e-08
1.3050209417997394e-05
1.1225728485442232e-05
1.1955547734032734e-06
3.374790580323861e-08
6.850427325844066e-06
8.75120154120168e-09
9.239520295523107e-06
2.922996067411532e-08
1.2779966027665068e-06
3.1651418908040796e-07
8.65254787640879e-06
1.3835982315413276e-07
6.2913159126765095e-06
1.0656049198587425e-06
5.093186246085679e-06
5.049464846251794e-09
2.603203938633669e-06
1.0294256753695663e-06
4.166696726315422e-06
3.26467919364859e-08
2.502144343452528e-05
4.368213346594985e-09
4.000244189228397e-07
6.6742836679623e-07
4.888296189164976e-06
4.200157491140999e-06
4.756231192004634e-06
1.145760819554198e-07
3.307269480501418e-06
9.625290431358735e-07
1.3632919944939204e-05
3.3020302225850173e-07
1.1743005643438664e-06
1.3493655615093303e-07
1.062431329046376e-05
1.5001251085777767e-07
1.5903731764410622e-05
9.425657054862313e-08
1.2671311822032294e-07
0.00012158241588622332
6.152273726911517e-06
2.8838721277679724e-07
3.693042572194827e-06
1.0919750820903573e-05
1.312489894189639e-05
2.3262097670340154e-07
5.217036687099608e-06
2.2909654173730587e-09
2.6301006528228754e-06
3.092073797006378e-08
6.2562771745433565e-06
1.3222471352491993e-05
1.1571506547625177e-05
8.371599506062921e-06
7.5064049269712996e-06
3.6091644233238185e-06
8.24066319182748e-06
4.1113453335128725e-06
2.8318786462477874e-06
6.660468621078053e-09
6.796456091251457e-06
6.114566531323362e-06
6.824921428005837e-08
3.0864137912089973e-09
5.587850537835948e-08
6.284204090434287e-08
1.7681880990494392e-06
1.8903479670484558e-08
3.360703360044681e-08
2.8378092764569374e-08
1.6560203448534594e-06
1.406135208270598e-08
3.588181925806566e-06
2.789477321130107e-06
1.2009279998892453e-05
3.145581786156981e-07
6.340550129380063e-08
1.7576888922121725e-07
2.6809354949364206e-06
2.898165689657617e-07
4.7319616669483366e-08
1.1251631804043427e-06
7.1473523348686285e-06
3.2801017368910834e-07
9.545929380294638e-09
7.81550291151234e-09
9.805836270970758e-06
1.803421696422447e-07
2.8056743417437247e-07
6.0708470073223e-07
3.3953933780139778e-06
5.316715956382723e-09
2.7398422389524058e-05
1.0879229961346937e-07
1.4651361652795458e-06
1.214376226243985e-07
7.685404312951505e-09
4.812080334204438e-08
1.9159865587425884e-06
1.5825735033558885e-07
5.397337645263178e-06
1.7496166737629437e-09
3.062127973407769e-08
7.820784730938612e-08
1.4641719872088288e-06
6.027696031196683e-07
2.9327634365472477e-07
2.100076272881779e-07
1.1856342325700098e-06
1.6902283732633805e-06
2.114676078690536e-08
1.3530993214772025e-08
6.290870402381188e-08
8.293592372865533e-07
6.133559082854845e-08
5.87482463743072e-06
1.3486682881591605e-08
1.5263656223396538e-06
2.4293685285670108e-08
2.0611356887911825e-07
6.58175878243128e-08
8.688335384476886e-08
2.1091422240715474e-05
1.1304133806788741e-07
5.593935384240467e-06
1.2148554560553748e-05
2.0160437088634353e-06
3.39629693257848e-08
3.2127445148688594e-09
5.940878509136382e-07
9.020743618748384e-07
1.6473185269205715e-06
4.6199360781429277e-07
2.3457548650185345e-06
2.3194581810770387e-09
5.041848680775729e-07
1.9140447560239693e-10
2.431882917264261e-09
2.3932864223752404e-07
9.603792250345577e-07
6.5430150186784886e-09
2.595360228951904e-06
3.497621037240606e-08
5.724661150452448e-06
2.9682538649211665e-09
6.101368853705935e-06
1.9649498881335603e-06
6.088495752010203e-07
7.421961072395789e-07
2.3630343548575183e-06
3.9584330124853295e-07
8.347058610524982e-06
4.8647526007528086e-09
1.5831517885089852e-05
8.298682629970244e-09
2.0915615550620714e-06
1.8088483955125412e-07
8.622895620646887e-06
2.1071970834896092e-08
1.990181033306726e-07
2.565542729371373e-07
2.7380631308915326e-06
5.716798412436219e-08
1.912603238451993e-06
2.5111930312959885e-07
1.2428613445081282e-05
8.442726766588748e-07
7.932578114377975e-07
8.734111212049811e-09
1.0884903076657793e-06
8.474762580590323e-08
3.847587322525214e-06
2.0235883368968643e-07
2.6048055588034913e-06
8.554572445973463e-07
1.1251771780962372e-07
1.7504815332358703e-05
3.5794272434941377e-08
9.72451289271703e-06
3.2783088954602135e-06
5.2148466238577385e-06
6.240893526410218e-07
1.3232783203420695e-05
7.673063606716823e-08
1.9170971427229233e-05
7.470285368071927e-07
2.2060834453441203e-05
1.942626504103373e-09
4.905689820589032e-06
3.821489968913738e-08
1.2219488780829124e-06
5.541039058698516e-07
9.04477565200068e-06
3.5288030630908906e-07
1.0067587027151603e-05
6.135792887107527e-07
1.5485824405914173e-05
2.1134821892587752e-08
1.474198234063806e-05
2.963918745990668e-07
2.0176349835310248e-07
2.1906740310662087e-10
1.8478374840924516e-05
2.2032985214082146e-08
3.4032311759801814e-06
2.183657443310949e-06
9.94628862827085e-06
1.3609819404791779e-07
7.872235414652096e-07
1.9691212216343956e-08
7.582797024952015e-06
3.4999199982621576e-08
2.8160391593701206e-05
1.0362556679410773e-07
3.779143298743293e-05
1.2851204544972461e-08
1.9647282897494733e-05
1.5775505062265438e-06
9.293868856730114e-07
1.5656972891520127e-06
6.31074817647459e-06
6.196215508680325e-06
1.4914194323978336e-08
1.261411064490403e-08
3.183290391461924e-05
3.4307678475897774e-08
4.6909626689739525e-06
4.81979100186436e-07
7.363846179941902e-06
4.171925738205573e-08
4.7504203394055367e-05
6.694549938401906e-06
2.9148429803171894e-06
7.147353699110681e-06
1.3687003956874833e-05
1.8958709802063822e-07
2.120713588737999e-06
3.9505982840637444e-07
6.88413274474442e-05
5.228341137808457e-07
4.695186817116337e-06
2.823739748691878e-07
1.2626808711502235e-05
1.2189750123070553e-05
1.2525667898444226e-06
1.971004530787468e-05
1.7450993254897185e-06
1.4543574025083217e-06
2.5602391815482406e-06
2.1162950361031108e-05
5.334947218216257e-06
5.654411324940156e-06
3.1460442642128328e-06
1.928832871200825e-09
4.621611424227012e-06
5.974066397129718e-08
1.0165722414967604e-06
1.6708692385236645e-07
1.7242015019292012e-05
1.7204764617417823e-06
2.1219449990894645e-05
5.861768404002987e-09
4.532851562544238e-06
7.861340804993233e-07
8.182807505363598e-06
1.5539571904810145e-06
2.4263114028144628e-05
1.7552409303789318e-08
6.701929464725254e-07
8.39013864606386e-07
1.9886439986294135e-05
7.420123324664019e-07
3.6846466855422477e-07
1.9956021901634813e-07
9.131546903518029e-06
7.932578114377975e-07
1.9069192376264255e-06
6.161929491099727e-07
2.7942010092374403e-06
1.6902283732633805e-06
2.7247490379522787e-06
9.657661621531588e-07
8.336558676091954e-05
5.934921887273958e-07
8.866637131177413e-07
9.567473171046004e-06
6.608319154111086e-07
2.0019185740238754e-06
9.011835118144518e-07
1.5252403500198852e-06
1.706765942799393e-05
1.1610251249294379e-06
1.474774308007909e-06
3.264776182732021e-07
2.685392610146664e-05
1.885404365964405e-08
5.49107994629594e-07
4.676390688018728e-07
9.159347428067122e-06
3.7666302432626253e-07
0.0004501972289290279
3.3387053122169164e-07
1.8266312906689564e-07
6.068290758776129e-08
0.00012069489457644522
5.971388361558638e-08
3.728866602159542e-07
1.6369939430660452e-06
0.00039334676694124937
6.461529551415879e-07
1.0430352631374262e-05
3.01597424368083e-06
0.00021104565530549735
5.443145028038998e-07
4.79528316645883e-05
4.266962605470326e-06
0.001255650189705193
8.87536589289084e-06
0.0014078246895223856
9.550457313878269e-09
0.0010877734748646617
9.574879555884763e-08
2.3700942620052956e-05
1.9644397752927034e-07
1.4826777317011874e-07
2.1589215748463175e-07
2.2207221661574295e-07
2.539677836921328e-07
3.9145140817709034e-07
1.0590428018986131e-06
1.402330269684171e-07
3.885317710228264e-06
9.707299852834694e-08
1.823864863581548e-06
3.3564166557198405e-08
4.4683829969471844e-07
8.050982813756491e-08
8.288424396596383e-06
1.825993507509338e-07
1.4244366752791393e-07
1.3240358384791762e-05
6.817595590291603e-07
0.0002910050970967859
1.2924447219120339e-06
1.0933769772236701e-05
4.331152013037354e-06
0.0005314852460287511
9.42920692637017e-08
6.757938990631374e-07
3.462581776858542e-09
0.001694182283245027
2.4515566110494547e-07
5.308391450853378e-07
7.206399459391832e-06
3.156358729938802e-08
3.0026714739506133e-05
6.061562629611217e-08
7.378514510492096e-06
6.717161159031093e-05
2.281770321133081e-06
6.500823474198114e-06
9.443921953788958e-06
2.0533893803076353e-06
1.1322306818328798e-05
2.7314731596561614e-06
1.0336401601307443e-07
7.118519107507382e-08
1.0167256050408469e-06
1.8591699699754827e-05
9.901611974783009e-08
1.3716062596813572e-07
1.1383313903934322e-05
2.0405215650498576e-07
1.1669526429614052e-05
4.143802811995556e-08
1.4038377003089408e-06
0.0019366235937923193
8.36469666865014e-08
0.00010052634024759755
1.0919606552306504e-08
3.919772643712349e-05
6.176690448000954e-08
5.1901795814046636e-05
3.2886455301195383e-06
1.3783875147055369e-05
1.4247244735088316e-06
9.946003842742357e-08
4.942292889609234e-06
0.00019020470790565014
7.846958283153072e-08
1.962480155270896e-06
1.2234360156071489e-06
1.8366854419582523e-06
7.968938398050796e-09
6.032966837210552e-08
1.089368928397505e-09
2.8641868539125426e-06
1.29049439578921e-07
9.186136594507843e-06
2.558084815973416e-06
8.379054783347328e-09
2.415163464775105e-07
1.8327931394779284e-09
5.648173129202405e-08
5.363057553608996e-09
9.479093705522246e-07
9.102721065801234e-08
4.5547838567472354e-07
1.8841936366698064e-07
2.8933318390045315e-06
5.875042461411795e-06
1.2016331538688974e-06
2.7469931751511467e-07
1.1909077102245647e-06
1.9334137846271915e-07
1.6111522782580323e-08
5.4358533674303544e-08
1.5196645790638286e-06
4.025093591764062e-09
1.5852392607484944e-05
1.0760675905885364e-07
2.0434507419508918e-08
4.8727969215178746e-08
7.662401912966743e-08
2.8684848274451724e-08
8.17556724541646e-08
5.58102613013034e-08
8.271306342066964e-07
5.14366327308835e-10
8.886472642188892e-06
9.211289579980075e-07
1.1957912420257344e-06
1.7441319869249128e-05
3.0699441140313866e-06
0.00012202999641885981
1.5718832457878307e-08
4.0724012251303066e-06
1.036066714732442e-05
1.3606800166598987e-06
3.000778647788138e-08
3.222245368306176e-06
1.6785128309493302e-07
6.114038569648983e-06
4.05036989832297e-05
3.232634526284528e-06
1.3477809943651664e-06
1.8596527979752864e-06
4.763573087984696e-05
1.917161625897279e-06
2.8955759034943185e-07
3.941769591619959e-06
2.6475625418243e-05
1.180563231173437e-06
2.075824738767551e-07
2.23367715079803e-06
5.32396052221884e-06
2.1588816707662772e-06
4.261188291110329e-09
3.061808229176677e-06
1.3118231436237693e-05
1.3779965229332447e-05
2.686149116470915e-07
6.641918162131333e-07
2.0356070308480412e-05
6.688339453830849e-06
1.4760917821377006e-08
1.8795785763359163e-06
2.8151722730740403e-08
1.1313192089801305e-06
1.5953917682054453e-05
5.814681117044529e-06
2.136753209924791e-07
2.950841917481739e-06
3.339130216772901e-08
2.627280537126353e-06
2.070831396849826e-05
1.753962578732171e-06
1.3453497160753614e-07
2.9533941869885894e-06
8.469049461723444e-09
2.0099064386158716e-06
2.5932247808668762e-05
2.839277840394061e-06
9.140784982264449e-07
3.235273425161722e-06
4.585756869346369e-06
4.4091643758292776e-06
2.0638334774503164e-07
4.20599599237903e-06
1.6395402724356245e-07
6.369286893459503e-07
8.440593290970355e-08
1.42786063861422e-06
1.6186899074455141e-06
2.210378625022713e-06
2.60593481016258e-07
1.20005324788508e-06
1.6103548716728255e-07
4.269782948540524e-06
1.9991359678783738e-09
8.602978596172761e-07
2.412516778349527e-06
1.5196012554952176e-06
1.8807892047334462e-05
5.907764352741651e-05
2.1619869130518055e-06
2.216087068518391e-06
3.3549335398674884e-07
9.40251652536972e-07
2.923267129517626e-05
1.5232848227242357e-06
1.6162101701411302e-06
7.068463787618384e-07
8.580552730563795e-07
4.7604868314010673e-07
1.1303505687010329e-08
7.683133844693657e-07
2.7662549584306362e-08
8.176243682100903e-07
9.284782720442308e-09
9.368206406179524e-07
2.9968003190106174e-08
3.7592172930089873e-07
1.3620689060189761e-05
5.080970026938303e-07
1.464158799535653e-06
5.075302169643692e-07
2.2668975361739285e-05
3.5328096714692947e-07
1.0994202966685407e-05
7.835022870494868e-07
2.1386333060036122e-07
7.199119522738329e-07
3.349534836161183e-07
5.518288048733666e-07
2.4738219508435577e-06
5.610075959339156e-07
3.403016179959195e-08
6.778872148061055e-07
2.3359937983968848e-07
7.910563795121561e-07
1.1176265388712636e-06
4.261143544681545e-07
5.322651759342989e-07
4.559677222459868e-07
1.6858270100783557e-05
8.457599847133679e-07
8.740085831959732e-06
4.78247727642156e-07
9.009007726490381e-07
6.090203328312782e-07
5.483857421495486e-07
6.473246685345657e-07
2.153563656293045e-07
6.082517529648612e-07
7.510831068202606e-09
8.861384799274674e-07
9.023964594234712e-06
6.602091389140696e-07
1.8410710254102014e-06
5.058559509052429e-07
2.9691071176785044e-05
1.0991280987582286e-06
1.7219633718923433e-07
7.399960395559901e-07
2.059397559150966e-07
1.102070314118464e-06
2.0956418666173704e-05
9.128253282142396e-07
1.1485231880214997e-05
3.6028617955707887e-07
1.295393940381473e-05
1.0176670457440196e-06
1.8148508473814218e-08
6.481673153757583e-07
1.4350376659422182e-05
6.942066761439492e-07
1.499196787335677e-05
8.100658419607498e-07
1.191858245874755e-05
1.1579043075471418e-06
2.6773012251624095e-08
8.548018399778812e-07
3.072540494031273e-05
7.952138503242168e-07
2.8650333661062177e-07
4.943843237015244e-07
8.184555611023825e-08
