8.110263394200956e-08
9.090587991522625e-05
8.068388410720218e-07
4.30336649515084e-06
2.5504055884084664e-05
1.071626254400826e-08
1.0587546057649888e-06
3.5820257835439406e-06
2.3818955014576204e-05
7.1575977926841006e-06
1.2778392374457326e-05
1.635217131479294e-06
1.0837651416295557e-06
1.7584990246177767e-06
4.6594409468525555e-06
9.391917956236284e-06
1.651261243296176e-07
3.2796158393466612e-06
4.957207420375198e-05
7.1048880272428505e-06
4.041934516862966e-06
8.143602826748975e-06
2.654170884852647e-06
2.312264086867799e-06
4.4617337380259414e-07
8.271510523627512e-06
1.978501359189977e-06
2.8381920856190845e-05
4.160002845310373e-06
2.237959051853977e-06
2.438127194182016e-05
5.82349503019941e-06
1.530770714452956e-05
1.7793454389902763e-05
1.6398873015077697e-07
6.388357178366277e-06
3.4696680813794956e-05
9.069601219380274e-06
3.173204049744527e-06
3.445458389705891e-07
1.9691606567562303e-08
3.3868980153783923e-06
8.501227057422511e-06
4.672092927648919e-06
6.837998398623313e-07
1.056831777646039e-08
3.343689286339213e-06
1.0444262443343177e-05
1.2577480674735853e-06
3.599098363338271e-06
9.421572144674428e-07
3.4639941759451176e-07
2.6714937817473583e-08
9.302468697569566e-07
2.495131070645584e-07
1.7112902241933625e-06
4.9165305426868144e-06
1.757218228704005e-06
6.789053372813214e-07
5.2241425692045595e-06
7.038941021164646e-06
5.778883860330097e-07
1.396069819747936e-06
8.947626497501915e-07
1.8256255316373426e-06
3.753250211957493e-06
1.6029737253120402e-06
5.513347332453122e-06
2.2112205897428794e-06
5.40867040399462e-06
1.1393725571906543e-06
1.1074736903537996e-05
1.244041141035268e-05
2.6444363356858958e-06
8.438341865257826e-06
7.661274139536545e-07
6.504804332507774e-06
2.4990435122163035e-05
3.868719886668259e-06
2.2850690584164113e-05
2.1040727915533353e-06
2.42510191128531e-06
0.00010313151869922876
8.173166179403779e-07
1.2662480912695173e-06
1.5909201067643153e-07
1.738370201564976e-06
1.3147458048479166e-05
0.00012588556273840368
1.3048674190940801e-05
1.0640245591275743e-06
1.1111897038063034e-05
9.38636404157478e-08
3.0260363104162025e-09
5.235153821558924e-07
7.052469754853519e-06
4.97817927680444e-06
4.952144536218839e-06
4.494784207054181e-06
2.9761036302033972e-08
3.820736310444772e-06
1.3180541827750858e-05
7.903949881438166e-05
6.086031589802587e-07
8.418894867645577e-05
1.1026541869796347e-05
7.093720341799781e-05
6.695104275422636e-06
6.0218822000024375e-06
4.819755304197315e-06
4.964976596966153e-06
1.4148381524137221e-05
7.126061973394826e-06
2.6105352546323957e-08
1.33050662043388e-06
7.841672413633205e-06
0.00017133199435193092
1.491079729021294e-05
7.487672348815977e-08
9.235128572981921e-07
2.6901257115241606e-06
5.01611225445231e-07
9.942473297996912e-06
9.942473297996912e-06
3.7893818216616637e-07
5.021989636588842e-06
4.0345394154428504e-06
5.9229269027127884e-06
9.837638208409771e-05
9.296954885940067e-06
1.668335789872799e-05
2.2947910110815428e-05
0.00015159476606640965
0.00015159476606640965
3.174680429651744e-08
1.0674200012772417e-07
6.8564982029784005e-06
1.8819835531758144e-05
1.7301850675721653e-05
2.4460489385091932e-06
2.9730499591096304e-06
0.00012408345355652273
1.1031577741960064e-05
9.855092685029376e-06
5.8112987062486354e-06
4.453460405784426e-06
5.326208338374272e-06
2.755983587121591e-05
6.696330729027977e-06
1.160880765382899e-05
2.651093564054463e-05
7.846967491786927e-06
4.300557918668346e-07
2.320862768101506e-05
2.857578692783136e-06
3.5721784570341697e-06
3.5138913517585024e-05
1.565671118441969e-05
0.00010231941269012168
6.062989996280521e-05
1.1200155313417781e-05
3.879942596540786e-06
1.610912659089081e-05
4.7794883357710205e-06
1.0216452210443094e-05
6.287255382630974e-05
7.095341629792529e-07
2.6450683435541578e-05
0.00031138944905251265
1.6964359872417845e-07
9.154125280019798e-08
2.3810434868209995e-06
9.254920587409288e-05
2.4298698917846195e-05
4.288569471100345e-06
1.14657914309646e-05
1.8797796656144783e-05
1.4052730875846464e-05
2.8692088562820572e-06
1.3726378256251337e-08
1.1935495649595396e-06
5.122926722833654e-07
1.412540404999163e-05
1.4240280506783165e-05
1.9373228496988304e-06
1.3312134115039953e-06
4.8444133426528424e-05
4.4910697738487215e-07
6.011750315337849e-07
6.191402644617483e-05
3.450172152952291e-05
2.139619755325839e-05
2.1260708308545873e-05
2.165192381653469e-05
1.7159590015580761e-06
2.39723635786504e-06
3.308004465907288e-07
5.1184422034111776e-08
0.0002091309434035793
7.972130333655514e-06
7.506480415031547e-06
1.1516372069309e-06
4.531071681412868e-06
1.545922941659228e-06
1.6702770153642632e-06
2.8127897166996263e-06
4.206029643682996e-06
8.638530175630876e-07
7.380320766969817e-06
0.00014024137635715306
2.6567115583020495e-06
4.2594439264576067e-07
1.392713329551043e-06
2.3553529899800196e-06
2.279824684592313e-06
1.4432820307774819e-06
5.558471457334235e-06
5.419531134975841e-08
4.224040424105624e-07
3.4602490472934733e-07
0.00041819532634690404
2.0791799215658102e-06
2.283898766108905e-06
5.0807484512915835e-05
3.1670249427406816e-06
3.7291276385076344e-05
3.299456636796094e-07
6.89452548385816e-08
1.9298772713227663e-06
1.0913893220276805e-06
2.5566427211742848e-05
6.640041192440549e-07
2.4881223907868844e-06
3.2977238788589602e-06
1.2492502719396725e-05
1.165683897852432e-05
2.685920435396838e-06
4.550211087916978e-06
7.626053388776199e-07
1.4382375184140983e-06
2.2040048861526884e-05
5.630403848044807e-06
1.5914506548142526e-06
1.20077527299145e-06
4.167407610111695e-07
3.401475225928152e-07
1.6190600717891357e-06
2.1424302758532576e-06
8.500987860315945e-06
3.0453509225480957e-06
4.032654743468811e-08
7.577925316581968e-06
6.350521744025173e-07
4.5813209226253093e-07
1.8450829202265595e-06
1.541465053378488e-07
0.00014270521933212876
5.449753189168405e-06
1.5277286138370982e-06
1.683820642028877e-06
6.788432074245065e-07
5.863823389518075e-06
8.907527444534935e-06
8.421839226002703e-08
3.937787482755084e-07
1.907766034037195e-07
3.30862749251537e-05
1.4421041214518482e-06
1.1977168696830631e-06
2.7151263566338457e-05
4.522545623331098e-06
4.590407115756534e-05
7.778416488690709e-07
1.760388840921223e-05
4.858420084019599e-07
0.0001381148031214252
4.2964870772266295e-07
1.380619551127893e-06
1.2483551969921791e-08
1.3635681170853786e-06
2.0342646166682243e-05
3.5151267638866557e-06
6.476052476500627e-07
2.3851698642829433e-06
4.014679689134937e-06
3.1027955174067756e-06
8.997408440336585e-05
1.9539943707513885e-07
1.0009763173002284e-05
1.59019634793367e-06
2.854880904124002e-06
4.696738687925972e-05
1.1068272698366854e-07
8.160120046341035e-07
1.6141969183536276e-07
1.4117553348569345e-07
1.056386736308923e-05
4.947401976096444e-06
0.00025920692132785916
5.638072616420686e-05
