1.3397076447518262e-23
1.8356415873435887e-22
3.474646404306505e-23
5.2909841235372285e-23
2.4835845456414985e-22
9.321294556932807e-22
0.006659460719674826
0.008009479381144047
1.0298436996479625e-21
6.863257492587944e-22
3.5311630501291797e-22
1.6345556414574697e-22
0.00029095285572111607
0.0005529162590391934
1.135002815240224e-24
1.003279215716872e-23
2.971319067984394e-23
9.397059408842874e-23
4.463556439748686e-25
1.3091730479212554e-23
7.906348325158004e-23
4.276870108390981e-22
3.3123517152471067e-22
4.011133035463038e-23
1.0165246478548578e-22
3.360007875382339e-23
6.109171226853505e-05
0.00038857583422213793
9.411929568159394e-06
2.147327904822305e-06
5.88339783743031e-23
2.9010063177802346e-23
4.034948193989027e-24
3.248808464460575e-23
2.030894159271088e-23
5.464717800593311e-23
1.8671823289271145e-23
7.037427346615741e-24
2.0982488388528495e-22
5.244437859141206e-23
1.9121674375917048e-23
1.0569421572149098e-22
3.493191893099527e-23
7.047906101564154e-23
5.870514034908496e-22
6.161257619878711e-22
1.8482454389073583e-22
6.073796800643475e-22
1.0948238258634745e-22
9.621579698541595e-22
2.0080997078703648e-23
4.752354315073391e-23
3.0133860539428268e-22
7.8737451457073265e-22
5.280495555159155e-22
9.83041654992031e-22
1.3808187963503954e-21
4.1389817659971625e-22
3.845137011036343e-22
1.1582743697164248e-22
3.85940826211826e-23
1.3448672368340785e-22
1.862661367079293e-23
3.7523091608552173e-22
5.216073972746926e-08
1.517689440788672e-07
2.2096310203778557e-06
1.6006952137104236e-05
1.4407735062573024e-23
3.135047148863015e-23
9.997623002519976e-23
1.055916549685701e-21
1.3229462638264522e-05
3.5600944556790637e-06
9.487164679159029e-24
1.386620319261106e-22
9.000344415050848e-24
1.046703484194392e-23
1.4543510646136044e-23
1.7559655630654354e-23
2.871606170629093e-07
1.3585990643605328e-07
5.80632827269188e-22
1.6499279845908943e-23
7.830636604921892e-06
3.7575242458842695e-05
2.0332172157974445e-21
7.8945877343474795e-22
