0.0001676843239692971
4.544935654848814e-05
1.2326615284052878e-08
6.724991230555588e-09
0.0002778304333332926
6.90234373905696e-05
1.6757402363509755e-06
4.476366939343279e-07
2.9842642590879254e-29
1.1984058152938257e-28
8.68926531537553e-28
5.195454581079603e-28
1.1000284952142993e-27
6.591139419108089e-28
2.2062241811227068e-08
9.998663230703642e-09
0.00015673530288040638
1.5281100786523893e-05
4.3470345190144144e-07
1.2662135873142688e-07
0.00029060698579996824
2.432053952361457e-05
1.3175756676459511e-27
3.2823501264157706e-28
6.914611003594473e-05
1.2082145076419692e-05
3.394748842417668e-28
2.0102606388621197e-28
2.0178929844405502e-05
8.307697498821653e-06
3.190003994291146e-08
1.2958913941929495e-08
1.8920497950603021e-06
6.0828469941043295e-06
3.444035748958719e-26
1.7215913965524745e-26
0.00015984610945452005
2.825357842084486e-05
3.510735268719145e-06
1.2476516531023663e-06
4.833941160113591e-28
2.1388894072466114e-28
3.6868361803499283e-06
2.5508104499749606e-06
2.949381442786257e-27
4.308807182937754e-27
3.1776559161755813e-09
4.299340883306968e-09
1.3442512454275857e-06
6.448919407375797e-07
9.709453325483787e-27
2.2004396727085484e-26
6.1016962717985734e-06
9.19951389732887e-07
9.27357609009809e-28
4.222577810427196e-28
3.582430956239447e-28
1.3643508004276568e-28
6.898145699096858e-08
9.373203369023031e-08
2.0012158699901697e-28
1.066385243536025e-28
9.692423219576085e-08
3.9209893998304324e-08
1.1276478062427486e-06
1.4650379398517543e-07
1.4526079894494615e-07
8.601580248068785e-08
6.575498446181882e-06
1.5111313587112818e-06
3.692206860250735e-07
1.1578330116890356e-07
