1.9219815954082476e-27
1.9219815954082476e-27
3.9057223943927966e-07
2.07038744950216e-28
2.07038744950216e-28
2.07038744950216e-28
0.00012125085049774498
1.8719887392460812e-28
1.8719887392460812e-28
4.8342112717882915e-28
5.400771101449209e-07
4.8342112717882915e-28
3.0046429210525378e-27
3.0046429210525378e-27
8.596466614108067e-06
3.376184466645979e-27
1.0472023859620094e-05
3.376184466645979e-27
1.602188785909675e-05
1.1389160059828914e-28
1.1389160059828914e-28
6.574451981578022e-05
8.572639664628188e-28
8.572639664628188e-28
2.1189640971538456e-29
3.827167915915197e-07
2.1189640971538456e-29
1.4339066125932022e-26
1.4339066125932022e-26
1.4339066125932022e-26
1.7112496932152057e-30
1.7112496932152057e-30
1.7112496932152057e-30
2.373686538355563e-29
2.373686538355563e-29
2.373686538355563e-29
6.971976236873935e-30
6.971976236873935e-30
6.971976236873935e-30
0.000100475168437697
2.1863384063181e-06
2.8753718068833444e-26
3.372213086549891e-06
7.381056548183551e-07
4.282888355078285e-08
1.5203044461959958e-26
7.4831064011959825e-06
1.0493099580344278e-05
1.9125920516671613e-05
2.418609305698226e-28
2.866024528813682e-09
1.961039339124624e-26
1.961039339124624e-26
1.961039339124624e-26
4.483871554691818e-29
4.483871554691818e-29
4.483871554691818e-29
8.870305498672225e-29
8.870305498672225e-29
8.870305498672225e-29
8.780102764167526e-27
8.780102764167526e-27
8.780102764167526e-27
3.4538695472547604e-27
3.4538695472547604e-27
3.4538695472547604e-27
2.5744779457336447e-28
2.5744779457336447e-28
2.5744779457336447e-28
2.716927091102562e-27
2.716927091102562e-27
2.716927091102562e-27
7.046066343718849e-07
0.00010806827776832506
5.4712383956712074e-08
1.447111344532459e-06
1.9098317594057335e-08
3.2557222190046727e-28
2.3760089871828443e-27
1.148953288065968e-06
4.816612317881663e-07
6.384520689906026e-10
8.64228475809113e-27
5.507337164090131e-07
3.3328396966680884e-05
7.1034742177289445e-06
2.2764095201088584e-27
0.00018449133494868875
4.764915956911864e-06
1.6008144143597747e-07
1.7114554968853567e-27
3.6101090472584474e-07
1.1900017682364705e-07
1.2541170235635946e-06
1.4167012596571205e-27
4.198102310226659e-09
1.7627578409649606e-27
1.7627578409649606e-27
1.7627578409649606e-27
1.783654180861562e-27
1.783654180861562e-27
1.783654180861562e-27
