1.1818312486866489e-05
1.0179210363503444e-07
1.8252470213489106e-28
2.0312718123316553e-28
3.067251978538464e-29
1.054316523910144e-28
1.1266029105172493e-06
1.989810698432848e-06
4.846762294619111e-06
1.1344771788657226e-09
9.566508651914774e-08
7.562308837805176e-06
1.4205367972896163e-28
8.78465277366114e-28
1.554771301925939e-06
6.3409738686459605e-06
3.896723824975865e-29
2.2355301644435324e-28
5.440136646939209e-06
4.025384896522155e-06
9.83775668393005e-29
9.278061580938567e-28
9.196659789267869e-08
7.095522505551344e-06
1.21842020917029e-07
3.8279668324037175e-09
1.2134060511925782e-07
2.2081358963532693e-07
9.259106578425908e-28
6.29092016306966e-28
9.259106578425908e-28
6.29092016306966e-28
1.7820012487845815e-07
3.382844170118915e-06
4.8186598689698507e-29
2.0751777187563373e-28
1.3720965295521177e-28
5.1767502383492055e-27
1.7375366923033653e-08
4.73553569690921e-08
8.644645959066111e-07
1.3079306881991215e-06
1.4831440964258036e-08
1.1698163149276297e-07
5.071345185569953e-06
7.866392479627393e-06
6.739898368383181e-29
9.769627273259216e-28
6.0099382608314045e-06
1.1142084986204281e-05
2.0130750399971475e-08
1.4506075451947709e-08
3.782785809465916e-29
5.312716270191078e-28
3.782785809465916e-29
5.312716270191078e-28
4.429212822287809e-06
4.387925116589031e-07
1.9038600029830377e-08
3.488655409000785e-08
1.0858740097319242e-05
4.84591009808355e-06
7.250108069456473e-07
5.930921531671629e-08
