7.323688805627171e-06
9.245525234291563e-08
8.066585593935471e-11
1.3221197747714797e-10
2.118437369968973e-10
4.8540265140673e-09
1.9614874418039108e-06
7.265905878739432e-05
9.853064284470747e-07
4.599129077575981e-09
5.279395143276133e-09
1.5534724298049696e-06
1.0513247173868367e-12
2.5160529215639826e-10
1.739510366860486e-06
2.3458918803953566e-05
1.8199504403515476e-11
2.4506955492720195e-11
1.8199504403515476e-11
2.4506955492720195e-11
3.0809435003220642e-09
1.5324381763548445e-08
3.0395503927138634e-06
3.324993713249569e-06
9.340672590951726e-08
3.9865311052267316e-10
9.129040279276524e-08
2.803037375542772e-07
1.9477695012426466e-09
1.8631505227517664e-09
1.9477695012426466e-09
1.8631505227517664e-09
7.13581584932399e-06
2.9408882255665958e-05
1.3787626595984648e-10
3.4341549048910736e-10
1.4934761205509517e-09
2.968462808894401e-08
2.1966405583384585e-08
2.1019873486238794e-07
1.9588766519973433e-07
4.4469527438195655e-07
2.2147574441078177e-08
5.3659391596738715e-08
1.860108386608772e-05
8.458138836431317e-06
1.536704763438479e-09
2.1862589516530306e-09
1.0186995496042073e-06
1.2762914138875203e-06
9.431094554201991e-07
9.951875767910678e-08
3.099725631727779e-07
4.848706112170476e-07
3.099725631727779e-07
4.848706112170476e-07
1.0260770068271086e-05
8.420653330176719e-07
1.5640090111901372e-07
1.5265780461959366e-07
3.4246982067998033e-06
1.148717174714875e-07
1.9593712750065606e-06
1.137982952315042e-08
