1.5666557828808436e-06
1.5666557828808436e-06
3.669672423711745e-06
3.2566692880209303e-06
3.2566692880209303e-06
3.2566692880209303e-06
0.005204764660447836
1.7581171050551347e-05
1.7581171050551347e-05
2.7016985768568702e-05
6.16355100646615e-06
2.7016985768568702e-05
7.769347831754203e-08
7.769347831754203e-08
5.3347505968304176e-08
7.10138124304649e-07
3.4776635402522516e-06
7.10138124304649e-07
4.019305924884975e-05
3.820629444817314e-06
3.820629444817314e-06
0.00020393879094626755
1.2209167152832379e-06
1.2209167152832379e-06
7.436704549945716e-07
0.00011091208580182865
7.436704549945716e-07
5.783814685855759e-06
5.783814685855759e-06
5.783814685855759e-06
2.68692429017392e-06
2.68692429017392e-06
2.68692429017392e-06
3.4010597573796986e-06
3.4010597573796986e-06
3.4010597573796986e-06
3.379926283741952e-06
3.379926283741952e-06
3.379926283741952e-06
5.617954457193264e-08
2.933268490323826e-07
1.4519817170821625e-07
9.91039487416856e-05
3.700013621710241e-06
2.1492928681254853e-06
1.7786216631066054e-05
6.292151738307439e-06
1.7916861906996928e-05
4.525808208200033e-07
7.438722349206728e-08
5.138891978617721e-08
5.793458058178658e-06
2.6899895644305616e-08
2.6899895644305616e-08
7.250857136931188e-10
4.977011158757705e-08
7.250857136931188e-10
1.2539635463326704e-06
1.2539635463326704e-06
1.2539635463326704e-06
3.1690328796685208e-06
3.1690328796685208e-06
3.1690328796685208e-06
7.208180363704741e-07
7.208180363704741e-07
7.208180363704741e-07
2.2029522369848564e-05
2.2029522369848564e-05
2.2029522369848564e-05
7.395687134703621e-06
7.395687134703621e-06
7.395687134703621e-06
0.0007332199020311236
1.5472651284653693e-05
3.7273512134561315e-06
6.936887530173408e-06
7.386669267361867e-07
5.03983947908182e-08
9.576549928169698e-06
9.576549928169698e-06
1.1756898743442434e-07
1.076907892638701e-06
1.076907892638701e-06
8.148707820510026e-06
7.554476724180859e-07
1.6341980426659575e-06
4.1725473920450895e-07
0.0007478401530534029
4.601082764565945e-06
1.2517278264567722e-05
2.4093696993077174e-06
2.4093696993077174e-06
6.682230377919041e-07
1.5605579619659693e-06
1.5605579619659693e-06
5.619241392196272e-07
7.227817491184396e-07
7.227817491184396e-07
7.227817491184396e-07
1.387115275974793e-07
1.387115275974793e-07
1.387115275974793e-07
