6.901891902089119e-05
2.4785429559415206e-05
6.107716554737408e-10
2.9857496475216294e-09
5.509455149876885e-05
2.4139513698173687e-05
8.10812707641162e-07
4.663020547468477e-07
7.920218791923617e-08
8.681749363859126e-08
3.8977074723334226e-07
1.9335531931119476e-07
1.126360782421898e-08
2.5899620226255138e-08
7.778287880455537e-08
5.3903033148117174e-09
0.0009223070810548961
0.0005215620622038841
2.2956271550356178e-07
1.221219037006449e-07
0.0002453683118801564
0.00011048874875996262
1.4617373267356015e-07
1.9784768312547385e-07
0.0009300423553213477
0.00031426126952283084
2.3219268285856742e-08
3.93036785339973e-08
9.758297528605908e-05
0.0001486470428062603
7.241781929678837e-08
1.7088538584175694e-07
4.008442431313597e-07
1.8257645706398762e-06
2.8241736060863332e-08
5.0617470215286176e-09
6.811143248341978e-05
6.2463841459248215e-06
1.2087612958566751e-05
2.038561797235161e-05
1.1106850195119478e-07
1.0110150583386712e-07
3.293771158041636e-07
2.640300920120353e-07
3.939122805718398e-08
1.6350814746601827e-07
2.8458259748731507e-08
3.133931558707559e-09
8.362661901628599e-06
3.742153182884067e-07
8.882743429694528e-08
1.2157592266248685e-08
3.2405543606728315e-05
4.3669483602570836e-06
4.2822173895729065e-07
5.731448382562121e-08
2.0573592962591647e-07
8.369435278154924e-08
6.862165946586174e-08
4.503021955315489e-08
1.7138830799012794e-07
2.0919932808283193e-07
5.0433065723609616e-08
4.015297250248295e-08
1.5200647794699762e-05
1.1958739776218863e-07
6.299774213402998e-08
3.2062481558625677e-09
2.3076263460097834e-06
5.82519305680762e-07
1.9205697299184976e-06
2.373577672187821e-07
