4.043424439714727e-07
5.995150331727928e-07
3.5305149594933027e-06
3.6227933719601424e-07
2.1089421409214992e-07
4.0784183852338174e-07
3.77534519202527e-08
2.0947999246345717e-07
3.6869798236693896e-07
2.476403153650608e-07
1.9867117373451038e-07
1.251149569725385e-06
1.7700195940051344e-06
2.534663735787035e-06
3.4397278341202764e-06
3.129866172457696e-06
7.418144036819285e-07
2.032169561516639e-07
1.1102607686552801e-06
2.255326165823135e-07
1.6112730918393936e-06
2.3739601147099165e-06
4.5365013079390337e-07
4.917621367894753e-07
6.718378244841006e-07
3.84278337151045e-06
1.191470346384449e-06
1.9533758859324735e-06
8.387100933759939e-07
1.568486567293803e-07
1.4622928574681282e-06
7.092530154295673e-07
1.915194388857344e-06
4.742453256767476e-07
6.381509365382954e-07
7.557923254353227e-06
2.628597940201871e-06
3.583512580007664e-07
1.1144735481138923e-06
1.4361627336256788e-06
2.083932173491121e-07
1.9032917464301136e-07
1.9047351429435366e-07
2.5608898113205214e-07
2.064894033537712e-06
2.4877053874661215e-06
6.323287493614771e-08
1.202729436045047e-07
5.531512101697444e-07
4.1799085011007264e-06
6.216931325297992e-08
1.821903623522303e-07
2.0644522464863257e-06
1.2443828154573566e-06
6.745980840605625e-08
3.116535651770391e-08
4.161314279826911e-07
2.620556188048795e-06
8.634675623397925e-07
1.3896770667543024e-07
2.7614757414085034e-07
9.16214730750653e-07
3.054645105748932e-07
4.375714013349352e-07
2.6358939066994935e-06
2.498055209798622e-06
3.6624450672206876e-07
2.673928634067124e-07
2.3818925001251046e-06
3.5814152852253756e-06
2.5104807264142437e-06
1.4345303043228341e-06
6.20178639110236e-07
5.298178962220845e-07
1.0076098533318145e-06
6.029467272128386e-07
3.4862591746787075e-07
4.624525331564655e-07
1.6783488945293357e-06
3.489624077701592e-06
1.467902052354475e-06
2.7619371394393966e-06
1.5881905710557476e-06
2.5801266474445583e-06
2.8103136173740495e-06
2.390826921327971e-06
1.8277160052093677e-06
6.122779723227723e-07
