9.092217624129262e-06
7.466062612593305e-08
7.17739737865486e-07
8.919261631490372e-07
1.0955513971566688e-05
3.686655418277951e-06
4.6883710638212506e-06
1.281867980651441e-06
4.916131729260087e-06
9.589216531935563e-09
1.8943620005984485e-08
2.57033457273792e-06
1.438479785065283e-06
1.2471142554204562e-06
5.801758106827037e-06
4.5595361370942555e-06
1.1469966011645738e-05
9.25092535908334e-06
1.1469966011645738e-05
9.25092535908334e-06
5.781551521977235e-07
7.47438434700598e-07
1.646227974561043e-05
1.6762539871706394e-06
5.987177701172186e-06
4.811653525393922e-06
1.0020254848086552e-08
4.409327658549955e-08
1.2202587640786078e-05
2.5560350422892952e-06
1.2202587640786078e-05
2.5560350422892952e-06
2.0028198832733324e-06
8.465360110676556e-07
1.3433704225462861e-05
6.155506525828969e-06
1.5462479495909065e-05
1.0981930245179683e-05
2.0269691702878845e-08
1.1550191629794426e-06
1.2304592473810771e-06
2.0048473743372597e-06
7.008601698998973e-08
1.2538568228137592e-07
2.348001544305589e-06
2.736699343586224e-06
6.246879820537288e-06
8.236633220803924e-06
2.2875303784530843e-06
2.5184797323163366e-06
7.64819560572505e-06
1.8908865513367346e-06
4.882102984993253e-06
3.4250133467139676e-06
4.882102984993253e-06
3.4250133467139676e-06
3.579621625249274e-05
1.5854351659072563e-05
7.206453744856844e-08
6.097132398963367e-08
4.716297752338505e-08
3.000000106112566e-07
7.199587344075553e-06
9.103823686018586e-06
