4.138903477723943e-06
4.138903477723943e-06
4.138903477723943e-06
2.821600673996727e-06
2.821600673996727e-06
2.821600673996727e-06
9.096208941627992e-07
9.096208941627992e-07
9.096208941627992e-07
5.10203562953393e-07
5.10203562953393e-07
5.10203562953393e-07
1.2441336139090708e-06
1.2441336139090708e-06
1.2441336139090708e-06
1.0140407766812132e-06
1.0140407766812132e-06
1.0140407766812132e-06
2.5252319346691365e-07
2.5252319346691365e-07
2.5252319346691365e-07
8.792905646259896e-06
2.5786164314922644e-06
2.5786164314922644e-06
1.500614644101006e-06
2.9804375571984565e-06
1.500614644101006e-06
1.989362317544874e-06
1.989362317544874e-06
1.989362317544874e-06
7.521870884374948e-06
7.521870884374948e-06
7.521870884374948e-06
7.746940013930725e-07
7.746940013930725e-07
7.746940013930725e-07
4.1002704165293835e-06
4.1002704165293835e-06
4.1002704165293835e-06
1.5142340998863801e-05
9.09165737539297e-06
9.09165737539297e-06
1.2841401257901452e-06
8.033109111238446e-07
1.2841401257901452e-06
8.085675062829978e-07
8.085675062829978e-07
8.085675062829978e-07
1.0433134775666986e-05
1.0433134775666986e-05
1.267459470710719e-08
2.2521915070683463e-06
9.417253181709384e-07
9.417253181709384e-07
3.638846919784555e-06
1.5122619743124233e-06
3.638846919784555e-06
2.1356847355491482e-05
2.1356847355491482e-05
2.1356847355491482e-05
3.4096308354492066e-06
3.4096308354492066e-06
3.4096308354492066e-06
2.4311907509400044e-06
2.4311907509400044e-06
2.4311907509400044e-06
2.3841403162805364e-06
2.3841403162805364e-06
2.3841403162805364e-06
8.695740234543337e-07
8.695740234543337e-07
8.695740234543337e-07
0.00020562797726597637
2.5705172447487712e-05
2.5705172447487712e-05
6.644681434408994e-06
1.288621774619969e-06
6.644681434408994e-06
3.685275942189037e-06
3.685275942189037e-06
1.6955219450665027e-08
2.2107660697656684e-06
2.2107660697656684e-06
2.2107660697656684e-06
8.627823990536854e-05
6.494979487570163e-08
4.024299414595589e-06
2.2370175429387018e-05
2.605994495752384e-07
8.371504918613937e-06
2.0553402464429382e-06
2.0553402464429382e-06
2.8363100312844836e-08
4.8026590775407385e-06
4.8026590775407385e-06
1.0002811023923641e-08
4.091850769327721e-06
4.091850769327721e-06
4.091850769327721e-06
9.086134923563804e-06
9.086134923563804e-06
9.086134923563804e-06
