1.2213358786539175e-06
2.578299245215021e-06
2.256545030832058e-06
9.805933132156497e-07
5.292870810080785e-06
3.7314498513296712e-06
2.1121018107805867e-06
7.71022484968853e-07
4.879147127212491e-06
1.99890200747177e-06
2.44980492425384e-06
2.410511342532118e-06
3.210676595699624e-06
5.244164185569389e-06
2.582678689577733e-06
1.955774450834724e-06
2.499818492651684e-06
5.52169240108924e-06
1.3374739182836493e-06
1.6309355714838603e-06
5.550562946154969e-06
2.9156612981751096e-06
1.9952708498749416e-06
9.55475684349949e-07
5.309923380991677e-06
8.950814844865818e-07
3.595552470869734e-06
3.730735215867753e-06
1.02037847682368e-06
1.0246496913168812e-06
2.7016224066755967e-06
8.430247362412047e-07
5.862671059730928e-06
3.5690779895958258e-06
1.58783018378017e-06
1.9543797407095553e-06
5.9501726354938e-06
4.223496944177896e-06
1.6531496385141509e-06
1.8674281818675809e-06
1.0608248430798994e-06
8.997752956929617e-06
6.584433322132099e-06
9.043962450050458e-07
2.139569551218301e-05
4.424530288815731e-06
1.6727684624129324e-06
1.4988020211603725e-06
5.283796781441197e-06
1.7213054888998158e-05
2.2000308490532916e-06
6.198563369252952e-07
4.963417268299963e-07
1.969587628991576e-06
9.547791250952287e-07
2.180121327910456e-06
4.74568395247843e-07
1.5989297708074446e-06
6.065785782993771e-06
4.400752914079931e-06
1.941637947311392e-06
4.8699566832510754e-06
1.3222780808064272e-06
2.5265208023483865e-06
9.783873338164994e-07
2.0463569398998516e-06
2.746821223809093e-07
5.8964196796296164e-06
8.873350452631712e-06
2.003835470532067e-05
3.2311293125530938e-06
4.750327661895426e-06
3.147431925754063e-06
2.9727156288572587e-05
3.587200581023353e-06
9.146939191850834e-06
1.460409066567081e-06
3.908061898982851e-06
4.8961204868192e-08
1.4637078493251465e-05
1.5856463733143755e-06
2.1984426439303206e-06
2.8729087375722884e-07
4.392660741814325e-07
3.512171133479569e-06
6.701393886032747e-06
1.2086482001905097e-06
1.1121907164124423e-06
