3.610556404964882e-06
4.956376142217778e-05
8.898084047359589e-09
1.4879583432048094e-07
2.101408199450816e-06
6.423633749363944e-05
1.3795848907705022e-08
2.1231587652437156e-06
1.1250849638599902e-05
1.9749841158045456e-05
1.0241944437439088e-05
3.011633816640824e-05
5.0208141146868e-06
6.0778766055591404e-06
3.903286938111705e-08
1.3963854428311606e-07
3.0468971090158448e-05
0.0007016484159976244
1.893547232612036e-05
3.237151031498797e-05
5.693490675184876e-05
0.00029425081447698176
3.803073559538461e-05
2.6421663278597407e-05
2.4831131668179296e-05
3.687291609821841e-05
2.4831131668179296e-05
3.687291609821841e-05
2.2653568521491252e-05
2.689860230020713e-05
8.156065156583736e-09
3.195418400991912e-07
1.7460180970374495e-05
8.135857933666557e-05
7.337558054132387e-05
2.7731335649150424e-05
1.3099493116897065e-05
0.0003622071526478976
1.315822686365209e-07
5.47741638001753e-06
3.159803236485459e-05
4.251839709468186e-05
3.083218658161968e-08
1.1208442174392985e-06
3.507791188894771e-05
3.6669389373855665e-05
8.77492745132713e-09
1.2414596994858584e-07
5.9501549003471155e-06
1.172919655800797e-05
1.769071604940109e-05
8.116284152492881e-05
2.198672063968843e-06
1.9955714378738776e-05
1.3680649317393545e-05
1.9948141925851814e-05
1.9240527763031423e-05
3.41958184435498e-05
1.9240527763031423e-05
3.41958184435498e-05
1.2875587344751693e-05
2.4901937649701722e-05
8.009167551392693e-09
1.6832534299737745e-07
6.699971777379687e-08
4.449544519502524e-07
3.65094510179631e-09
1.5298702749078075e-08
1.2847374364355346e-07
5.477112154039787e-06
5.658851165435408e-08
1.2012505976599641e-06
