1.4237244716497344e-10
9.779998890735442e-07
3.4861605269220775e-10
7.574975825264119e-06
5.00509522716186e-10
1.377425178361591e-07
1.1546472933332552e-07
7.690981185248802e-11
3.153174665815328e-10
3.769879131088061e-10
3.742011978058457e-10
6.723791745599783e-09
1.148222975033697e-10
9.587378113629086e-11
1.5982311307727315e-10
1.0660047955468599e-08
1.9724676059151847e-10
1.2023997075782944e-10
7.373199332505465e-05
6.06885706133653e-08
6.390063936123624e-05
1.52868037672782e-10
1.1980612335538154e-10
3.1521344562301934e-11
1.2527386072935798e-10
2.0020309021706595e-10
1.347998934697614e-10
1.893473711156446e-10
4.0994692085405404e-07
1.616525802106139e-10
2.7721219417187193e-11
2.983881544627032e-11
1.2892648060258693e-10
1.3501670614868289e-10
3.315443197760004e-10
2.228218859423592e-10
0.00021507997007574886
2.3576192234031623e-06
1.0233809633053426e-10
4.479537574209047e-11
2.6920993434487173e-08
6.265764296298215e-11
2.286452971400621e-10
2.580783364791728e-10
2.440749824472732e-10
1.0319158860738753e-07
1.1163386187673652e-10
1.3658495168211715e-10
9.352961001241056e-07
6.764331374142785e-06
4.820995854970533e-06
3.4676149880397134e-06
1.0857118759588502e-08
2.8765204107550346e-10
1.4882241272662355e-10
8.993343385554908e-07
3.1415166290571506e-07
1.0699098941871488e-12
3.7978776390446e-07
2.347938787838899e-10
1.0563978858346701e-10
1.60967801587919e-11
8.158845821171212e-11
1.2403475468936165e-10
5.812242354075181e-11
2.431029543004115e-06
3.253360603139299e-07
2.1469077182700858e-06
2.1847742459613073e-07
8.970775525085628e-06
1.2143814274168108e-06
2.20178927173853e-11
3.3135882926416116e-10
1.1632155655361132e-10
3.1688205837099304e-08
1.841631380727904e-08
3.857710262344938e-10
2.307835522685764e-08
1.3628018713518486e-09
1.150708306418835e-09
6.67612243265836e-10
1.2884524380751827e-07
2.652676411862842e-10
5.070856512467969e-10
1.4641370060797243e-10
1.2961877793316035e-08
1.8974408849681268e-11
1.3589111347300786e-07
1.2390603820744417e-10
2.539836998494138e-07
5.334639952003783e-10
2.399230814020825e-10
1.43007854447319e-08
2.2603556715239392e-07
2.408016008814684e-10
2.24163176909542e-09
6.275401574384887e-06
1.7760086457041524e-10
1.7741338353971514e-07
1.2633985591037344e-07
4.077094217791455e-11
2.1088364388077707e-09
8.135313256385501e-11
1.762597984233949e-10
5.679545211023651e-06
7.629906235706585e-07
1.3284478882269468e-05
4.1977065734499774e-07
7.715790388829191e-07
5.284883294875975e-11
4.955648669202617e-10
3.877466403512386e-10
2.9274482837848836e-10
2.63154547042177e-08
8.545612134591707e-11
6.604522706510352e-09
1.6436413341480716e-10
2.4755583694080485e-10
1.4853716265861294e-06
6.146801401207824e-10
6.38917363460223e-10
1.45120804262433e-10
4.3789666337445965e-10
4.3789666337445965e-10
9.894775985230808e-07
2.1108929881830107e-10
9.24140208802271e-10
8.58463800046394e-10
2.6867985070566647e-05
2.2169742805999704e-05
1.3111619429073684e-11
8.679460622440516e-11
2.8610397384554176e-10
2.8610397384554176e-10
4.127856811919628e-08
4.215852200672998e-08
2.304736124170148e-10
1.7836819521388492e-10
1.482208106251548e-10
4.092139821443297e-11
2.1769633318236004e-10
8.696593445378653e-10
9.161954528380534e-11
3.1019919966013276e-10
1.5986391588285187e-07
1.2581597275129752e-07
3.104949200860574e-06
7.446106451425294e-07
1.0434014763305299e-10
2.6263155539218985e-10
2.6394181986688636e-06
1.7136164842668222e-06
1.1913897646209648e-10
2.6870523583966133e-09
3.0524968663847574e-10
2.5647248214077933e-10
3.5283507227035216e-09
4.1050496335515163e-10
1.8895589164458215e-06
5.266962830319244e-07
1.407065575165234e-10
7.104097171639623e-11
7.905086363280134e-09
2.8589280942625805e-10
2.5336641118478553e-10
4.362348815512007e-10
4.047283896913001e-10
3.009797744368825e-09
3.076490315834235e-07
7.312929710678873e-07
1.0652593829263424e-07
8.215116781284948e-11
2.640778984375203e-10
2.623057604456136e-10
1.7087198322940367e-10
4.367631950552564e-11
2.730326242872394e-10
9.155202151944764e-10
5.283011361711942e-08
4.957612986800086e-07
9.632397657277636e-11
2.5983357132552953e-10
3.101676693262334e-10
1.5536427699913702e-10
2.749024896608887e-10
3.4105512858317866e-10
2.5668700498471253e-10
1.2340502231200645e-10
2.259628928413804e-09
4.421471189175463e-09
5.135615266382842e-10
1.8834629372577183e-05
2.471435833761859e-10
6.13721365394504e-11
1.2957708517280508e-10
1.6536552682744343e-10
6.943598407360696e-08
1.3297228917963366e-07
7.3408523704188156e-09
5.673330250033359e-09
7.778339181641059e-07
2.9469052198471957e-11
2.4416718646946833e-10
4.326832367951283e-06
4.632923378267151e-07
4.2574058056743525e-08
8.415687261731364e-06
2.5472763454104097e-08
1.18978632501765e-10
8.533553308431863e-10
1.526394705075873e-10
1.9281668528492446e-07
2.0120221222441614e-07
5.612898146267753e-09
1.2843538854667713e-07
1.7153368503386446e-08
2.3039110896849735e-10
4.04994295877259e-07
4.002520537227383e-11
7.950214792051824e-11
1.4029204187249178e-10
6.790192852434984e-10
2.7216770503990517e-10
2.0532834241748787e-05
1.565201857012255e-10
3.100490697516278e-11
4.294052359909983e-06
1.4115722706264933e-06
8.435907528081543e-10
3.55461576839744e-10
3.9896241865733373e-10
6.210920666660513e-11
5.704742234158289e-11
7.583741967742696e-11
5.337262576343704e-11
4.4293176415521884e-07
6.048772593914009e-11
2.0354494478791452e-10
2.365828921657709e-10
4.39645873484551e-07
1.676865868383004e-10
4.8088422133218955e-11
2.876636706616864e-10
7.913121546909707e-11
8.565515599912032e-06
5.681419224856654e-06
2.951101862880279e-11
8.443281490633225e-11
3.512567320340665e-11
2.9594018208234374e-11
3.1529097554994223e-07
8.96856894305742e-11
2.392077369517409e-10
2.0174609005607635e-07
1.1586578224642707e-10
2.3449618424820073e-07
1.4202532205853657e-10
1.6366057120631439e-10
2.0398510969243944e-06
1.9851979435325795e-11
7.524320055907197e-11
3.127423320314904e-10
2.0645683773690138e-10
2.2165843347465852e-06
4.667759234688873e-11
9.255179955758308e-11
4.75617600859124e-10
1.376892214466352e-06
1.2155713935424473e-10
3.096902446486638e-06
1.7665159612878512e-10
1.2044774032327066e-11
3.0804926609562244e-07
1.2213723088461137e-10
3.305235196648937e-08
4.6491678562521344e-11
2.509680143703008e-07
6.384711468854221e-06
1.0139787898211239e-09
3.722890745683216e-11
5.999933819111902e-06
6.001370927988248e-11
1.3176364443978628e-09
1.318296999341939e-10
1.305584806932103e-10
4.1850439780333204e-11
3.611501824707375e-06
3.3772082352889754e-11
8.2852870397776e-11
7.123746037507317e-12
0.00015926209744066
2.754657543846406e-06
2.7316799489085497e-08
8.24900610041368e-08
4.772969987243414e-06
2.9484450436711995e-09
1.7903847848721455e-10
1.3602933002232476e-08
4.8403297370214204e-08
3.587603547572371e-10
