1.7248537176328682e-07
3.524321812164999e-08
9.51504901536282e-08
2.4806261489374037e-09
4.796603652462705e-12
1.8204100726837424e-10
3.1140159895137742e-12
5.041792405791057e-07
5.762126775721299e-09
4.249210761031463e-09
2.7877238295559437e-08
3.1365670477567775e-11
2.7003500235878164e-06
1.88204161456762e-12
5.146540416056666e-10
5.407769232412818e-10
5.064093033801953e-10
7.824271786027737e-11
2.104376335410052e-06
5.526183330384349e-11
4.6722090019102325e-07
3.824500893756522e-08
2.354235695278817e-10
5.0132499040955736e-08
1.4469375697601095e-09
3.374553747548248e-09
2.0704796210857523e-10
8.551133412471046e-11
2.1620438772629313e-10
1.350838104569041e-11
2.4914028173839142e-08
3.95834032218545e-09
1.330015379608085e-06
1.570911045689627e-08
7.251681836351054e-06
8.676329654733195e-10
3.700536353790085e-06
1.1479667216818257e-09
3.986175670434022e-06
1.133935279007403e-09
2.248461896670051e-06
5.514266732120632e-08
8.235705900005996e-05
4.3921481562847475e-08
7.416864264087053e-06
2.2846600999937294e-10
4.2585838855302427e-07
4.981006327398063e-07
3.265575651312247e-05
1.6762834453842856e-09
1.82185376615962e-05
2.819213129612308e-08
3.584843255577397e-10
3.157539507636642e-10
1.5747535826449166e-06
1.871853925194955e-07
3.642855153884739e-05
1.411269878737187e-09
1.3790634511678945e-05
4.099873773810714e-10
6.8391950662771706e-06
1.596565901706981e-08
1.6841781871335115e-06
2.140554178353682e-09
9.409976883034687e-06
5.224972937867278e-06
2.428917923680274e-06
3.214360333458899e-08
3.1610267114956514e-07
6.0218339967832435e-06
1.3018347090110183e-05
2.21543472456176e-09
3.327800732222386e-05
6.4551315404060006e-09
7.523759904870531e-06
1.7837736843162588e-09
8.89638249645941e-05
4.461892633145226e-09
1.6133086319314316e-05
7.089039133489905e-09
4.2142619349760935e-06
7.68296815056857e-10
1.2073594007233623e-05
1.6503378219567821e-07
5.0020480557577685e-05
2.4063470660529163e-10
1.2077457922643475e-09
2.4612859306216706e-07
9.28652918452677e-11
2.073078930742156e-10
3.946258875231479e-09
4.130350728104304e-09
5.763423960303271e-09
1.332209481619273e-10
8.349171132238098e-09
4.2689948798191324e-10
1.0820853546533726e-08
5.904810529422377e-10
3.25254596589275e-08
6.412186892568172e-10
8.926949179866028e-10
3.456768760123907e-10
2.5956956029027367e-10
2.1168450325959043e-10
2.448163449741969e-09
4.7662013002991443e-08
1.6322980744831739e-09
1.5111255580180227e-09
5.025150073834084e-09
1.8759161335424324e-08
1.279836903123055e-09
3.257276226520389e-09
7.82740130489401e-08
7.890427200507588e-10
9.370723752510912e-09
2.576129531917104e-08
5.238458200551577e-08
8.670718032455227e-10
1.7846873978655253e-09
5.325966778713109e-09
1.1504784902527376e-09
1.3479115046344248e-10
7.934553458710525e-09
4.885299387247244e-10
4.464956404603981e-09
4.3686876338711045e-10
4.533687203434056e-09
1.4380143742442897e-09
2.132003018573414e-09
1.1853461323596548e-08
2.2893999196416104e-10
7.429090231880764e-09
6.519504380797514e-11
3.1756194895926626e-11
1.2967157125842732e-08
3.0867838063386444e-08
8.264756878872959e-09
3.754606625605561e-10
1.958131612411762e-08
1.4047243368509044e-08
8.47930614611414e-09
3.579055940505782e-10
2.2581874148386305e-08
1.849270233833522e-06
1.6659832624554838e-07
1.0735683453333422e-09
4.518426188759861e-10
2.1429347185630832e-10
1.6243354439282598e-09
4.015118690858799e-07
3.393551395447503e-08
4.774910467020277e-10
1.0223791591101872e-08
4.818545562557119e-10
3.5404585929654786e-09
1.3716106028738295e-09
2.590402736757369e-08
1.829868239155985e-07
1.0460364130437938e-08
4.859225799513922e-10
2.066857618387985e-08
1.060966425825427e-09
4.392848307332997e-09
8.583291855046582e-10
4.0767694997612125e-08
1.6301694927278731e-07
8.480793289855626e-10
4.6526665853363625e-10
5.6914032597887854e-08
3.947102644730194e-10
2.921490704466123e-06
9.34653332507196e-09
9.011959605231823e-07
6.777147176784126e-10
1.3491631989381858e-06
2.760986994587711e-10
2.520390808058437e-06
1.635511059916439e-09
1.651727984608442e-06
6.730128916387912e-07
8.260984714070219e-07
2.4995439051878066e-10
4.065178927703528e-06
5.594611440784547e-10
2.269881861138856e-06
2.098803975059127e-08
1.6533006146346452e-06
7.570689319891244e-08
1.5652231013518758e-06
3.260272194438585e-07
7.647079655725975e-06
1.7596414603193722e-10
2.75368233815243e-06
2.3940865956362245e-10
2.113342361553805e-06
2.439773105766818e-10
1.6940867908488144e-07
3.4249560965093906e-09
5.153498477739049e-06
1.9768133796560505e-09
1.1610037518039462e-06
2.0671551137496635e-09
1.6079122815426672e-06
4.5913579604928145e-09
1.6819345773910754e-06
7.815156299884052e-10
9.859749297902454e-06
1.9059491762618563e-09
4.169676685705781e-06
5.15538758349976e-08
1.07449886854738e-06
3.6865352437409626e-10
6.178318585625675e-07
3.946923072817299e-07
1.7024966609824332e-06
3.573769724596332e-09
2.8727443535103703e-08
6.072614269214682e-07
8.727919862394629e-07
2.2818681666425533e-10
4.479831659409683e-06
4.5719133368038456e-08
7.419646008699488e-10
4.850884138818401e-10
9.557583197095099e-11
1.2527284809493722e-07
7.903837029310523e-10
5.306429740059571e-10
1.4401080328241278e-09
1.8304564808335755e-10
1.3076844052051229e-09
4.713465173722398e-10
1.9741541734674684e-09
4.884128101956264e-10
1.100598723269286e-09
7.823347004942693e-12
3.928373626393977e-09
4.791102514722922e-10
1.3110151853013008e-09
9.502801390226523e-08
1.7258104945128139e-09
1.294048479483223e-10
1.689053674702734e-09
4.66810964883102e-11
1.127301030301453e-09
1.1914295106052464e-09
2.649564789791725e-09
8.93425389225655e-10
1.666970672609125e-09
2.5746688114836047e-10
8.168498655258816e-10
2.2863051729604678e-11
2.1853023834950136e-09
1.0991580978725324e-08
5.270205161167496e-09
1.1195938620645052e-09
3.6864228336597193e-10
3.8178439576430634e-11
1.0530011307352538e-09
3.61353813538301e-09
1.0422702700907394e-09
3.620263422376979e-09
1.9001886286673653e-08
3.703242379415883e-09
2.103561595745429e-11
5.486653353869997e-09
2.1743048250755237e-08
1.977788627316457e-10
1.2847419794681514e-09
2.0498015729231156e-08
5.714926309963175e-09
1.8370275300938488e-09
8.090294656426522e-09
1.2220093594805803e-06
8.950200025559241e-10
2.60674426488805e-10
6.666519558606865e-10
6.742379432544965e-10
2.4287623023866445e-09
6.746139202817858e-10
3.647982194099342e-10
2.4775548279620807e-10
1.524512183159743e-09
8.030048848084448e-12
1.332162582912133e-06
1.2996824061417556e-08
2.632764335430693e-06
1.3513513295038138e-06
1.531091697870579e-06
1.7925519402162138e-10
1.0699159247451462e-06
2.6865776270312836e-10
9.403559033671627e-07
3.5118095098596314e-08
1.9269480617367662e-05
2.0250857935000255e-10
6.088388545322232e-06
3.135929016462313e-10
3.583579882615595e-06
2.976136448396005e-09
0.0012033500242978334
9.239830567331353e-10
1.374641215079464e-06
1.2512566538447345e-09
2.7752608730224892e-05
5.493787369470482e-11
1.9073524526902474e-05
3.1765937364980346e-06
1.1142225048388354e-05
6.054716550352168e-07
5.362897354643792e-06
1.1257839105383027e-09
1.4101273109190515e-06
3.7781863748698186e-10
5.53975996808731e-06
1.5454666435488207e-09
8.872072794474661e-05
9.993053051715606e-10
2.8894064598716795e-06
1.9689739929162897e-05
1.3094816608827387e-07
1.901053980901679e-09
3.811297574429773e-06
8.062647216533492e-10
4.955913755111396e-05
1.5913627748886938e-08
2.611499985505361e-05
3.954266247774285e-09
8.395128133997787e-06
3.6858635588110644e-10
1.7839471183833666e-05
2.92345134766947e-06
1.1437671219027834e-06
4.22125459587086e-11
9.506848073215224e-07
1.3808807430848447e-09
4.4419721234589815e-06
4.976942746814927e-10
1.1515591040733852e-06
9.034260450846432e-09
1.526853156974539e-05
2.8066831081474675e-09
3.8130463053676067e-06
4.656418241211213e-06
8.738167025512666e-07
5.736577804782428e-06
6.388655310729519e-05
1.7147704090003657e-10
9.742855763761327e-05
2.0082024931866727e-08
2.1822268536197953e-05
6.419920706157711e-10
2.2225106022233376e-06
2.0828017088803108e-10
6.4802687660403535e-09
3.870822551377273e-10
2.0621637304429896e-05
9.607929903066026e-12
7.66698667575838e-06
2.0887098994837316e-10
1.344931490621093e-07
6.41004749279972e-10
3.781841951422393e-05
4.389871577359372e-08
2.3361084458883852e-05
7.853294846427161e-06
7.732328413112555e-06
3.070588783238293e-10
1.0047307341665146e-06
1.0630566427138888e-09
5.34119681105949e-06
4.934176955906366e-10
1.5603773135808297e-06
1.2535392168722126e-10
5.1360158977331594e-05
2.0702914382830784e-10
1.1544532753759995e-05
2.9869386044406587e-12
1.178600896878379e-07
1.6543166142524157e-11
1.9285646430944325e-06
8.80969963645839e-10
3.796877081185812e-06
9.59673118750004e-10
1.1373927577551513e-08
4.400561304240824e-10
2.3658080294808315e-07
4.0371039844444567e-10
2.2910943187071098e-07
5.868405761333406e-10
4.2167241076640494e-07
2.449582780172932e-06
2.9351225450113816e-08
3.5766262840297713e-07
1.3116527952661272e-05
1.437701180329043e-09
3.856255261780461e-06
3.0584084154128277e-09
3.3091470186263905e-07
7.891556852435144e-10
9.831941497395746e-06
1.7519215245176412e-10
4.145686460788056e-09
2.2487306239327154e-08
2.3948741727508605e-06
1.5660063246158984e-09
7.158972152865317e-07
1.483577563021754e-07
2.7801128453575075e-05
5.99059300429583e-12
1.2477514246711507e-05
5.037472661229003e-10
2.3574378005264407e-08
3.201273557351669e-08
4.6023497901614974e-08
7.165904492012487e-08
1.803320446924772e-05
1.1824147883032765e-08
1.1893977216459461e-06
2.077020196458723e-12
4.233853815094335e-06
2.036504476166101e-08
4.04071033699438e-06
7.125282586173398e-10
8.528434705112886e-07
7.6251751579548e-09
1.3344325680009206e-06
1.2174563579492315e-08
3.2521843422728125e-06
3.628010947220872e-10
4.403626121529669e-07
1.280528683089699e-09
5.4896590881980956e-06
4.130510689037692e-08
6.805818202337832e-07
5.73502356715494e-11
7.526773060817504e-06
1.9553338503897066e-08
5.2910595513822045e-06
7.529402878958535e-09
1.968510332517326e-06
7.40454659392542e-12
2.2308913685264997e-06
2.391956854808086e-09
1.568362222315045e-06
2.6678568243454492e-09
6.134916361588694e-07
4.409309806163719e-09
1.8096085341312573e-06
1.3316299452004188e-10
5.479399760588421e-07
5.6763687084071535e-09
2.759618610070902e-06
1.566406509709295e-12
3.6998389987275004e-06
1.0791090937489756e-10
3.977615051553585e-06
1.790209203100801e-09
3.39814414473949e-06
2.8900284387844977e-09
5.573258931690361e-06
6.0844409510707465e-09
1.6971566765278112e-06
2.3091168976918652e-09
1.424657739335089e-06
4.937327768850253e-10
1.7463528934058559e-07
2.537235088695411e-09
3.289814912932343e-06
1.7059380574835359e-09
7.73181170643511e-07
1.2735910992489607e-08
8.99852523161826e-07
2.439589152913868e-08
2.0102449980186066e-06
9.957814128824793e-09
1.6563188864893164e-06
3.322336894484579e-08
2.031944632108207e-06
1.0152274576569198e-09
4.42264820321725e-07
1.8989620986786804e-09
3.883545787175535e-07
6.608556479825722e-10
8.181314683497476e-07
2.67173461132586e-09
2.100375013469602e-06
2.3602069187944608e-09
5.866883157068514e-07
1.0650829107561322e-09
7.009739988461661e-07
1.4373096046682576e-09
6.716480243085243e-07
1.2515960490233624e-09
4.3200731170145446e-07
8.047885025064261e-09
5.108053073854535e-07
1.2691761419603154e-08
6.914829668858147e-07
3.1075046980078014e-09
2.9933853511465713e-06
2.0949670886949434e-09
1.9449214505584678e-06
2.688282485507898e-09
7.934484074212378e-07
4.4578802871342305e-09
7.876312224652793e-07
1.17067844307428e-09
4.32487951229632e-07
1.6260087720709748e-09
1.3364305004870403e-06
1.2115107139720749e-08
1.7342734963676776e-06
4.793079369846964e-06
5.798232223241939e-07
1.3152627875712142e-09
3.070473667321494e-06
5.347673970312883e-10
1.2965758287464269e-05
6.065689617251735e-11
6.256310371099971e-06
1.7167639043691452e-07
1.4659643056802452e-05
3.033350653991462e-11
0.00011749411351047456
6.067536056919565e-11
2.5403478502994403e-05
1.3786544128535638e-10
4.7846700908849016e-05
7.172877569683322e-11
9.936246897268575e-06
2.894919304274879e-10
2.745028723438736e-05
1.0271366396308323e-10
3.822689177468419e-05
1.6339195274550633e-10
3.7513484130613506e-05
4.688604504643479e-10
1.3010502698307391e-05
2.047937153193402e-09
5.566449203797674e-07
2.4974003420830115e-10
3.9221467740269134e-10
3.408928417325541e-10
2.5886327421176247e-05
1.8660253786606518e-08
5.876122031622799e-06
1.4679375937021177e-08
5.494999641086906e-06
1.0316110465868888e-10
1.6803605831228197e-05
3.4441285934327937e-10
4.3929995285907353e-07
2.2316741510319815e-10
1.2840060890084715e-06
1.6996534180080403e-09
8.515767694916576e-05
9.815945833935302e-10
1.4357423424371518e-05
5.5654925112946785e-11
1.0524682693358045e-05
1.8283524694240327e-10
1.4657018709840486e-06
6.538612012940703e-11
5.151944151293719e-07
1.1512693576243294e-10
9.255191798729356e-06
2.109591168419911e-09
8.89033435669262e-06
2.772685692153942e-10
8.215397429012228e-08
4.951002385844561e-10
4.64909608126618e-05
7.211744534885156e-10
1.5902054673055943e-10
4.381347229465149e-10
8.659904043861744e-11
2.963424394764047e-09
2.1731057231466622e-10
5.212909548468758e-10
1.2170662255783782e-09
3.9426406583942253e-10
1.6446963790883729e-09
1.2252964268211208e-11
8.685388519502624e-10
4.487525073759713e-10
1.4864582897899936e-09
1.3142538446420104e-10
3.2357394541548956e-10
2.4058308123464656e-10
8.734139522736939e-10
2.9794522404813506e-10
4.6542095177848353e-10
1.39820058309148e-10
2.4833781697708446e-09
5.959174265157685e-10
1.7068991775559539e-09
4.37659082308528e-08
4.911092643666848e-10
2.502341944765618e-10
1.2842370222809762e-10
3.201484632953111e-10
8.761472103380186e-10
1.3993491698727212e-08
6.955871989511309e-10
6.65055566173578e-10
2.6481123960309105e-09
3.9826844600021616e-10
2.8216712300022095e-10
6.74072908601886e-10
3.127047509821068e-10
1.7984959355121788e-10
5.238691702658116e-10
1.761969414815212e-08
7.893679598858228e-10
2.1022412255433665e-08
4.08527600637143e-10
5.440031980441518e-09
1.3217610339566477e-09
4.926772878555141e-10
8.395874551148097e-10
4.384203000640241e-10
3.205084808666214e-10
5.59670532140899e-09
2.2917028275060147e-09
2.2863443083220858e-10
4.056726343737438e-10
3.9421743647238827e-10
9.314017335171343e-10
4.1494729874358427e-10
6.598545598812677e-10
5.241991285487302e-10
4.04340294579697e-09
9.430403125065823e-10
3.463656861324438e-10
1.1479010103565557e-10
9.721694560482774e-10
6.230422427977444e-11
1.3498079320939382e-09
1.1474421413026903e-10
2.644093277659465e-10
1.8331766660217852e-10
1.1982952408118308e-09
1.7914846273114904e-09
1.8891775643847808e-10
4.1341522205584624e-08
2.277177557630239e-09
8.838032389268946e-11
1.3431364909166632e-09
1.740630140023569e-10
7.467054197185519e-10
1.873354804615701e-09
7.390740797141859e-10
1.9755799426923737e-11
9.567051151293526e-09
1.078769873430474e-08
2.1629289470581625e-09
9.01836882949425e-10
8.056105227360888e-10
9.69814561990745e-10
2.9438578241780533e-09
4.100865425016309e-08
2.594344461481768e-10
1.2749842959181024e-08
1.8422093017722574e-10
6.799228202680752e-08
1.287090573010019e-10
2.338774729437887e-10
2.237165563911958e-09
2.367649631906943e-09
3.5917340213131865e-09
3.473537901754753e-08
1.311408204252018e-09
7.685033720505885e-10
2.000041243732653e-09
3.77943933926872e-08
1.6739497565865236e-09
1.1348629813667799e-09
8.374663740262633e-10
8.05346289656228e-10
6.533674046238502e-09
1.0865634436640903e-07
6.32182217685795e-09
1.7990236855780495e-08
2.5447862483929384e-08
7.970325732742367e-09
1.7733244206397103e-08
9.119427879511477e-09
9.44748612674573e-10
3.343835430769104e-08
1.0119840077038589e-08
7.28481381884194e-08
7.552027447843557e-09
1.61265958920076e-10
3.9497276560496175e-09
4.325611424604858e-09
1.4586803986915697e-09
1.4863410502385932e-10
9.57779278110138e-09
1.1509317054958501e-08
2.857415193346924e-09
6.584028255929297e-07
4.047967294695809e-09
1.852863751317102e-09
8.470497192547555e-09
6.96018398471665e-09
8.442982424305967e-10
1.8530628143054173e-09
6.215068459880513e-09
3.177203833359954e-09
5.672156522251726e-09
3.0570078024538816e-08
4.285399590742145e-09
2.897420081637847e-09
3.421913641332708e-09
1.6102482902624615e-08
4.315988011427407e-09
3.5713863866249085e-08
7.858136363836365e-10
2.138136778739863e-09
1.9910895154851005e-09
1.2173606567245088e-09
1.3244759955455265e-08
5.154432436427214e-09
6.589672363332966e-09
2.004593824267431e-09
1.0142147566227777e-08
1.7460534351698698e-08
5.841725851496449e-06
8.379200111541252e-11
4.153319969191216e-05
1.5629691985097338e-09
5.317165019391723e-08
7.987583372504048e-10
4.586845534504391e-06
2.2315019276852865e-10
2.0684165065176785e-06
3.056240260868037e-10
3.186276808264665e-05
3.0917826077114796e-09
1.2940420219820226e-06
1.0247697655729748e-11
7.275072562151763e-07
1.3638092433154725e-08
3.2729008125897963e-06
1.2821058104073302e-10
3.959857713198289e-05
6.277695774770109e-06
8.068428542173933e-06
8.769674431086116e-10
1.7520558230899042e-06
2.9480031749073987e-09
5.943904398009181e-06
6.618672276914594e-10
1.652102469051897e-06
2.1276307382578352e-09
0.0001714285754133016
7.264993200806202e-06
1.3079577456664992e-06
1.9324342126481042e-09
2.7742037218558835e-06
2.6931035179700302e-09
3.5988462059322046e-06
6.362199100884425e-10
4.011650034385639e-08
1.1537502724034976e-11
3.518843243455194e-07
1.699763552132083e-09
2.3485988549509784e-06
6.503057647933019e-07
7.967900472749534e-08
1.0761947583093345e-10
3.0498897558572935e-06
4.686409593723795e-10
5.72252283745911e-05
3.730304509730331e-09
2.016917278524488e-06
1.7162964383032886e-08
1.718490784696769e-05
7.345948849213357e-10
4.0040853491518646e-05
5.748438391961486e-10
3.5679640859598294e-06
1.7031961760949343e-06
3.4833686868296354e-07
2.144147082105974e-09
0.00013820080494042486
8.210394031316071e-10
2.8697088055196218e-05
4.013567789229455e-08
1.2811782653443515e-05
1.3386849673224788e-07
8.158171112881973e-06
7.643491395370461e-10
7.4199747359671164e-06
9.936260880749614e-08
4.043319495394826e-05
5.121195134627499e-10
1.923047648233478e-06
1.4694465644282673e-09
2.362148279644316e-06
5.073057529614289e-09
1.1481667570478749e-05
3.7868347346758924e-10
6.264780040510232e-06
8.407559093370764e-10
6.038304434241581e-08
8.198580148111034e-10
3.554464456101414e-06
2.0016223345464823e-08
2.2428235752158798e-05
1.1131177757306432e-08
3.2586788165644975e-06
5.662604829481666e-10
2.9788105166517198e-05
8.188218998839147e-06
1.1722027011273894e-05
1.7114386574590412e-09
4.6009612786335197e-10
7.261908852029819e-10
4.066648684464269e-10
2.9856858652088647e-10
8.203703827369679e-10
2.4403996690125496e-07
6.032552235524236e-10
3.3680058741936136e-10
3.8545419633884137e-10
2.1911820968778528e-10
4.4821188427413006e-10
3.347316201995909e-09
2.786884056860117e-10
3.83059584052603e-09
6.038202715608065e-10
1.5020354737771413e-08
1.6647170308914383e-09
2.308115643057107e-10
3.5594135971983576e-10
3.039194590437333e-11
3.026047745713356e-10
7.214283059830962e-10
4.762988892181852e-10
3.3159056056497604e-10
4.400791675518434e-10
4.1238529258080803e-10
1.6871212205060715e-09
2.2688266820836134e-09
6.20307305521095e-10
2.5471103004548468e-09
4.666550479370812e-10
4.431642608437869e-09
9.698707614802515e-09
1.6149577231061585e-09
6.218890402642785e-10
4.983322643425936e-09
3.903447565178908e-10
2.619238870238405e-08
5.378588685545083e-10
1.3654412669983351e-11
9.91363346969365e-09
1.7416403874648267e-09
3.273364912459442e-10
6.272560162251528e-12
9.093855113384564e-10
1.0227446445298938e-08
1.5054283375448563e-09
5.590742313543728e-10
8.156916808665926e-10
2.9075474472506357e-08
8.468317158616401e-10
1.3101159046513544e-09
7.877610230799803e-10
3.9525277495400246e-10
8.402208373503584e-10
8.340792945205067e-09
6.518052209081304e-10
2.4355247774110467e-07
6.66311317232271e-09
6.375965710958553e-08
8.190798039819924e-10
4.397306962999892e-09
8.103080983978828e-10
6.080705938771302e-10
2.0675693102045756e-10
2.555159639427984e-09
2.2816498690403364e-10
2.200349485947939e-10
6.402122165738433e-10
6.3158487328962565e-09
1.1925076204288843e-10
1.1984052861180317e-08
4.6009612786335197e-10
3.1889033080823026e-10
2.1356802992755775e-09
5.3879040118332e-10
3.8545419633884137e-10
4.689434973670359e-08
6.032552235524236e-10
1.0211190781816981e-09
8.309219978741567e-11
4.0429334879910073e-10
9.840554066053997e-11
2.8124971795939757e-10
1.9086567049075853e-10
2.5879305809439757e-08
9.226789887684106e-10
5.901911737105081e-10
6.038202715608065e-10
1.5020354737771413e-08
2.400187826268052e-09
8.741750101570744e-10
3.5594135971983576e-10
1.3602272641577429e-09
3.026047745713356e-10
7.214283059830962e-10
1.6024030102812503e-08
2.670746255262202e-07
3.9816627772637503e-10
7.3019794655238e-09
2.180555735975531e-09
1.3261314713020056e-08
4.4821188427413006e-10
2.449846103758091e-09
4.400791675518434e-10
1.9026940023536554e-09
1.0947747153267073e-09
1.0747395862154008e-08
2.6477415815406857e-08
2.126938269952916e-08
8.723042732583508e-09
1.707863184208236e-08
1.1682638190180228e-09
6.41004749279972e-10
6.518052209081304e-10
3.355016247041931e-07
9.91363346969365e-09
1.1756235984705654e-08
9.753141405610677e-09
4.214970772409288e-07
3.9838110588164e-09
4.990616986333407e-08
2.5921432111886133e-08
9.822595359310071e-08
1.0441567610541824e-09
1.1273553618407206e-10
3.485427571559008e-11
1.0110459669476768e-07
1.409665939533511e-09
1.11001263736199e-09
2.594344461481768e-10
4.59442983657965e-10
8.519458916111944e-09
6.17269346747662e-09
5.013518933338901e-09
1.7771484284168082e-09
2.4096975526077813e-09
1.3711790591841577e-09
1.6871212205060715e-09
2.991669689755838e-10
1.8422093017722574e-10
2.6760453852858745e-09
1.0090542984508843e-10
1.372650326736391e-09
1.551012096534521e-10
7.883558694743442e-09
1.1816586598101253e-09
4.014985288680606e-10
4.759286298394727e-10
2.2343360495113984e-10
9.940529510643614e-10
1.442995861689056e-10
3.3655939146726155e-10
3.821726490826904e-09
1.86911541799617e-10
3.618120247850243e-10
7.215978370389564e-10
3.7781863748698186e-10
1.7050069134327828e-09
1.08719200309082e-09
5.592958540745485e-09
8.666364010423422e-06
4.283052579268087e-09
2.75173732688927e-07
2.8737128232592113e-09
7.186753919086186e-06
6.814382391695517e-09
4.317431967493235e-10
1.3247204444510885e-09
1.2763423651307448e-09
5.2984239218289986e-09
1.803810846467968e-05
4.72687577968145e-09
7.587851087009767e-06
1.3416332045323998e-08
2.4076394211647312e-08
1.9910895154851005e-09
5.964713182038395e-06
1.4540623816117204e-08
2.0213582274664077e-07
9.334571338115438e-09
6.915337191770732e-09
2.5683504212281605e-09
2.073065719088163e-09
3.0693596553277303e-09
1.3274078503044962e-09
2.032542134600135e-09
1.2741008248440266e-09
5.038997663575628e-09
2.2964923296342477e-09
1.713007158343771e-08
3.470168152830411e-08
1.7152010367560422e-10
1.1456780663055e-10
3.3460290094211587e-10
4.131310848976e-10
1.0217821727609433e-10
1.860811366105608e-10
5.05275765672053e-10
1.2972040108749638e-10
1.3659029463042316e-10
3.0931174288539864e-10
6.439792588075477e-10
2.1998978194659458e-09
1.3815288912866208e-09
2.1664356419925923e-10
1.4499071943063768e-09
4.686114829510757e-10
2.8138025243151787e-09
7.967121407048694e-10
2.3205939392312303e-09
1.4307616424957814e-07
3.025089734265407e-09
2.8097781523683807e-06
4.644375509177401e-11
1.3615906180319826e-09
7.963509296438076e-10
2.2340862493308578e-10
6.000886593193755e-11
6.827318155266937e-10
1.102503852101755e-10
1.849356778826916e-10
1.6976023919923477e-09
3.411349536186492e-10
1.6967341975870909e-09
4.797499730813115e-09
1.968542662211803e-09
3.1614987960892904e-08
3.173479812268454e-10
1.0605472766656021e-07
1.6858814344544726e-09
7.39727001874968e-10
4.366475792050295e-10
1.1010820699652868e-08
2.638685936418028e-09
7.857830497393081e-10
9.58912171888926e-10
2.2513214048558439e-07
2.695067724545197e-09
3.098541583312908e-07
1.0589166349328494e-10
9.708386317086592e-10
1.893244450101861e-09
5.39638222996075e-10
2.0152666202477576e-09
8.02980681946508e-10
2.2999514840194024e-05
2.2818681666425533e-10
0.00020083124400116503
2.3866161882324377e-06
1.1506513146741781e-06
2.956816302912557e-08
0.00017440281226299703
7.686642433668567e-10
1.5890347640379332e-05
1.8295816062163794e-07
2.6298268494429067e-05
7.942522195492074e-09
5.382518793339841e-05
5.144298484083265e-06
3.751233816728927e-05
4.1041689491372324e-10
5.27072734257672e-05
1.377997937979103e-09
4.0516897570341825e-05
1.0764848568101115e-08
4.653855285141617e-05
5.7776631479100615e-08
0.0007008775137364864
1.9106048512185225e-06
0.00029959442326799035
9.676309753459122e-10
6.400609890988562e-07
6.286117404386005e-09
0.00022092981089372188
1.0796329386053571e-09
1.4186690350470599e-05
7.539204815998346e-10
3.4400392905808985e-05
6.724601986363155e-10
0.0012572009582072496
4.0988945571029944e-10
9.630344720790163e-06
2.1114371406838472e-07
5.033876391280501e-07
1.1736415217455942e-06
1.5974384481864945e-08
2.3617186428737114e-08
1.2473587048589252e-05
1.485026324132832e-09
4.3926716898567975e-05
5.073856335080507e-10
8.40248594613513e-06
4.900375571992299e-08
1.0463174476171844e-05
1.9608309287377779e-07
5.079459697299171e-06
8.861169575880012e-10
8.712050657777581e-06
2.7356679765944136e-06
2.3199596398626454e-05
7.400871027130052e-10
4.3193639776006876e-09
4.854538437903955e-10
0.00010361603926867247
1.4167283097776817e-06
2.188869439123664e-05
1.471920452189579e-08
2.9033400683609045e-10
1.6345433340170246e-10
3.4670680215675986e-10
7.858845796349101e-10
3.307595308754685e-10
5.793992507996393e-10
7.991689088271414e-09
1.9800802775193915e-08
2.639503504653362e-09
9.99335392215528e-10
7.864288109615813e-10
3.273050164231961e-10
4.55451121261774e-10
1.95917906897769e-10
4.1630424107985675e-10
6.857914791602582e-10
7.407588986652058e-10
3.2046479359060243e-10
2.5635313871674725e-09
1.4273742188208871e-09
3.1061597738357705e-09
4.698658173651893e-08
9.422641555900668e-10
1.2961108575293423e-10
1.0203722589086084e-10
5.372012168436413e-09
3.944489623819436e-09
2.663381182266278e-10
4.460212643664363e-09
1.8388651712442083e-09
5.52914736218213e-09
1.1010258260668593e-09
1.2082133071800172e-09
2.2381700659490633e-10
2.1312398512662867e-09
1.3831621181736864e-08
4.33324798265744e-09
1.0612581924362985e-08
1.2693182060985464e-09
1.234073323530538e-07
5.058375940336646e-10
4.9807704627369276e-09
7.050651618101256e-09
1.315292763592879e-09
9.136483924976346e-08
1.2995289289108314e-08
1.3758494787907694e-08
8.812922835943482e-09
8.525589262342592e-11
4.185291557767812e-10
2.0492871044552885e-05
8.04990385461224e-09
4.132742560614133e-06
2.7206823460801388e-08
6.745448899891926e-06
7.200735119283763e-09
0.00016079380293376744
5.592689831246389e-06
1.5236990975608933e-06
1.1086547146987868e-06
1.480057107983157e-05
8.97944207878254e-09
3.605758365665679e-06
3.39250441072636e-08
9.998009772971272e-05
5.769110078546191e-09
6.6350639826850966e-06
2.439494384276486e-09
3.7896799767622724e-05
1.0356806257050266e-07
1.2412678529472032e-07
3.250201416449272e-06
1.6639145542285405e-05
1.362157941997566e-09
7.731767937002587e-07
7.459929340924987e-10
4.9409602070227265e-05
1.879729039089284e-09
2.083541858155513e-06
1.1580966186031105e-09
4.703420017904136e-06
1.2708277485895536e-10
1.3176432958061923e-06
1.4521639002396114e-08
1.2111565865779994e-06
2.43101084151931e-07
7.573779839731287e-06
7.200014473518479e-10
1.911952131194994e-05
2.0412593837448867e-09
6.151848992885789e-06
1.373118174718968e-09
3.555660805432126e-05
9.59140211698184e-10
1.4992432625149377e-05
2.6737313874036772e-06
3.5621601455204654e-06
2.84533091532424e-10
4.1699624375723943e-07
1.5256599317226005e-09
6.948750069568632e-06
7.400871027130052e-10
5.01034401167999e-06
5.961248161767685e-10
1.9633505417004926e-06
5.39638222996075e-10
2.3899715415609535e-06
5.503199007605986e-10
6.020545697538182e-05
2.187004577436369e-09
1.9638196846472056e-08
1.2630330115115385e-09
3.165967791574076e-05
1.969140761559629e-08
1.0541416486375965e-06
1.4531713610210772e-09
6.985110758250812e-06
4.7188470375658653e-07
2.5826867044997925e-07
1.624055379068068e-08
2.5217432266799733e-06
3.7365496807773013e-10
3.76016771497234e-07
2.1533558935971087e-07
1.9602457541623153e-05
3.1349753015774695e-08
0.0001980071101570502
1.1097842783636125e-10
5.936770685366355e-05
3.3915142694240785e-08
2.5834411644609645e-05
3.577784735142586e-10
9.953977132681757e-05
3.813247317907553e-08
0.0030380580574274063
1.0296478114568686e-09
3.3447108194195607e-07
1.0057670607466207e-07
0.00010536405898164958
3.6438629891222263e-10
0.00013055266754236072
5.658903901029078e-10
0.00232381047680974
6.66120286041405e-07
0.0031490568071603775
1.4192190533890425e-08
0.0017866624984890223
3.3834528512244333e-09
7.227172773127677e-06
2.1230393831839223e-10
1.8780160644382704e-06
4.400561304240824e-10
1.6606804820185062e-07
1.5382245477368883e-09
9.746742762217764e-06
1.847545263444772e-07
0.00010207998275291175
5.938152192186408e-10
2.9297812034201343e-06
1.6769366451008239e-10
7.602271580253728e-06
5.571289651840061e-09
3.0986595902504632e-06
1.6874458497184719e-09
0.00013329841021914035
5.755332921353329e-08
6.98217045282945e-05
3.6189720731272246e-07
0.00020923104602843523
3.238531942617584e-10
7.561353413620964e-05
1.0756826895885752e-07
0.0011808632407337427
1.4199452724739103e-09
7.633933273609728e-05
3.817128391148117e-09
0.001644739182665944
1.5777108508530091e-09
8.931760021368973e-06
5.950314019287362e-09
3.55132287950255e-05
7.10575909224076e-09
5.931592568231281e-07
1.2318128739252643e-09
5.495805817190558e-05
5.069668018720108e-10
3.733524135896005e-05
2.1674790851022863e-09
2.470549225108698e-05
1.7962107676794403e-06
1.1917174560949206e-05
3.087714528504648e-09
3.3008495847752783e-06
6.292403265106827e-10
2.5510120394756086e-05
1.4048864294124996e-09
4.390085814520717e-05
1.7179289102386974e-09
2.762142798928835e-07
1.644276242940279e-10
5.040053292759694e-05
1.0488377943929095e-09
0.0016341378213837743
9.504841500529437e-07
0.0001786114735295996
1.4983951857061584e-09
0.0002539491397328675
7.754822339833822e-10
2.1448911866173148e-05
3.3116787090392563e-09
1.825553954404313e-05
3.9892944503350236e-10
2.918097743531689e-05
3.3099754048748764e-09
3.123908390989527e-05
2.2194449056378573e-10
5.668662561220117e-05
1.4740955123215826e-09
2.180555735975531e-09
3.0776864390347214e-10
9.693710278924073e-10
2.707041812932687e-10
9.46715261740394e-10
6.96035395986172e-10
6.307701028163137e-09
7.60097496055323e-09
4.729579838880227e-09
1.147757000552474e-08
5.692754601049899e-10
5.437542083264191e-10
1.4723726404763937e-10
7.359375331361662e-10
1.3563523637571961e-09
4.4061326809341494e-10
1.5017972421205172e-09
7.22182480483724e-10
7.37430783104287e-09
2.6607642212184146e-05
8.24662782505925e-10
1.2074940514139598e-07
1.3817476329780476e-10
9.497621578091753e-10
4.1256559280000715e-10
1.1004079425447344e-07
7.53851203683098e-09
7.806722379655184e-09
2.2098975982487445e-09
1.8105656973688156e-09
1.7456378356706104e-11
1.7520219650069002e-11
3.2163074425994864e-09
2.385541222338361e-07
2.0360857444501335e-09
3.8946807584538945e-11
4.328470915027083e-09
1.3123719888596952e-08
1.0018149865231862e-08
1.405745853055862e-09
2.249185504510365e-09
1.233425139801625e-09
4.0602397000100154e-09
4.5340080134792515e-08
3.599710225898889e-06
1.0728370414270216e-09
5.601987709269451e-07
5.059873631196865e-10
1.4582573385268915e-05
1.8447778860064545e-09
4.950654783897335e-06
9.328863903590445e-09
3.400729610802955e-06
7.775893351436025e-08
4.05101127398666e-06
3.284679861437212e-09
4.083281964994967e-06
4.3891729140099756e-10
9.8591192454478e-07
2.0723395222077556e-10
9.750684512255248e-06
1.2986527053726604e-07
1.7450919358452666e-06
5.843034500685462e-08
1.472631538490532e-05
5.2516550136383344e-11
8.007029464351945e-06
1.1196991250850274e-10
3.463942903181305e-06
7.129749945988806e-08
7.280792942765402e-06
1.2868450749436988e-09
4.458760486159008e-06
1.370407716194677e-07
2.329925882804673e-05
5.423148508043596e-08
2.5710212412377587e-06
2.3355233302879697e-09
9.760534339875448e-06
5.6580407026274315e-09
1.2361833796603605e-06
3.04209724077964e-09
7.29265775589738e-06
1.1584853215618196e-10
3.5999055398860946e-05
5.119042079115843e-09
3.907464815711137e-06
3.469062903604936e-08
5.095980668556876e-07
2.6596509439258398e-09
3.480506347841583e-05
1.7078502168033083e-08
5.965655873296782e-06
7.467279572459518e-10
3.149978965666378e-06
1.31213866438884e-08
1.893144508358091e-05
4.980956203048947e-10
5.14200792167685e-07
9.883231655294367e-08
4.712025656772312e-06
3.2717127851356054e-07
1.14163904072484e-05
9.152153479519143e-10
2.2927131794858724e-05
2.6869477753876936e-09
7.093944986991119e-06
5.007683937657825e-12
2.0866025352006545e-06
7.707645863774815e-07
2.700843424463528e-06
1.810832483961633e-09
1.4981043022999074e-05
1.646664884447091e-07
2.0560294160532067e-06
6.92757993192572e-08
3.805310188909061e-05
8.673676221704341e-10
0.00010125822154805064
1.1357884233120785e-07
7.062678378133569e-06
3.1455897886445428e-09
0.00013881993072573096
1.4557731686792863e-09
4.805124717677245e-06
4.696158484307489e-08
2.3900378437247127e-05
1.141939624457744e-12
3.3478278055554256e-05
2.5046704266173947e-08
6.865062687211321e-07
1.2417112893459148e-09
7.710542558925226e-05
9.606407891382673e-10
0.00014035176718607545
1.9995891609170258e-09
5.0579542403283995e-06
4.322390223521211e-10
1.949422585312277e-05
4.218874138928186e-09
1.5010007246019086e-06
5.223243420005019e-07
6.247623787203338e-06
8.615111957155364e-10
3.5040275179198943e-06
1.2296936802158598e-08
1.3325218787940685e-05
6.771381322323577e-08
0.000141564552905038
4.14313167107494e-10
4.026038004667498e-05
2.137915089406306e-08
2.0057527763128746e-06
1.4461207231697415e-10
1.7077598386094905e-05
6.104036165410776e-10
2.4311150355060818e-06
3.3310394442764846e-09
1.7947193555301055e-05
2.3209690880321432e-07
4.6422526793321595e-05
8.716036781208913e-10
4.837866981688421e-06
3.1717373172313046e-09
3.297584771644324e-05
1.6388055357197118e-09
4.900987278233515e-06
4.693309296754933e-09
5.934604359936202e-06
5.177647754983639e-10
5.4435207857750356e-05
6.292537046981295e-10
3.301911783637479e-05
1.1888537443383029e-07
8.642054467600246e-07
4.233589923074987e-09
3.5983306588605046e-05
8.780438043309857e-10
1.7214474610227626e-06
1.723501341643896e-09
4.4735636038240045e-05
6.311454137097883e-10
1.4335822925204411e-05
3.6314848905760755e-09
2.866371460186201e-06
4.998408908996055e-10
1.8655800886335783e-06
2.0491626173679833e-09
2.4608856620034203e-05
3.4368625279057596e-08
4.0596572148388077e-07
3.235854029171037e-09
2.9065529815852642e-05
1.0259110183596931e-07
1.5307710782508366e-05
2.118334618828044e-09
