0.0001377252774545923
0.0001377252774545923
4.195437242060507e-08
9.460278306505643e-06
9.460278306505643e-06
9.460278306505643e-06
0.0002429931191727519
3.315283902338706e-05
3.315283902338706e-05
3.401467893127119e-06
1.2604217545231222e-06
3.401467893127119e-06
3.3341623861815606e-07
3.3341623861815606e-07
3.9198251755578895e-08
5.0445164561097044e-06
1.6879415909443196e-07
5.0445164561097044e-06
3.8839593798911665e-06
5.9358956860933176e-08
5.9358956860933176e-08
1.0757378731796052e-05
5.010989525544574e-07
5.010989525544574e-07
1.3367886140258634e-06
1.8725347672443604e-06
1.3367886140258634e-06
3.087677760049701e-05
3.087677760049701e-05
3.087677760049701e-05
1.9825845356535865e-06
1.9825845356535865e-06
1.9825845356535865e-06
3.246374944865238e-06
3.246374944865238e-06
3.246374944865238e-06
3.826444299193099e-05
3.826444299193099e-05
3.826444299193099e-05
0.00011065260332543403
1.4222437130229082e-05
0.00011392375017749146
2.2881640688865446e-06
5.634689159705886e-07
6.174744271447707e-08
3.487369440335897e-06
6.361543682942283e-07
1.5198487517409376e-06
9.617298069031222e-10
3.94312777984851e-08
1.2453998010641953e-07
2.6756972602015594e-06
6.665134719696653e-07
6.665134719696653e-07
3.1956133170751855e-06
2.108444277837407e-06
3.1956133170751855e-06
4.589584932546131e-06
4.589584932546131e-06
4.589584932546131e-06
4.1807192019405193e-07
4.1807192019405193e-07
4.1807192019405193e-07
2.6844352873922617e-07
2.6844352873922617e-07
2.6844352873922617e-07
1.2882283954240847e-05
1.2882283954240847e-05
1.2882283954240847e-05
1.3140355292762251e-07
1.3140355292762251e-07
1.3140355292762251e-07
3.4108240924979327e-06
1.76487583303242e-06
1.638835783523973e-05
9.286706159628011e-08
1.0299332870999933e-06
6.381965704349568e-06
1.5332987004512688e-06
1.5332987004512688e-06
1.0789825921619922e-07
6.171184736558644e-07
6.171184736558644e-07
5.219003007539413e-09
8.864455480761535e-07
2.5976985853048973e-05
7.626310434716288e-06
0.00016408176452387124
1.419537198898979e-07
1.0106783520313911e-05
2.147859504475491e-06
2.147859504475491e-06
4.102517777937464e-06
2.8535547244246118e-05
2.8535547244246118e-05
2.39817893543659e-07
0.00016414339188486338
0.00016414339188486338
0.00016414339188486338
9.330191460321657e-06
9.330191460321657e-06
9.330191460321657e-06
