6.92196692853031e-07
2.4807475518251465e-10
1.8212201191580846e-10
1.0883876265521675e-11
5.965769545035471e-11
5.472812758533507e-10
3.327983506551391e-07
6.649470751796116e-09
2.618513406105194e-07
3.4868259390918865e-09
3.790353630961363e-08
1.0953750262387985e-07
4.751240026412695e-11
4.2835093805315694e-10
3.286797323198698e-07
8.880210344841544e-08
2.1337669131593628e-10
8.477086393954281e-11
2.1337669131593628e-10
8.477086393954281e-11
1.5167440220453798e-11
2.0768870998000288e-11
1.0516254889125776e-07
1.74512830852791e-08
1.3182920532983644e-08
1.5970537114995409e-09
5.5974034296468744e-08
7.272206659081348e-08
1.960797746392018e-09
1.281178274581407e-09
1.960797746392018e-09
1.281178274581407e-09
2.2850881578051485e-06
9.507101594863343e-08
7.117281070057047e-11
2.5123450195230213e-11
1.1793056309272743e-08
2.201715432192941e-07
5.6628532973945767e-08
2.632654343415197e-07
1.3933353670836368e-07
3.5925127317426586e-09
1.4305371109912812e-08
9.59766488506375e-09
2.719376368531812e-07
2.3999490394999157e-07
2.992412095892405e-09
4.341576342881126e-08
1.1326777382691944e-07
1.0410238004965322e-08
6.466950708272634e-08
7.827382630942736e-10
4.888643309608476e-11
4.2740583294786916e-10
4.888643309608476e-11
4.2740583294786916e-10
1.5272381688191672e-06
3.0476549284230714e-08
4.757574600944281e-08
4.9562647319589814e-09
2.798871037157369e-07
3.7360248938966834e-07
5.510877798542424e-08
4.965228672659805e-09
