6.368881440721452e-05
4.32440428994596e-05
1.7621541559265097e-08
5.631223043423006e-09
6.982033664826304e-05
3.515929347486235e-05
1.327288600805332e-06
5.426248321782623e-07
5.268765423949162e-09
9.85120074403767e-09
3.155458117021226e-08
1.373714919594704e-08
3.3069738059055e-09
2.5373274592510597e-09
3.195925524224208e-09
1.019453410577853e-09
0.0001024775774567388
7.358593575190753e-05
1.1760511142711039e-07
7.29786364672691e-08
0.0001238900440512225
9.72802154137753e-05
3.690734828865061e-08
3.0052770938482354e-08
1.2566466693897382e-06
8.407839118262928e-07
3.751636157289795e-08
3.001192894203086e-08
1.5710733123341925e-06
1.60441379648546e-06
3.791469893599242e-08
2.734670800919048e-08
5.789087936136639e-06
4.286336661607493e-06
5.678247649854029e-09
4.628036176512751e-09
2.9220511805760907e-06
2.1465946247190004e-06
1.173660348285921e-05
7.927428669063374e-06
2.0396374367237513e-08
2.3003485338790597e-08
2.8614772418222856e-06
2.6117202196473954e-06
1.7071299041049315e-08
1.2738518684329847e-08
1.1906536867556383e-09
1.8758671005425498e-10
1.9937779143219814e-06
8.710889005669742e-07
1.0102948699852732e-08
9.523089872232049e-09
6.796311708967551e-07
5.686324584530666e-07
2.5358980337841786e-07
5.268771730015942e-08
1.4347554611049418e-07
6.15022628380757e-08
3.646952517755153e-09
6.1133365036880605e-09
9.407062151467471e-08
6.40271622387445e-08
2.9252092303977406e-08
1.6498056254476978e-08
1.0781758419398102e-07
3.4086422573409436e-08
1.962023432611204e-08
7.081225383842593e-09
3.5424181987764314e-07
7.335554386145304e-08
4.4614775873697e-08
4.470410885915044e-08
