1.9747697024286026e-06
1.0455137271492276e-05
1.0864180239877896e-06
8.950677283792174e-07
2.4775688416411867e-06
1.7293075416091597e-07
2.4658741040184395e-06
2.658311814229819e-06
2.723280431382591e-06
1.1834638371510664e-06
5.635431534756208e-07
1.935680074893753e-06
4.582644930195556e-09
3.062417874843959e-08
3.3385051665391074e-06
1.181638936031959e-06
1.9130707187287044e-06
1.3844850172972656e-06
2.097321157634724e-06
2.2883932615513913e-07
1.514573114036466e-06
1.7238472764802282e-06
4.064852419105591e-06
1.7648750372245559e-07
2.5001340873131994e-06
4.32387059845496e-06
7.936916679440742e-10
9.636891284969806e-09
2.1496477931037816e-09
5.525100377212766e-08
8.23514596959285e-07
3.723404461197788e-06
8.758171361478162e-07
5.459154976961145e-07
1.8947071112052072e-07
9.836955996433971e-07
1.0417930980111123e-06
1.2695262512352201e-06
1.1690567589539569e-06
1.7092190773837501e-06
2.5792894575715763e-06
8.694443636159122e-07
3.4955567684846756e-07
4.069652561611292e-07
6.310843332357763e-07
6.005393970553996e-06
2.3458246687368955e-06
4.483175871428102e-06
6.872859103168594e-06
4.235565029375721e-06
2.1445180209411774e-06
4.008933984778196e-08
7.815282856427075e-07
8.13327119431051e-07
7.28938346128416e-07
4.877400101577223e-07
1.1989003496637451e-06
5.145294835529057e-06
9.887363603411359e-07
2.4139471861417405e-06
2.842179810613743e-06
1.1706921213772148e-05
6.07787114859093e-06
2.4028993266256293e-06
5.701800276369795e-08
6.469240787509989e-08
2.6030869548776536e-07
2.108264880007482e-06
5.730761927225103e-07
3.9707233554509e-06
2.1854043552593794e-06
1.9093781702395063e-06
9.869804671325255e-07
6.717311862303177e-07
7.451531473634532e-06
9.685562872618902e-06
2.5282681690441677e-06
8.19239630800439e-06
2.1641342300426913e-06
2.7655962639983045e-06
2.0658903920889315e-08
8.169402576641005e-07
5.799213909085665e-07
4.9718719310476445e-06
7.881197348069691e-07
4.429697639807273e-07
6.957158802833874e-06
3.3319220165139996e-06
