7.303258371393895e-07
1.612707137610414e-06
7.982630449987482e-06
1.3479385643222486e-06
5.336044341675006e-05
8.409497240791097e-06
3.9813420471546124e-07
4.158838237344753e-06
1.9513331608322915e-06
2.1321632175386185e-06
8.284649197776162e-07
1.1325259947625455e-06
3.9299496279454615e-07
1.8627033568918705e-06
1.0283240499120438e-06
4.792391337105073e-06
3.4426150250510545e-06
1.672243706707377e-05
1.2923226222483208e-06
2.9309833848856215e-07
1.0216452210443094e-05
6.287255382630974e-05
2.148216935893288e-06
4.52457834398956e-06
3.0794642498221947e-06
5.142241661815206e-06
8.913041682490075e-08
6.268736569836619e-07
1.1790460803240421e-06
1.673445098049342e-07
0.00012981372128706425
5.761733518738765e-06
1.5277286138370982e-06
1.683820642028877e-06
4.7337442765638116e-07
3.447429662628565e-06
9.840558959695045e-06
4.552439349936321e-06
2.381679905738565e-06
1.7057323020708282e-06
2.820799409164465e-06
1.924650376849968e-07
2.329620656382758e-06
1.7141077250926173e-06
9.49121670146269e-07
8.41349447000539e-06
1.1223187357245479e-06
1.0984073242070735e-06
2.0962247617717367e-06
1.147533339462825e-06
2.034049373378366e-07
5.499353861182499e-08
4.22840821556747e-06
1.5039476238598581e-05
7.097185061866185e-06
1.6951493080341606e-06
3.1503086574957706e-06
1.3299566035129828e-06
2.8093020318920026e-06
9.748386219143867e-06
2.618015423649922e-05
3.524243311403552e-06
1.2591228369274177e-05
1.1049336308133206e-06
6.167616675156751e-07
1.2320492714934517e-06
2.6779221684591903e-07
1.2718084690277465e-05
1.2984767636226024e-05
3.682349415612407e-05
2.250896159239346e-06
1.4253643712436315e-05
7.212244236143306e-05
1.0743415259639733e-06
4.100105797988363e-06
1.5437063893841696e-06
2.0422798115760088e-05
7.199591436801711e-06
3.2232933335762937e-06
4.372749117464991e-06
1.8059020021610195e-06
1.9769651771639474e-05
3.011252147189225e-06
6.595594186364906e-06
6.832244253018871e-06
1.1804220321209868e-06
1.9022487322217785e-05
1.5843878600207972e-06
