3.903549895767355e-06
7.65103231969988e-06
6.107529593180061e-09
1.3137080756564501e-08
2.1755144352653133e-09
1.767231765370525e-07
1.0575356412800829e-07
4.468370491395035e-07
7.657447440578835e-07
2.992123199874186e-06
6.578075044672005e-07
4.754908786708256e-07
8.528446837630099e-10
7.162231696611343e-09
4.1995667743321974e-07
1.2275984317966504e-06
1.8827754910688554e-09
1.755797107705348e-08
1.8827754910688554e-09
1.755797107705348e-08
1.4466154940606657e-09
3.7545994757692824e-08
4.05479204346193e-06
5.65750383429986e-07
9.25997389877864e-10
4.021416533106503e-09
1.6739951647082307e-08
7.161909110209308e-08
2.6054507884509803e-07
9.485580108048453e-07
2.6054507884509803e-07
9.485580108048453e-07
3.5631001082947478e-06
3.2672534871380776e-05
8.14125988846115e-10
3.296950934483789e-09
6.342004894577258e-07
2.204276597694843e-06
1.2492539553932147e-06
5.52002529730089e-06
1.1241345418966375e-06
1.700440179774887e-06
5.651151582242164e-07
8.279865255644836e-07
4.4836474444309715e-06
3.8641210267087445e-05
5.849744866281981e-07
1.0931862561847083e-06
2.548559336901235e-07
9.133330536315043e-07
1.4049602592436372e-09
5.6557452055017166e-09
1.099618440747463e-08
1.3700578449515888e-07
1.099618440747463e-08
1.3700578449515888e-07
9.432890237803804e-07
5.444885573524516e-07
1.604012567213431e-07
1.1633255070364612e-07
8.241395335062407e-07
4.287982733330864e-07
5.123673645357485e-07
6.852728517969808e-08
