0.0004501972289290279
0.0003778010723181069
5.523924873074293e-09
7.932015044787022e-09
0.00021104565530549735
0.0002558831183705479
8.429516356045497e-07
4.473055810194637e-07
5.1531205826904625e-06
2.436233262415044e-05
9.609511835151352e-06
1.0436790034873411e-05
3.271119567216374e-06
7.116753408809018e-09
5.216846066247172e-09
1.1815595168940263e-09
1.1124259344796883e-06
1.62356245709816e-05
3.1502968340646476e-06
1.1898588127223775e-05
0.0004314057296141982
0.0002702026395127177
2.3810117966149846e-07
2.3120804826248786e-08
6.886567462061066e-06
1.533588692836929e-05
1.3996295820106752e-05
1.2362311281322036e-06
7.363846179941902e-06
1.1436066415626556e-05
7.990348827036087e-09
2.208575011763969e-08
6.290870402381188e-08
1.3473369108396582e-05
2.8926654067618074e-06
4.280737357476028e-06
2.4293685285670108e-08
1.1073120731452946e-05
3.64103271977001e-07
2.5108109184657224e-05
6.2913159126765095e-06
5.938285312367952e-07
4.904118668491719e-06
2.957930973934708e-06
5.093186246085679e-06
8.348981737071881e-07
9.171589598899743e-10
8.650783978048082e-10
2.0937667599696397e-08
2.0251947319138708e-07
3.643411901066429e-06
4.26519051188734e-07
2.0269165901254382e-08
1.316933406769749e-07
1.7465417840867303e-05
1.0623862181091681e-05
9.379253356200934e-07
1.84919898060798e-07
5.009543997402943e-07
1.8718928629368747e-07
1.7661710671745823e-06
1.6886110643099528e-07
1.131677151988697e-08
3.600513664991922e-08
1.453464165024343e-06
1.7973691512906953e-07
8.507483073572075e-08
7.003986723930211e-08
1.6000323057596688e-06
2.817935410348582e-06
7.778837698424468e-07
3.7172364386606205e-07
