2.106621195707703e-06
2.106621195707703e-06
1.7150498798912395e-09
5.136364507052349e-07
5.136364507052349e-07
5.136364507052349e-07
2.508082559415925e-07
1.7126893681052024e-07
1.7126893681052024e-07
1.3318252968019806e-05
3.6100245779380202e-06
1.3318252968019806e-05
8.777354310041119e-08
8.777354310041119e-08
1.4992486967457808e-06
5.4374734048678874e-08
1.7722855716328922e-07
5.4374734048678874e-08
2.591175189081696e-06
3.7877097014415995e-08
3.7877097014415995e-08
3.0933770176488906e-05
5.0824684905137474e-08
5.0824684905137474e-08
6.448365184041904e-07
3.912640295311576e-06
6.448365184041904e-07
3.0702435651619453e-06
3.0702435651619453e-06
3.0702435651619453e-06
1.7695300584819051e-06
1.7695300584819051e-06
1.7695300584819051e-06
1.7767411009117495e-06
1.7767411009117495e-06
1.7767411009117495e-06
1.1830387620648253e-06
1.1830387620648253e-06
1.1830387620648253e-06
0.0008653930854052305
5.621328682536841e-07
4.890478066954529e-06
1.4904629779266543e-06
1.9706831153598614e-05
4.0884060581447557e-08
6.086301709729014e-06
2.1495852706721053e-06
5.0685095629887655e-05
1.1633696885837708e-06
8.987480214273091e-06
1.0656170843503787e-06
3.850471941291289e-08
2.1460230925640644e-08
2.1460230925640644e-08
3.3464353510481715e-09
4.145592313875568e-08
3.3464353510481715e-09
1.1232634733460145e-06
1.1232634733460145e-06
1.1232634733460145e-06
6.925222805875819e-06
6.925222805875819e-06
6.925222805875819e-06
8.852521204971708e-07
8.852521204971708e-07
8.852521204971708e-07
3.1197102998703485e-06
3.1197102998703485e-06
3.1197102998703485e-06
5.798307824989024e-07
5.798307824989024e-07
5.798307824989024e-07
3.5448317703412613e-06
4.6203808778955135e-07
1.6046809832914732e-05
5.52770735851027e-08
1.3298692635999032e-07
6.467280400102027e-06
3.0574852871723124e-08
3.0574852871723124e-08
8.328816875291523e-06
1.7815570174661843e-07
1.7815570174661843e-07
3.5317031959504475e-13
7.089560085660196e-07
4.234747393638827e-05
1.6711222627918687e-08
5.15588435519021e-05
2.144157775774147e-07
2.333140173504944e-06
1.2195425824756967e-07
1.2195425824756967e-07
2.0819281417061575e-05
1.1005472515535075e-05
1.1005472515535075e-05
1.9574379450659762e-08
1.4683128313208726e-07
1.4683128313208726e-07
1.4683128313208726e-07
7.538669422046951e-08
7.538669422046951e-08
7.538669422046951e-08
