2.324834895262029e-06
1.1106842521257931e-06
3.861480763589498e-06
1.1355830793036148e-05
0.00010342780296923593
1.068196464615312e-08
2.782346200547181e-06
8.500351214024704e-06
2.0744568246300332e-05
0.00010106374975293875
2.2459866158897057e-05
0.000772929226513952
3.7667816741304705e-06
3.449008090683492e-06
6.438938271458028e-06
3.2642437872709706e-05
9.304412742494605e-06
4.748307674162788e-06
3.050984742003493e-05
0.0006520327879115939
1.509777121100342e-06
3.2361436751671135e-05
1.0971936717396602e-05
2.780572322080843e-05
2.221712065875181e-06
3.348459586050012e-06
3.6575793274096213e-06
2.7825233246403513e-06
1.7138621615231386e-06
8.216864807764068e-05
4.043626177008264e-05
3.1794115784578025e-05
0.00028276315424591303
0.00014331207785289735
1.0362092552895774e-06
5.299740223563276e-06
1.2123045962653123e-06
1.663930743234232e-05
4.325813279137947e-06
1.6353416185665992e-06
3.0770900139032165e-07
4.589162472257158e-06
6.7215551098342985e-06
8.033678568608593e-06
8.589022399974056e-06
3.778778818741557e-07
7.83368795964634e-06
7.347924565692665e-06
1.7754607597453287e-06
1.2856737157562748e-05
5.697925644199131e-06
4.431932666193461e-06
1.8687740066525294e-06
1.0975802979373839e-05
8.330715672855149e-07
3.7531915495492285e-06
1.9392600734136067e-06
0.00017535843653604388
1.4799603377468884e-05
2.196817695221398e-05
1.97928011402837e-06
7.14467523721396e-06
1.581162905495148e-05
2.244760253233835e-05
2.0068735466338694e-05
2.7801816031569615e-05
2.3622753360541537e-05
0.00010341745655750856
8.740408702578861e-06
1.4373186786542647e-05
4.669105328503065e-05
1.9765753677347675e-05
4.407131564221345e-05
0.00010358434519730508
1.7499225577921607e-05
2.13715543395665e-06
4.10697866755072e-05
0.00011840028309961781
0.00045949468039907515
0.0007259448175318539
2.8904498321935534e-05
9.475160186411813e-05
2.146731458196882e-05
3.9179147279355675e-05
5.542334747588029e-06
1.226666910270069e-07
2.267378931719577e-06
3.798958277911879e-05
0.0003334647626616061
0.00028713286155834794
4.5180449887993746e-06
5.645152214128757e-06
1.1292715953459265e-06
1.363686408240028e-07
1.1847320280367057e-07
0.00037685519782826304
0.000363398838089779
0.0001328580401604995
7.382525950561103e-07
1.0807428907355643e-07
3.74539231415838e-05
0.0004882882349193096
1.164500463346485e-05
3.7206074921414256e-05
0.00011381403601262718
8.190012886188924e-05
0.00013263101573102176
6.344502617139369e-05
7.801720130373724e-06
3.701810783240944e-05
4.109190922463313e-05
0.0006545432261191308
3.2595894481346477e-06
9.439035331126888e-09
4.933136733598076e-05
0.001370409969240427
2.1272653611958958e-05
8.864056144375354e-05
2.2192350570549024e-06
0.0005743229994550347
1.3313901035871822e-05
3.7334193621063605e-06
1.7939641111297533e-05
1.7939641111297533e-05
1.2151995179010555e-06
5.637495178234531e-06
7.141327660065144e-05
1.3234452126198448e-05
6.489038787549362e-05
4.736180585496186e-07
3.319130337331444e-05
1.2819434232369531e-05
0.00016398716252297163
0.00016398716252297163
1.9846352472541184e-07
1.746054749673931e-07
8.036437975533772e-06
1.2413838703650981e-05
3.938484496757155e-06
1.6836092981975526e-05
2.0714502170449123e-05
0.0007858540047891438
5.818432691739872e-05
2.0710076569230296e-05
9.336385119240731e-06
8.445827916148119e-06
5.297014922689414e-06
1.6484613297507167e-05
7.146689313231036e-05
0.00013066717656329274
0.00017452733300160617
3.757514787139371e-05
4.2807300815184135e-06
0.00010606253636069596
4.488799095270224e-05
3.877601557178423e-05
2.7519163268152624e-05
8.901732508093119e-05
0.00013461591152008623
2.9550390536314808e-05
1.746349539644143e-06
1.9858518498949707e-05
5.546389365918003e-05
0.00044500333024188876
9.25125914363889e-06
1.5341352991526946e-05
5.052832875662716e-06
1.1700373761414085e-05
9.007811604533345e-05
0.0002589892828837037
1.836254887166433e-05
1.457537837268319e-05
1.5539519154117443e-05
0.00022864782658871263
1.8417234969092533e-05
1.4892374565533828e-05
7.131614984245971e-05
0.00011381793592590839
2.8771166853402974e-06
5.692325544259802e-07
7.803653716109693e-06
0.00012698170030489564
6.034898888174212e-06
0.0001888849219540134
2.6964509743265808e-05
9.426400538359303e-06
1.3260232663014904e-05
0.000327611924149096
7.69366670283489e-06
1.8392822312307544e-05
8.426219574175775e-05
2.4854170987964608e-05
5.201691237743944e-06
1.5908713976386935e-05
0.00015523505862802267
6.86255662003532e-05
9.052238851836591e-07
1.3166597057079343e-07
8.431712922174484e-05
7.321234988921788e-06
1.1550026101758704e-05
3.974203718826175e-05
3.0544210858352017e-06
2.9210837055870797e-06
1.1860282029374503e-05
5.981397066534555e-07
5.081195013190154e-06
1.8181372070102952e-05
6.962345651118085e-06
0.00051515968516469
1.080669153452618e-05
3.3249623356823577e-06
5.47349191037938e-06
8.032782261579996e-07
4.464431185624562e-06
3.086825586251507e-07
3.509020825731568e-05
7.107853150500887e-08
0.00020710918761324137
0.0003793018695432693
0.00010191429464612156
0.0005111150676384568
0.00032546863076277077
0.0002958934346679598
4.537227869150229e-05
1.4754519725102e-05
2.415533515431889e-07
2.9911950605310267e-07
0.0001984003756660968
7.941971853142604e-05
0.00032668616040609777
1.518645240139449e-05
0.0004753093235194683
3.202947118552402e-05
3.561525227269158e-05
1.878663715615403e-05
2.8338617994450033e-06
1.978061163754319e-06
2.2273854938248405e-06
5.970035999780521e-06
0.0001157772057922557
4.349861046648584e-05
5.409261120803421e-06
3.748956078197807e-05
1.196089851873694e-05
2.2270136469160207e-05
1.7217635104316287e-05
0.0006584427901543677
7.048079623928061e-06
6.094296622904949e-06
6.608217404391326e-07
8.855653504724614e-06
1.4028197483639815e-06
5.641086318064481e-07
1.0050861419585999e-05
2.3956420136528322e-06
0.0001454436860512942
2.1665278836735524e-05
2.8418122383300215e-05
6.284680239332374e-06
1.2297119610593654e-05
6.28755587968044e-05
2.0026109268656e-05
7.563352255601785e-08
7.761560846120119e-05
0.00024560908786952496
4.031883509014733e-05
2.4606102670077235e-05
0.0002701185876503587
5.937164678471163e-05
0.0018230635905638337
3.6601351894205436e-05
3.469719558779616e-06
1.1353407899150625e-05
1.6970231797586166e-07
0.0002803260867949575
3.6450884977057285e-08
8.621736014902126e-06
1.2854092119596316e-06
3.18660750053823e-05
6.254804702621186e-06
2.1926683984929696e-05
4.297028226574184e-06
6.976310032769106e-06
2.941738785011694e-06
2.2365142285707407e-05
0.0001442992506781593
4.4370048271957785e-05
0.0005671063554473221
1.8651677237357944e-05
7.1831241257314105e-06
9.255035547539592e-05
1.6944035508004163e-07
7.086800451361341e-06
5.604474790743552e-05
9.137949064097484e-07
1.3661820958077442e-05
2.2457711565948557e-06
0.00015428423648700118
0.0001486458641011268
