2.461526719343965e-06
6.452575718185471e-08
3.2742500479798764e-06
6.001019414725306e-08
2.9737102522631176e-06
8.381487504038887e-09
3.5688849493453745e-06
3.4195102305289993e-09
2.8794183890568092e-06
7.420959846626829e-09
2.055873665085528e-06
8.939855966616506e-09
3.1217600735544693e-06
2.4966919642821495e-09
3.7776221688545775e-06
4.238134351908229e-06
9.330386092187837e-06
1.8877571505981905e-08
8.373511377612886e-07
1.2944279887960874e-06
1.5272712516889442e-06
5.2075755263558676e-08
3.381073383934563e-06
2.5556239791058033e-08
1.9675282601383515e-05
9.023739977465084e-08
3.424552414799109e-05
3.256224845316069e-09
4.238283963786671e-06
1.9978196874603782e-10
8.95976245374186e-06
4.005232483450527e-07
2.5893532438203692e-06
1.0075339105242165e-06
5.044565114076249e-06
2.5309925604233285e-06
3.6016133435623487e-06
1.9628903373813955e-06
1.512877133791335e-05
1.93963227701488e-08
1.0492822184460238e-06
1.4572337647678069e-07
1.537171374366153e-05
1.3464899893733673e-05
4.28879775427049e-06
3.7701540804846445e-06
7.590664949930215e-07
5.202226134315424e-07
5.602948476735037e-06
1.0721993930928875e-05
7.916406502772588e-06
3.29001288434938e-08
1.786469994158324e-07
6.069046776246978e-06
3.4561401207611198e-06
8.55140456224035e-08
3.424946271479712e-06
6.558991572092054e-06
1.729692485241685e-06
2.7372248041501734e-06
1.3254178156785201e-05
1.4262184322433313e-08
2.2031957769286237e-07
8.937301572586875e-06
1.6791197765542165e-07
8.71882889441622e-07
1.5795212959801574e-07
6.167683608282459e-08
4.6652399987578974e-07
5.517595695891941e-07
2.105155090248445e-06
4.349762772193344e-09
1.2172131391707808e-06
3.5951274185208604e-05
4.620566869562026e-06
3.444645244599087e-06
1.0922207366093062e-05
4.947383786202408e-06
9.389752335664525e-07
1.0726223081292119e-05
1.1754763136195834e-06
1.2158834294950793e-07
4.681095617797837e-07
2.7070547048424487e-07
6.502377345896093e-06
9.189747288473882e-06
1.8601131159812212e-06
1.1290416068732156e-06
3.453135946074326e-07
5.710680284209957e-07
5.20998696629249e-07
6.558222054309226e-08
3.8746131281186535e-07
6.242327117433888e-07
1.650915351092408e-07
2.7932123281004806e-09
1.2081372915417887e-06
9.500625708369625e-08
1.490006525273202e-06
1.504720103184809e-06
9.342047633253969e-07
7.503105052819592e-07
2.382232935360662e-07
1.1814003073595813e-06
7.569746571789437e-07
1.4519233673127019e-06
4.99878865412029e-07
1.0613507583911996e-06
9.817772479436826e-07
1.3028687462224298e-08
7.125690899556503e-07
2.3325848985678022e-07
5.578959303420561e-07
1.8777392369884183e-06
3.7783502193633467e-07
5.882499749532144e-07
2.0822158148803283e-06
1.3238948213256663e-06
1.462455884393421e-06
1.3581747282387369e-08
7.434747999468527e-07
5.602173391849874e-09
1.7480195424468548e-07
1.021370508169639e-06
1.1670603043967276e-06
6.280317279561132e-07
4.6189703084564826e-07
2.4264283027264355e-08
4.790915113517258e-07
2.4799285824883555e-07
5.446646014206635e-07
1.9845504795057423e-08
4.1159903929610664e-08
8.492244774060964e-07
4.991802597942296e-07
1.1977735425716673e-07
3.572540663299151e-07
1.8574884279587422e-06
5.530853286472848e-07
9.531294722364692e-07
4.812061433767667e-07
8.203056495403871e-06
5.360092245609849e-07
1.0519110219320282e-05
4.2456517235223146e-07
5.769786184828263e-06
1.5088242832916876e-07
1.4024027450432186e-06
7.061811970743292e-07
2.7335187269272865e-07
4.5855847474740585e-07
1.7418484503650689e-06
2.919688597557979e-07
1.7002800944965202e-08
2.5162094630104548e-08
5.698649374608067e-08
2.412378705685114e-07
1.9398889605781733e-07
5.838809329361538e-07
1.4572940187917993e-07
1.4581890184217627e-07
9.719959592757732e-08
2.362446025472309e-07
5.371463771552953e-07
3.843130613745416e-08
1.2831337699026335e-05
4.7230705035872234e-07
2.463969576638192e-05
9.316066780229448e-07
1.053513005899731e-05
2.612908701848937e-06
5.103619926671854e-08
8.098500984488055e-06
1.1950112821068615e-05
2.0628512231724017e-07
7.941906687847222e-09
1.3536755432141945e-05
6.428276265069144e-06
8.08117965789279e-06
1.892668478831183e-05
6.4464379647688475e-06
3.485875197384303e-07
3.6960377656214405e-06
6.893144472996937e-06
5.367335688788444e-06
2.0837852332533657e-07
1.1523747161845677e-05
4.828868895856431e-07
5.905436864850344e-06
2.473056611052016e-06
1.4173699582897825e-06
4.25866808484443e-09
3.7188344776950544e-06
9.745900570123922e-06
1.6023822126953746e-06
1.5438412219737074e-06
1.531236506480127e-07
5.652025265590055e-06
2.2716349121765234e-06
2.706631903492962e-06
2.5583087790437276e-06
1.1655607750071795e-06
6.483522838607314e-07
1.5047600754769519e-05
2.8329986889730208e-06
3.373439176357351e-05
2.844799666945619e-07
5.663002289324481e-10
4.549213201698876e-07
2.2836738367004727e-07
2.287281404278474e-07
2.526702225225108e-08
1.1515708138176706e-06
1.6752768488004222e-06
3.6967821870348416e-06
8.122975625468598e-10
7.342632102336211e-07
2.2366104985849233e-06
2.2992706405489116e-08
3.6947496937500546e-06
4.890740115115477e-07
4.2915087306028e-07
8.834559253045882e-07
8.530465152034594e-07
6.174275313242106e-07
6.943261610103946e-07
7.855205694795586e-07
3.477946677321597e-07
2.8129513793828664e-06
8.064587291300995e-07
1.0920991826424142e-06
7.718463201911163e-09
8.828241107039503e-07
9.594915582056274e-07
2.9294972136995057e-06
1.2791560699554338e-08
4.483428313051263e-07
3.155051775394213e-09
2.505956217646599e-06
9.001340117720247e-08
1.4914014627720462e-06
1.8746113710221834e-06
4.3751397242886014e-06
1.539143886475358e-05
1.2057165577061824e-06
3.1681266499106187e-09
1.2605291885847691e-06
1.3281773902917848e-08
3.2569171253271634e-06
1.0614737533387597e-08
4.1612220229581e-06
1.0655734513420612e-05
3.343862147175969e-07
2.0162971736681357e-08
2.327582478756085e-06
8.060601075499108e-09
2.479463546478655e-06
2.558170535849058e-06
1.7668504597168067e-06
6.792970630442596e-09
1.1395954970794264e-06
5.847483608434345e-10
9.079384653887246e-06
2.5612936951802112e-05
2.3777433852956165e-06
1.5892047144916432e-07
6.236114131752402e-06
3.1501790065391333e-09
4.148738298681565e-06
4.348656602815026e-06
1.6584210243308917e-05
2.1711679437430575e-05
1.4028724763193168e-05
7.478020620510506e-07
1.2258800552444882e-06
5.720616513826826e-08
1.3127931879353127e-06
1.5430161965923617e-06
1.8118507796316408e-06
1.2134030384913785e-06
1.0540962875893456e-06
1.4056375903237495e-06
1.1973030495937564e-06
3.8638345856156775e-09
6.543021299876273e-05
7.162155668538617e-08
5.0020476010104176e-06
2.619129645609064e-06
1.1160712347191293e-05
3.5116428875880956e-08
4.6729473979212344e-05
8.69913264978095e-07
2.856875471479725e-05
2.6540190489754423e-08
9.89746786217438e-06
4.341723354173155e-07
2.218984445789829e-05
1.885279043989385e-09
9.400502676726319e-06
2.7564124316370453e-09
0.0023486786521971226
1.0592550552246394e-06
3.109564204351045e-05
1.1662669976431062e-06
1.1390000054234406e-07
1.709288699203171e-05
2.3403961222356884e-06
1.9051780327572487e-05
0.00029452875605784357
1.5706733336173784e-07
5.966069238638738e-06
1.4579051139662624e-06
6.179096544656204e-06
6.4584619394736364e-06
7.019866461632773e-05
2.3570780740556074e-06
4.245863465257571e-07
1.1283486855973024e-05
4.592627078636724e-07
2.3876298200775636e-06
1.271073699626868e-07
2.795346335915383e-05
3.17474732582923e-05
1.0696172836333062e-08
1.084540690499125e-05
2.0069748529749631e-07
1.9101933503407054e-05
3.037014550955064e-08
0.00013389128434937447
6.027936816366264e-09
8.557094588468317e-07
6.430842631743872e-07
1.1828680044345674e-06
2.0506793134700274e-06
2.0825416413572384e-07
1.889777792030145e-07
6.932037649676204e-06
1.915326786061655e-09
1.3648001413457678e-06
2.319985554777304e-07
1.8171756437368458e-06
3.36272987233599e-09
2.1144953166185587e-07
5.967686774965841e-06
2.8010094865749124e-07
1.4876850400469266e-06
6.439754542952869e-07
7.189786970229761e-07
1.2098636261725915e-06
2.837918373188586e-06
2.8301119527895935e-06
3.4207571388833458e-06
6.267219987421413e-07
2.3586622432958393e-07
4.441216788109159e-06
1.0996445780619979e-05
1.411473590451351e-06
1.5518568261541077e-06
1.0641889502949198e-06
1.9166525362379616e-06
2.207586931035621e-06
2.6038767373393057e-06
3.1552606287732488e-06
6.013987530195664e-08
7.205882866401225e-06
1.7582254940862185e-06
1.0667551578080747e-05
1.5279614672181197e-05
2.3869290544098476e-06
2.406970224910765e-06
2.374405084992759e-06
3.6301009913586313e-06
1.5251278284722503e-07
5.017543571739225e-07
9.625254051570664e-07
2.5606038889236515e-06
4.262929905962665e-06
4.0522660782471576e-09
9.289539093515486e-08
3.417405878280988e-07
2.2231706680031493e-06
1.5635499721611268e-06
3.3268265724473167e-06
2.8757616732377755e-08
1.047932869369106e-06
1.3208278915044502e-06
6.375536031555384e-06
1.1380303476471454e-05
1.960947884072084e-06
1.992539864659193e-06
2.4383125492022373e-05
3.978808308602311e-06
2.0744494122482138e-06
4.800504598279076e-07
5.343740667740349e-06
6.386077075148933e-06
2.6212835564365378e-06
3.3515541986162134e-07
6.640357810283604e-07
7.94443266727285e-08
7.944760795908223e-07
1.6132230484799948e-07
8.046497441682732e-07
6.232725979771203e-08
7.74236013967311e-07
1.2683696013482404e-06
2.036826799667324e-06
1.3050537006620289e-07
4.7228732000803575e-06
6.2802819229546e-06
6.196040658323909e-07
7.664542636121041e-07
6.324522701106616e-07
2.5349135057695094e-07
5.492605396284489e-06
3.894300704132547e-08
3.275623612353229e-06
1.3775828847428784e-05
4.052972599311033e-06
8.180409238889297e-09
2.4453579499095213e-06
5.429654379440763e-07
7.260718120960519e-06
2.3780103219905868e-08
3.0984488148533273e-06
1.7523534623364867e-08
2.192966121583595e-06
4.577969230012968e-05
9.25279948660318e-07
5.184615048392516e-08
7.631470566593634e-07
0.00011076517694164068
2.336520310564083e-06
3.2807995012262836e-05
3.365175871294923e-06
1.6309824957261299e-07
8.402708772337064e-06
1.1703029940690612e-06
1.212739675793273e-06
1.7369612237416732e-07
3.432253379287431e-06
2.8753650571644584e-09
1.5786978337928304e-06
3.1415456760441884e-05
4.974249918632268e-07
0.00012586709635797888
7.218685027510219e-07
2.999498519784538e-06
3.217857283743797e-06
6.008001582813449e-05
2.527283413655823e-06
4.907644211016304e-07
5.058750502939802e-06
2.378732100183356e-09
1.0030677913164254e-05
1.1324204024276696e-05
2.6739751319837524e-06
2.2628837541560642e-06
1.8939305164167308e-06
7.571524474769831e-05
3.1084712190931896e-06
1.9606514456427249e-07
3.223176008759765e-06
8.130546484608203e-05
2.3852494450693484e-06
3.0100684966782865e-07
1.3136443612893345e-06
7.426898082485422e-05
3.1880979349807603e-06
0.00011114330845884979
3.0361277936208353e-07
3.780294036914711e-06
3.697661213664105e-06
2.4753134653110465e-07
1.6377355223085033e-06
1.7316688172286376e-07
4.914025339530781e-06
7.658724712200637e-07
1.7294555618718732e-06
1.1110830477889522e-08
2.6594325390760787e-06
4.080465078004636e-05
2.9550424187618773e-06
3.093089446792874e-07
3.224265583412489e-07
8.057418745011091e-05
4.369015641714213e-06
6.757671508239582e-05
1.8117178512966348e-07
4.717705087387003e-05
6.640091214649146e-06
1.151689502876252e-05
1.1990556458840729e-06
2.222380999228335e-07
4.930461727781221e-07
0.00013823523477185518
1.7717636637826217e-06
1.419200543750776e-07
4.810356131201843e-07
4.641757550416514e-05
1.0574349289527163e-05
4.3254058255115524e-05
5.354258973966353e-07
6.21027938905172e-05
3.287335175627959e-06
2.3162418649746996e-09
9.28116605791729e-06
6.609766955989471e-09
1.2434124982974026e-06
1.990362761716824e-05
6.253758755292438e-08
1.0231202395516448e-05
3.837569238385186e-06
3.639617716544308e-05
6.627553375437856e-06
3.322273914818652e-05
4.1849355625345197e-07
2.263262244284192e-09
1.3730328873862163e-06
2.662764870819956e-07
8.955269663601939e-07
5.023942435400386e-07
8.934101174418174e-07
1.0211870176135562e-06
4.87622264699894e-06
1.4515127304548514e-06
8.483929377689492e-06
1.4293275452104126e-09
1.596597212483175e-05
1.847178964453633e-06
8.639412385491596e-07
2.298243998666294e-06
1.04715525139909e-06
4.1151068330691487e-07
1.771956158336252e-05
8.072463515418349e-07
9.942745236912742e-06
1.4545298654411454e-05
6.30386921329773e-06
1.5839436429132547e-09
1.5326520497183083e-06
2.212870109374876e-09
4.078609663338284e-07
8.487241416332836e-07
1.8621314268330025e-07
6.70504485267287e-10
6.0551665228558704e-06
8.518475738128473e-07
2.068949243039242e-06
2.8807127705476887e-07
9.277156323150848e-07
6.382624633261003e-07
5.418779096544313e-07
7.59807505801291e-07
1.7518584627396194e-06
8.465475542784873e-10
5.319709089235403e-06
7.660431947442703e-06
3.0030034849914955e-06
9.159558445048788e-09
2.802643621180323e-06
1.4539973562932573e-06
3.8958972936598e-07
2.5997971420110844e-07
5.732817498937948e-06
6.662662599410396e-06
1.1228233233850915e-05
1.5224668459268287e-05
3.1088511605048552e-06
4.022830125904875e-06
5.625358880934073e-07
2.629984008351016e-09
2.9701536732318345e-06
3.650112603281741e-06
1.2398551234582555e-06
1.576183535689779e-06
3.755272018679534e-06
5.700540484099292e-09
5.134806997375563e-06
7.142788582825688e-09
5.428620170278009e-06
2.026316181513721e-08
6.195476089487784e-06
6.847015356470365e-06
7.502394964831183e-06
4.869756264902492e-10
4.502775027503958e-06
3.0917774438421475e-06
4.300062300899299e-06
4.121010643842737e-09
1.523758442090184e-06
3.381238400379516e-09
2.366270109632751e-06
3.379132749614655e-06
6.760628821211867e-06
9.305966159445234e-06
3.6684127735497896e-06
3.3036886293302814e-07
1.0451656635268591e-05
1.597381015017163e-05
5.565465016843518e-06
9.735835471147425e-10
3.1276738354790723e-06
4.201171854845143e-09
5.56373697691015e-06
5.176113759830514e-08
1.593826527823694e-05
1.1044012637739797e-07
5.806959507026477e-06
9.808737821970226e-09
3.756768819584977e-06
6.3588536249881145e-06
9.113132364291232e-06
8.508995961165056e-06
1.1112316315120552e-05
1.3609349480248056e-05
5.3288417802832555e-06
3.471802045851291e-08
4.478110440686578e-06
9.705139802917984e-08
1.2785064427589532e-05
7.454590559063945e-06
3.108763849013485e-06
3.198173814666916e-08
6.709921763103921e-06
1.8263322999700904e-05
2.316379777766997e-06
1.3997617509531324e-09
5.611707365460461e-07
4.167249585407262e-07
7.630986146978103e-06
8.982963663584087e-06
3.4507552300055977e-06
9.006535037769936e-07
3.1558774935547262e-06
3.866801323582081e-10
8.339852684002835e-06
9.825324013945647e-06
1.8153416476707207e-06
1.7928994111571228e-06
3.581768396543339e-06
3.533503767361168e-10
6.407983164535835e-06
1.1152598744956776e-05
1.0070810276374687e-05
8.571957366143579e-09
4.008229552709963e-06
2.6847384315686895e-09
1.9547430838429136e-06
2.4002615646168124e-06
3.7359043290052796e-06
2.1441071140770873e-09
1.7967680832953192e-05
7.6167634688317776e-06
1.195757931782282e-06
3.154731684218426e-11
7.578810709674144e-06
5.5948589761101175e-06
3.258484639445669e-06
2.214813221712575e-09
1.2154235264461022e-05
1.4279098081715347e-07
2.3176953618531115e-05
1.9920395288863801e-07
4.805307980859652e-06
2.766902014172956e-07
2.989075073855929e-05
6.212670086824801e-06
1.0909645425272174e-05
3.754917088372167e-06
5.411662186816102e-06
1.0491928151168395e-05
1.402081579726655e-05
1.8426193491904996e-05
3.641731836978579e-06
6.007369393046247e-07
2.4147182557499036e-05
1.79434209712781e-05
7.452122190443333e-07
3.860850483761169e-06
5.074679393146653e-06
8.770530968149615e-08
3.144929723930545e-05
7.645099486808249e-08
1.6112963976411265e-06
1.836272303989972e-06
1.5287871519831242e-06
9.046161721926183e-06
1.266611161554465e-05
1.747890200931579e-05
2.8675772227870766e-06
1.1118302012391723e-07
9.633010449761059e-06
3.9355825720122084e-05
6.68552615934459e-07
1.8181704319886194e-07
4.42658665633644e-06
5.4707548713395227e-08
1.2336134886936634e-06
3.103225454381686e-09
3.125996227026917e-05
9.436247410121723e-07
1.0102633495989721e-05
4.531662852969021e-06
1.4439481219596928e-06
6.227815902093425e-06
2.0837031115661375e-05
4.2447271653145435e-07
4.1887363977366476e-07
3.975853815063601e-06
4.697641088569071e-06
1.1947697053926731e-08
2.702116489672335e-06
2.687876232698727e-08
5.017277089791605e-06
5.2499093960989285e-09
3.1031413527671248e-06
7.615100457769586e-06
9.392739741542755e-08
6.975985566981535e-09
1.9487433178255742e-07
1.242129997081065e-06
9.390895456817816e-07
2.1480472867096978e-07
1.298129745919141e-06
8.354200872418005e-06
3.766852159969858e-06
1.3766348061494682e-08
1.9143173631164245e-05
6.317116572063242e-07
0.0003910721279680729
9.145614932037915e-09
1.958940565316425e-08
1.4329886166564165e-09
2.4924145691329613e-05
9.00392114999704e-06
2.847934047167655e-05
1.9653152776299976e-06
0.0007302383310161531
1.5728403468528995e-07
6.977468274271814e-06
1.3742714743969486e-09
1.0328378721169429e-06
7.438839322304602e-09
3.712700345204212e-05
1.4758750239707297e-06
0.0006919133011251688
7.4837230386037845e-06
6.209190905792639e-05
1.725532285945519e-07
5.919450529745518e-08
2.1915588149568066e-05
0.00016225097351707518
1.9103913473372813e-07
5.8862424339167774e-05
1.423233797481771e-08
0.0005961222923360765
1.7858077399068861e-06
2.5034721602423815e-06
1.2572306332003791e-05
0.00010732249211287126
3.017203198396601e-08
2.7055924874730408e-05
8.258457806498143e-10
3.870326963806292e-06
4.862728886223522e-08
9.974121439881856e-07
5.274389369702703e-09
8.686215005582199e-05
3.8304478948703036e-06
5.872438578080619e-06
6.506485874524515e-07
5.780979699920863e-05
9.93715065789047e-09
0.0006119532627053559
2.1224954593890288e-07
2.494398722774349e-05
1.796954585131516e-08
7.408123929053545e-05
1.2881822613053373e-06
6.374752501869807e-06
1.4007928257342428e-05
3.266845851612743e-06
1.5590909470120096e-06
0.0002989158092532307
8.787829131051694e-08
0.0005850610323250294
6.139361516943609e-07
6.994583145569777e-06
1.2927073100854614e-07
3.360682399033976e-07
3.369705723343941e-07
5.335060450306628e-06
1.1409497346903663e-05
5.173133467906155e-05
4.945683418355884e-09
6.630922871408984e-05
1.0077043555156706e-07
1.506742819401552e-07
5.48128209487686e-09
9.675363980932161e-05
1.6471616959279345e-07
2.012929689954035e-05
5.033714955970936e-07
3.306805228930898e-05
3.6936980141177855e-09
7.965667805365229e-07
2.3797197457042785e-07
3.717442450579256e-05
9.558896181260934e-07
2.7478492938826093e-06
2.1720042298056796e-07
0.00027082409360446036
5.473715987136529e-07
7.163752684391511e-07
5.789267447653401e-07
0.00020748538372572511
1.927882919972035e-07
1.501931706116011e-06
3.636016117525287e-06
5.174347734282492e-06
1.3717286492465064e-05
2.036826799667324e-06
1.1313406957924599e-06
3.3040521429938963e-06
9.146160095951927e-07
2.043429049081169e-06
3.2057714633992873e-06
2.805549684126163e-06
6.881195702135301e-08
2.3201710064313374e-06
7.745133530079329e-07
2.2631800220551668e-06
1.2551693906459604e-08
1.5267740991475875e-06
1.5734640328446403e-06
2.1874245703656925e-06
2.5354077024530852e-06
2.078391844406724e-06
1.0392514013801701e-06
1.3641476925840834e-06
2.1164653674077272e-07
2.4320265765709337e-06
7.453142814028979e-08
1.3854300959792454e-06
3.399815318161359e-09
4.407165306474781e-06
2.514994612567989e-08
5.338487881090259e-06
2.0379295619932236e-06
3.667276814667275e-06
5.4683432608726434e-06
3.071798801101977e-06
2.498039748388692e-07
3.9462769052533986e-08
8.254880112801288e-10
4.7433563850063365e-06
2.2765798135537807e-08
9.767573828867171e-06
1.559485463076271e-05
1.338295646746701e-06
1.0755154988828508e-08
5.7909114730136935e-06
3.117409264064008e-08
4.922553671349306e-06
8.623243957117666e-06
3.5973368994746124e-06
1.3103990568197332e-06
2.374405084992759e-06
2.0353446927856567e-08
2.4267699245683616e-06
2.666185764610418e-06
8.264752068498638e-06
5.700384519968793e-08
9.486520866630599e-07
1.204317982228531e-06
2.2420688765123487e-05
5.096704853713163e-07
4.107525001018075e-06
9.053886884657913e-08
7.787490972077649e-07
1.1355639344401425e-06
2.0232548649801174e-06
2.969659540497105e-08
1.9002294720849022e-05
1.9207933291909285e-05
2.643666903168196e-07
5.385325074769298e-09
1.679163460721611e-06
2.507287710784567e-08
1.501931706116011e-06
3.636016117525287e-06
1.2098636261725915e-06
2.837918373188586e-06
2.043429049081169e-06
1.336294843667929e-07
3.3040521429938963e-06
6.457434409412599e-08
1.7178566622533253e-06
4.742753844766412e-06
2.5798783553909743e-06
8.989569977302381e-08
8.801196713648096e-07
1.837540111182534e-07
8.247554433182813e-06
1.7660266166785732e-05
2.2631800220551668e-06
1.2551693906459604e-08
5.218095679992985e-07
1.8716191334533505e-06
2.1874245703656925e-06
5.702377237071232e-08
2.078391844406724e-06
1.0392514013801701e-06
2.830660150721087e-06
3.763257154787425e-06
6.525208959828888e-07
1.1760507732105907e-06
2.237898343082634e-06
1.173753958028101e-06
2.805549684126163e-06
1.9210016688475662e-08
2.4320265765709337e-06
3.5357109595679503e-07
8.553765837859828e-07
3.465895659360285e-08
2.0727567971334793e-05
4.5646153012057766e-05
4.269609689799836e-06
1.521337935628253e-07
2.207586931035621e-06
2.6038767373393057e-06
9.486520866630599e-07
4.198130682198098e-06
9.767573828867171e-06
2.0523600596789038e-07
9.10394919628743e-06
2.2761392415304726e-07
9.094847882806789e-06
3.604294107617534e-08
1.1511408956721425e-05
6.495669140349491e-07
1.103302793126204e-06
1.5957551724454788e-08
1.7742258933139965e-06
1.4316365195554681e-06
1.1630936569417827e-06
4.295742073168185e-08
4.048514711030293e-06
1.2537341717688832e-05
2.3426091502187774e-06
2.7466771079787122e-09
2.215299673480331e-06
3.1705142191640334e-06
5.665556273015682e-07
4.563055355788492e-08
1.3854300959792454e-06
4.931224317772376e-09
1.6428025446657557e-06
1.4758201416498196e-07
2.0230092445672199e-07
1.934613607090796e-07
4.357805664767511e-06
2.5796271074796095e-07
2.6868451641348656e-06
4.819979722014978e-07
3.672600541904103e-06
9.4425082863836e-08
6.938916158105712e-06
4.657675162889063e-06
3.7919191981927725e-06
2.28062795315509e-08
1.9028536826226627e-06
1.500258939302057e-08
4.553126473183511e-06
6.4584619394736364e-06
2.038842831098009e-05
3.057021967833862e-05
8.438537406618707e-06
2.8133859814261086e-05
1.1342313882778399e-05
4.239743248035666e-06
2.0338908143457957e-05
5.220015850682103e-07
4.905136393063003e-06
5.098036481854251e-08
2.662574843270704e-06
3.5598297642991383e-08
1.565040861351008e-06
2.3121765480027534e-06
7.165334636738407e-07
0.0026032445020973682
1.8691263903747313e-05
1.2159703999259364e-07
7.785174602759071e-07
1.7569574310982716e-06
1.5738525689812377e-05
3.1507922813034384e-06
1.6724385204724967e-05
6.467738788984434e-09
1.4331214970297879e-06
6.5336469567967015e-09
1.7577025573700666e-05
2.6021905796369538e-05
2.4077075067907572e-05
4.174948116997257e-05
8.13175574876368e-06
1.0384461347712204e-05
3.6406154322321527e-06
7.501846539526014e-06
1.3859765886081732e-06
1.0427649499433755e-07
9.301809768658131e-06
1.622532363398932e-05
3.663507186502102e-07
1.5162873179264125e-09
3.328539719404944e-07
3.143929632187792e-07
2.387422171068465e-07
3.290066388217383e-07
6.124147375885514e-07
3.5350531391031836e-08
1.950236764969304e-06
2.065841897547216e-08
1.2897686247015372e-05
1.8511651433072984e-05
2.2857825854316616e-07
4.098587425005462e-08
7.920550615381217e-07
1.2863965821452439e-06
9.986268196371384e-06
2.8080678475816967e-06
3.988387220488221e-07
2.8373929694680555e-07
3.382342299573793e-07
2.0176591419840406e-07
7.501779464291758e-08
1.542916017172047e-08
7.771268428768963e-07
5.157029363545007e-07
1.8368932614976075e-06
1.7825748273025965e-06
3.993472091678996e-06
4.254098939782125e-08
2.7855983830704645e-07
2.2940872312915417e-08
7.8581240359199e-07
8.613291413439583e-08
2.995315924181341e-07
4.0790803268464515e-07
1.6683072772138985e-06
6.592212287159782e-08
1.8922890376416035e-05
5.500816158132693e-08
1.4745597809451283e-07
4.7674209469050766e-08
4.4927767817171116e-07
1.0447196245877421e-06
3.05984059423281e-07
4.0586743921267043e-07
2.760195229711826e-06
4.282810095901368e-06
3.840502813545754e-07
1.1179226930835284e-06
1.2892865015601274e-05
3.6947496937500546e-06
2.4395640139118768e-05
5.466177299240371e-06
9.400729972242061e-09
3.1645268450120057e-07
5.888781379326247e-05
4.443689647359861e-07
1.4005037883180194e-05
1.0878141409875752e-07
3.343397474964149e-05
1.1696780433112508e-07
2.9638038085977314e-06
1.0507515980862081e-05
3.361975177540444e-05
5.016400628221618e-09
7.640496590965995e-08
9.2211002993281e-06
6.61170304283587e-07
1.545531995361671e-05
3.5885243505617836e-06
1.8010435951509862e-06
6.460666668317572e-08
3.3744945540092885e-06
2.294074796793666e-08
7.1168342330452106e-09
3.4351483009231742e-06
5.8864079619525e-06
9.983604286389891e-06
3.4310983210161794e-06
3.656762359582899e-08
1.639223592064809e-05
2.4271346887871914e-07
2.5351109798066318e-05
9.334879723610356e-05
8.233452604144986e-07
1.3345198794922908e-06
2.246829171781428e-05
5.418382897914853e-07
2.578664498287253e-05
5.189705554187185e-09
1.3154693988326471e-05
8.836695997160859e-07
1.1460609812274924e-06
1.5559238818241283e-05
1.1615434232226107e-06
3.975227400587755e-07
6.909834837642848e-07
2.7348844469088363e-06
2.260587461933028e-05
1.7289821698796004e-06
6.848707016615663e-06
5.041458734922344e-06
3.2558286875428166e-06
6.449800275731832e-05
1.1807426290033618e-06
8.069300605484386e-08
4.949407639287529e-07
1.2658962589284783e-07
5.8844793784373906e-06
2.763357315416215e-06
8.464910933980718e-06
4.2629184804354736e-07
7.558792276540771e-07
1.1728417348422226e-06
4.761060878877288e-09
1.548165710119065e-05
2.1540154193644412e-05
1.2281706403882708e-05
2.805042527143087e-07
9.322109690401703e-06
3.5826550970341486e-07
4.593359335558489e-06
5.032040007790783e-06
1.717274017210002e-06
1.0220854385067923e-08
2.0133561520196963e-06
1.0794131100055893e-07
1.189258114209224e-06
3.1241613669408252e-06
1.3718105265070335e-06
1.5244562519001192e-06
4.433346930454718e-06
4.561102741718059e-06
6.389672762452392e-06
8.478721724713978e-09
5.372878604248399e-06
2.5232671418962127e-07
6.066034529794706e-06
1.0812621020761526e-08
3.896164344041608e-06
1.2203105193009378e-10
7.159871074691182e-06
1.083197184925666e-05
4.388448360259645e-06
3.868916564897518e-08
4.982260179531295e-06
1.5003664088908408e-07
3.364965550645138e-06
9.617636465009127e-08
1.3985433042762452e-06
3.285663652263793e-08
4.3893166434827435e-07
8.750175695126927e-09
2.9820682811987353e-06
5.817647888761712e-06
1.666891694185324e-05
1.6697253158781677e-05
1.3103725905239116e-05
1.478763351769885e-05
1.049604350100708e-07
1.725176335121148e-09
3.853342150250683e-06
8.413590535383264e-08
9.702241641207365e-07
2.4139790610888667e-08
2.362939312661183e-06
1.1784104803069795e-09
7.252427622006508e-06
1.128452140619629e-06
8.828959835227579e-06
1.6955569890342304e-06
1.5611316257491126e-06
2.081228744899022e-09
4.212569820083445e-06
1.0923692883579861e-07
7.234870281536132e-06
5.0091452976630535e-06
9.607163065084023e-07
5.147096260316175e-08
1.0446046871948056e-06
3.841319085040595e-06
3.9521697203781514e-07
4.0435301343677565e-05
1.4126013638815493e-06
1.3480607776727993e-06
7.326586342060182e-07
5.737789251725189e-06
1.1319590385028278e-06
9.099258591049875e-07
5.282065558276372e-07
2.701862289455903e-09
3.886552804033272e-07
4.417787238253368e-07
2.6931857632916945e-07
1.5614490678217408e-07
5.667910500051221e-06
3.954181465815054e-06
2.8982994990656152e-06
8.702746856492638e-11
5.075881404081883e-07
2.911646674874646e-07
1.8004549247052637e-06
2.506979171812418e-06
5.746419446950313e-06
5.6728972630537555e-09
1.4407929427306954e-07
3.7882189189986093e-06
5.070105089544086e-06
4.376646757009439e-06
6.569586048499332e-07
1.192685061823795e-07
6.225358902156586e-06
1.1807426290033618e-06
1.1130777011203463e-06
3.094009116466623e-06
2.6323805286665447e-06
4.282810095901368e-06
1.1241936590522528e-06
1.702122290225816e-06
5.348506419977639e-06
3.7208453704806743e-06
3.759597291264072e-07
2.672557639016304e-05
5.068461632617982e-07
1.6209058230742812e-05
1.633412125556788e-07
1.762987039910513e-06
3.244719835038268e-07
5.102140221424634e-07
4.87468980736594e-07
2.3883694666437805e-07
1.217077851833892e-06
3.100480228113156e-08
9.959600077991126e-08
3.656333831258962e-07
3.5305404253449524e-06
1.5463068621102138e-06
0.0004384894564282149
1.1813538094429532e-06
5.60841363039799e-06
3.9146563324266026e-08
5.103044895804487e-05
4.340264467828092e-07
3.2298825658472197e-07
7.938161417087031e-08
0.000521911948453635
8.733379104342021e-07
9.296810276282486e-06
1.4510192158923019e-05
0.00017987540923058987
4.2954216041835025e-06
0.00016923966177273542
7.039912816253491e-06
0.0010941269574686885
5.991856596665457e-05
0.0011323891812935472
7.002375923548243e-08
0.0008513982756994665
3.393567453713331e-07
2.309105548192747e-05
5.117307182445074e-07
3.9852668720641304e-08
3.5480522910802392e-06
1.2004295967926737e-05
1.9424883248575497e-06
6.195055448188214e-06
1.597902951289143e-06
5.431914473774668e-07
1.1915026334463619e-05
4.682095550379017e-06
1.7634904452279443e-06
1.184036591439508e-06
1.3005718813019485e-07
1.7993104847846553e-05
3.951705821236828e-06
7.301986443053465e-06
1.7994475243199304e-08
0.00014611177903134376
8.105569690997072e-07
8.949729817686602e-05
8.162269864442351e-07
2.463166310917586e-06
8.923138011596166e-06
0.0009709368459880352
1.400243689886338e-07
4.500142949837027e-06
1.1750682205047269e-07
0.0010768232168629766
1.1743751429094118e-06
4.458450803213054e-06
1.8911296137957834e-05
2.479278293776588e-07
4.229652404319495e-06
1.5715855283815472e-08
5.620387128146831e-06
5.8970927057089284e-05
1.0138857078345609e-06
5.869539108971367e-06
9.992787454393692e-06
1.393328420817852e-05
6.787532583985012e-06
2.1627149180858396e-05
2.68594853025661e-08
1.1516473996664445e-08
2.9304169402166735e-07
9.643052180763334e-06
1.2071377852862497e-07
2.095225681841839e-06
2.9262990210554563e-05
9.700866598905122e-08
2.7412088456912898e-05
1.8827761323336745e-06
1.8141017790185288e-05
0.0012482706224545836
3.169332558172755e-06
0.00014838708739262074
2.201596949191753e-08
2.8869751986349e-05
7.087838582719996e-08
4.546374475467019e-05
3.036575435544364e-06
5.424779828899773e-06
3.208041334801237e-06
3.60959944600836e-07
2.5256826120312326e-05
3.9714846934657544e-05
7.296839612536132e-07
1.5270335325112683e-06
1.7072719856514595e-05
1.8700615328270942e-05
2.709753088581124e-09
2.054391678996126e-08
5.183959572718777e-08
1.491543935117079e-05
1.8058311468394095e-07
3.561238600013894e-06
3.97006124330801e-06
4.935545661055585e-08
3.052946624393371e-07
1.1423891166373323e-08
6.698144972006048e-08
5.478393205748944e-08
1.9422814148128964e-06
1.619227418814262e-06
3.106140411546221e-07
1.0784505093397456e-06
6.267346179811284e-06
2.3193531887955032e-05
1.5903891835478134e-05
3.527700798144906e-09
5.512868028745288e-07
1.5263186270431106e-08
3.1335416483813106e-09
3.4182971830887254e-07
8.089502898656065e-07
2.4972423489089124e-06
3.3093610909418203e-06
1.1851086156866586e-07
4.765849936916311e-08
1.1186272104168893e-06
3.4457298170309514e-07
3.75409013031458e-06
9.181695759252761e-07
1.80057959653368e-08
1.2314496416365728e-05
6.554333964459147e-09
1.6758724086685106e-05
8.930763328862668e-08
3.7083198094478576e-06
1.83339977866126e-06
6.19093407294713e-06
8.182117016986012e-05
3.865930864321854e-08
3.1426147870661225e-06
2.4113011022564024e-05
2.2740357508155284e-06
9.496174513401456e-09
1.4520085187541554e-06
1.7242295768937765e-07
7.619766620337032e-06
3.493256735964678e-05
2.4803450742183486e-06
6.146176474430831e-07
1.6932713151618373e-06
2.7827905796584673e-05
4.011463261122117e-06
7.95545460618996e-08
1.7555236127009266e-06
1.2668351700995117e-05
3.974270384787815e-06
2.6270319608556747e-07
1.362918624181475e-06
1.4983463643147843e-06
6.946492021597805e-07
9.540811696240326e-09
7.120442205632571e-06
1.6239660908468068e-05
3.308173575078399e-07
1.3379033703131427e-07
7.63604839448817e-06
3.935088898288086e-05
2.8521033073047874e-06
4.587481043927255e-07
3.3217838790733367e-06
1.4471177678387903e-07
1.4707343325426336e-06
1.1702817573677748e-05
3.5128161925968016e-06
5.307625770001323e-07
5.814173164253589e-06
4.5875805199102615e-07
9.529107046546414e-06
6.954569835215807e-05
3.7396778225229355e-06
4.195898384296015e-07
5.492336640600115e-06
2.516184451906156e-07
6.947752808628138e-07
2.7305317416903563e-05
1.19778837870399e-06
5.00548196669115e-07
6.606938427466957e-07
1.6071255231508985e-05
5.450706339615863e-07
2.7765398868950797e-08
2.94521487376187e-06
3.18278381428172e-08
4.92885305902746e-07
1.563367391099746e-07
3.6817828004132025e-06
3.9091164580895565e-06
6.289963494054973e-06
5.2986969478752144e-08
8.817352181722526e-07
4.310003376417626e-08
1.0356649227105663e-06
7.938228407944337e-10
2.637880925249192e-06
2.5088827442232287e-06
1.0513039114812273e-06
1.7317262972937897e-05
2.274379312439123e-06
1.9508295281411847e-06
2.6092095595231513e-06
8.667586257615767e-07
2.136338662239723e-05
6.534090789500624e-05
6.0535962802532595e-06
1.0907795058301417e-06
2.857615072571207e-05
2.6876080028159777e-06
1.3217038940638304e-05
1.3774568685676059e-07
2.266321644128766e-05
1.0470357665326446e-06
9.135675099969376e-06
1.322051801366797e-09
6.157893039926421e-06
1.0333361615266767e-06
5.871088887943188e-06
1.6028916434152052e-05
1.782124127203133e-05
2.42288842855487e-06
1.864231307990849e-05
7.558640209026635e-05
1.3803220099362079e-05
3.328448656247929e-05
1.0846934856090229e-05
4.918464924230648e-07
1.4717754311277531e-05
3.4543751326054917e-07
9.497236533206888e-06
9.467068480262242e-07
1.097673248295905e-05
1.154229707367449e-07
2.527617289160844e-05
1.1686743164318614e-06
1.763013278832659e-05
1.089996544578753e-06
8.502815035171807e-06
3.622216411258705e-07
6.703839972033165e-06
3.3435848308727145e-05
8.212845386879053e-06
2.450626197969541e-05
2.1502513845916837e-05
7.905591701273806e-07
1.5261623047990724e-05
1.255958636647847e-06
1.7477617802796885e-05
1.3888295598007971e-06
2.3294534912565723e-05
1.0146350604145482e-07
8.298541615658905e-06
9.876436024569557e-08
5.516778401215561e-06
3.875515801610163e-07
4.696503674495034e-05
3.586214006645605e-05
1.6299782146234065e-05
1.6868850707396632e-06
1.615894871065393e-05
5.398806024459191e-07
5.0994342018384486e-05
2.128812184309936e-07
4.8791745939524844e-05
1.357841301796725e-05
5.212075848248787e-06
4.0859184082364663e-05
1.617375346540939e-05
5.707757395612134e-07
4.4829692342318594e-05
3.499511876725592e-05
1.2633742699108552e-05
2.7425467123975977e-05
7.87895896792179e-06
2.4695998945389874e-05
2.0239816876710393e-05
1.5621196780557511e-06
1.539235563541297e-05
4.158206866122782e-05
1.952600541699212e-05
1.3060720220892108e-06
3.7210604205029085e-05
8.030735443753656e-06
