1.1804108908108901e-06
1.7847844446805539e-07
5.126084033690859e-06
5.603968929790426e-06
4.576821447699331e-05
1.5896833360784512e-07
2.948623603060696e-07
1.32295156163309e-06
1.3123474673193414e-05
1.6227722881012596e-05
2.56799785347539e-06
1.5132261523831403e-06
1.2289044661883963e-06
3.042951902898494e-06
4.39118548456463e-06
6.073590270716522e-07
1.0626447874528822e-05
4.543682734947652e-06
8.835409630592039e-07
1.935839100042358e-05
2.5962742711271858e-06
2.8394736091286177e-06
8.763582854953711e-07
4.6679210186084674e-07
6.472606628449284e-07
1.2944232139489031e-06
5.209769824432442e-07
2.7398355086916126e-06
1.5597045432969026e-07
1.5979027239154675e-06
3.24076779634197e-07
3.31591621716143e-07
5.446362592920195e-06
5.140168923389865e-06
7.507026822395346e-08
3.0933330208426923e-07
7.400848517136183e-06
1.5453775858986774e-06
3.3451817671448225e-06
1.7857161083156825e-06
1.5259102870146535e-09
2.2090343918534927e-06
2.9805335088894935e-06
1.2797178214896121e-06
6.575635325134499e-06
1.1763264495812109e-07
2.5749557153176283e-06
4.2242806586045845e-08
2.6807052577737522e-08
1.5939063757741678e-07
3.129340939267422e-06
6.79235881761997e-07
1.4816336602052615e-07
4.886816441285191e-06
2.7259000034973724e-06
1.8688278942136094e-06
1.6961189430730883e-07
5.202088004807592e-07
3.19463708819967e-08
4.246902335580671e-06
7.75293301558122e-07
8.092758889688412e-07
4.3552992678996816e-07
2.7136334210808855e-06
1.029505529004382e-05
3.7262057048792485e-06
2.0632523956010118e-05
2.5846554763120366e-06
3.3327511861358516e-09
1.3620061167785025e-07
3.2764961588327424e-07
1.2819461971957935e-06
5.758070983574726e-06
1.432805333934084e-06
3.564076450857101e-06
1.4258608871386969e-06
9.10084509087028e-07
1.3167638826416805e-05
1.5201642781903502e-05
2.8632870453293435e-05
1.1525582976901205e-06
2.3929211238282733e-05
4.3569158151512966e-05
1.8985311953656492e-06
9.667815902503207e-06
7.572433702307535e-08
1.1179403713867941e-07
8.926946065912489e-06
1.5947105566738173e-05
1.0260365343128797e-05
1.3622877304442227e-05
5.6913509070000146e-06
9.097392705825769e-08
1.3950361754666574e-08
4.4438445456762565e-07
4.257911132299341e-05
1.934403144332464e-06
2.564527790127613e-07
3.354923876486282e-07
5.304266323946649e-06
2.2839037683297647e-06
4.342279225966195e-06
5.494219976753811e-07
1.7028880392899737e-05
6.214514542079996e-06
3.614699380705133e-06
5.49418609807617e-06
6.615296115342062e-06
3.4082286219927482e-06
1.74699687249813e-06
1.426607104804134e-05
6.004295755701605e-06
5.439889719127677e-06
1.0220229285096138e-07
1.9120157048746478e-06
3.726333670783788e-05
3.860481228912249e-06
8.831251761876047e-06
1.2592605003192148e-07
4.3075579014839604e-05
2.1379266399890184e-05
6.423542231459578e-07
1.3428382317215437e-07
1.3428382317215437e-07
1.1458058679636451e-06
2.2924389213585528e-06
1.1678957889671437e-05
2.8697820653178496e-06
2.3466069251298904e-05
1.311899495703983e-07
3.3242297377000796e-06
5.181836058909539e-06
5.342030817701016e-07
5.342030817701016e-07
5.843369521585373e-08
4.3879158084791925e-08
7.616295647494553e-07
1.3910965890318039e-06
8.80295192473568e-06
1.8063897186948452e-06
3.9182186810649e-06
1.0616819054121152e-05
7.984977855812758e-06
3.0714101740159094e-05
1.3525915392165189e-06
2.2655176508123986e-06
1.2678870916715823e-05
1.2638412954402156e-05
4.304995115944621e-07
6.518781447084621e-06
5.772408258053474e-06
1.3567231690103654e-05
1.7474247215432115e-05
4.612112388713285e-05
1.2411127499944996e-05
1.1133438420074526e-05
3.5369814668229083e-06
1.0802593806147343e-06
2.44446982833324e-05
9.089925697480794e-06
4.020523647341179e-06
6.081099854782224e-06
3.5608711641543778e-06
1.368885477859294e-06
1.514573114036466e-06
1.7238472764802282e-06
3.282655143266311e-06
1.666534080868587e-05
6.942203526705271e-06
4.975065166945569e-06
3.709207518909352e-08
4.119193818041822e-06
3.3131414056697395e-06
7.178213763836538e-06
2.060652604995994e-06
1.4649325521531864e-06
2.2610191081184894e-05
1.2566261830215808e-05
6.370896130647452e-07
1.2844529351241363e-07
6.857732159915031e-07
1.2050591067236383e-05
2.0090506041015033e-06
1.2758531511281035e-06
3.2450111575599294e-06
9.208649316860829e-06
1.0096841833728831e-05
1.6999283616314642e-06
3.728026598537326e-08
1.8653862898787565e-09
6.164153091958724e-06
5.413645794760669e-06
3.96896894017118e-06
1.1226671631447971e-05
1.735480509523768e-05
1.5860774510656483e-05
3.8742194874430425e-07
9.385010457663157e-08
4.482260919758119e-06
1.0210390755105436e-08
1.6297965430567274e-06
2.7018691639568715e-07
7.938818384900515e-07
2.261496945266117e-08
1.1214085589017486e-06
3.6719967511089635e-08
2.4284674964292208e-06
1.1022040098396246e-06
4.254331997799454e-06
3.332176675030496e-06
3.8788095935160527e-07
1.5046094148374323e-08
4.6267846443015515e-08
7.492074516335379e-09
5.2982816356461626e-08
3.8224019505150864e-08
1.5684775007684948e-06
1.0499975111599724e-08
8.462699696565323e-08
3.743514298548689e-08
3.5592042877397034e-06
2.129854266286202e-07
9.9752469395753e-07
0.000163188626174815
2.1278165149851702e-05
5.2593813961721025e-06
3.2373836944543655e-08
1.9174281717937447e-08
2.164498710044427e-06
5.41738359061128e-07
5.083566065877676e-05
5.007716936233919e-06
1.1833134522021282e-05
6.4479718275833875e-06
2.6780401185533265e-07
2.2004952882070938e-07
4.029052888654405e-06
1.3785957889922429e-05
3.5991877211927203e-06
3.228670664157107e-08
3.2579197295490303e-07
6.872530775581254e-07
1.5750649708934361e-06
2.5527049274387537e-06
5.268921086098999e-07
4.6963177169345727e-07
4.794602546098758e-07
9.544442036713008e-06
9.531831892672926e-07
1.9839972082991153e-06
1.589943465774013e-08
1.9102687929262174e-06
7.913988611107925e-07
1.2505959823272406e-08
1.50526693687425e-06
7.53201305769835e-08
1.2094029671061435e-06
8.22082620288711e-06
8.758171361478162e-07
5.459154976961145e-07
4.7488151722063776e-07
2.6334535050409613e-06
1.81717393843428e-06
2.22604139565874e-08
3.015782681359269e-07
1.0886052592695705e-07
9.206367508340918e-07
1.6225861543262e-08
4.358436740403704e-07
0.00012236376642249525
8.747367246542126e-05
1.0747369742603041e-05
2.850638125551086e-08
3.1674146612203913e-06
1.6675559777468152e-07
3.9993842619878706e-06
1.8497041764931055e-07
4.055410499859136e-06
9.24378440458895e-08
1.7444925788367982e-06
2.153921968783834e-06
2.2714932583767222e-06
2.1975936306262156e-06
5.62919967705966e-06
6.2175621451388e-07
7.439662681463233e-07
4.840314431930892e-06
9.126665645453613e-06
2.3238453650265e-05
4.495743439747457e-07
2.518079043056787e-07
4.338322833064012e-05
8.217136127086633e-08
1.538487737207106e-07
1.7787393744583824e-06
1.5618546456153126e-08
6.670103971373464e-07
9.242831389144612e-09
8.60544560055132e-07
3.510776195980725e-06
