1.712431867417763e-07
4.9842984850556604e-08
5.290316948958207e-07
5.280344339553267e-07
4.6297014222318467e-08
8.489745795259296e-09
1.3253825592585144e-08
8.781965732396202e-08
2.181010039237208e-09
2.006000556775689e-07
2.37350783471868e-09
3.223925375550607e-07
3.785018520829908e-09
3.745633248009028e-10
2.0863755167965792e-08
2.4648795005077773e-08
5.680303516442109e-08
3.1037012604429037e-07
4.8141290953651605e-09
1.323889193827199e-07
4.0025254222086915e-09
2.1072497702334658e-07
2.012152577890447e-08
1.0067568112503977e-08
2.854103264837704e-08
9.63098667483564e-09
1.659851456281558e-08
4.946010108142218e-07
5.5270152898856395e-09
4.994306704309004e-11
9.871478745537843e-09
9.62245394475758e-09
2.3385933900499367e-07
1.6945999448125804e-07
5.150863913172543e-08
3.927758029931283e-07
6.065914135433559e-07
7.064678442247896e-08
1.8218255490864976e-06
3.9998053580347914e-07
1.6763959820309537e-07
1.2505597624112852e-07
2.3833868212363996e-09
9.201752959597798e-08
2.0746595907894516e-07
5.17937230881671e-08
6.189666379441405e-08
2.4516118912742968e-08
1.1533182409095843e-08
8.211773661059851e-08
1.97570841464767e-07
2.7068518093642524e-08
3.522271585509884e-09
8.704822107574728e-08
1.1917440900788279e-07
3.0929376748645154e-07
1.1753216178078674e-08
9.465009043196915e-08
1.7234451377134974e-07
4.012928300767271e-08
3.2301887831209797e-09
1.7022684373202424e-09
1.930409752048945e-07
1.615443494529245e-07
6.676397390492639e-08
1.802993665478425e-06
2.9966781056600666e-08
1.64943926961314e-07
1.3987896352318785e-07
1.517518199989354e-07
6.4062612992188406e-09
1.1801687804791072e-07
2.332215217393241e-06
5.287001414444603e-08
9.233798436980578e-07
1.6108809575143823e-07
2.3128302473196527e-07
9.764130481926259e-08
1.4964513184168027e-06
2.9304867865675988e-08
1.3799731135577531e-08
4.1303300690742617e-07
3.5302133483128273e-07
3.939465642588402e-08
1.8662078105080582e-08
1.1238539343594312e-07
3.197987297198779e-08
2.7390264278892573e-08
3.302006490457643e-08
3.012484839359786e-08
2.71774105442546e-08
2.0831775771057437e-07
8.381767457876776e-08
3.7083179194041804e-08
2.9006123725139332e-08
1.5195489311281563e-09
4.5004121318470425e-08
1.1286953593980797e-07
6.547421094182937e-08
7.462399587154778e-09
7.162076087752212e-08
2.9311332028214565e-08
1.583121616022254e-07
2.7746564157382636e-08
3.009114735164076e-08
3.582781005206925e-08
8.32428526109652e-08
7.084404529678068e-08
5.174623396442257e-08
2.8404507634860465e-09
5.392324808894955e-08
1.9447294619112654e-07
5.669714653322444e-08
5.916305667597044e-09
8.433999454382501e-08
1.0642026815332883e-08
2.3028094986443648e-08
5.60295454477e-09
5.9245223837933736e-08
3.728773290134768e-09
3.4170096085972546e-08
7.316500472143161e-08
7.072448937606168e-08
2.8449326450186163e-08
4.6169095213599576e-08
5.0466390177916765e-08
4.707252543312279e-08
4.546630183455136e-09
5.726167628949952e-08
1.8059422757232824e-07
3.085621003151573e-08
4.311661694345048e-09
5.9133984819936813e-08
1.3316642899496856e-08
4.756677896011752e-08
7.418623937383018e-09
4.7971902006338496e-08
4.324172664382786e-08
9.58455146360393e-08
4.063874428084091e-07
2.155229594791308e-08
6.53062625133316e-06
7.3750410223283325e-09
1.7934200968738878e-06
6.102470706537133e-08
4.727244817814835e-09
8.934220474543508e-09
1.6041283856793598e-08
1.5294524757791805e-07
6.44463852950139e-07
3.078400823142147e-08
7.175851379770393e-08
2.7223842735679682e-08
1.3103675655656843e-07
2.427128897863895e-08
9.168078740628971e-09
2.6904256600346343e-08
2.903988729485718e-07
3.462644215801447e-08
6.307977695740874e-09
3.20224291527893e-09
3.539630810678318e-08
1.897230106351344e-08
3.6233313238653864e-08
4.501980299664865e-08
9.725908078905832e-09
1.6735313579374633e-08
1.2094140402041376e-05
2.8502316062883892e-09
1.2931786841363646e-07
8.46745660965098e-06
3.7397549590423296e-07
6.45716090730275e-06
1.200177393911872e-06
2.7183975817024475e-06
1.3661392017638718e-07
9.960524948837701e-06
1.178124620082599e-07
2.728691868014721e-07
6.855067908873025e-07
6.632948952756124e-06
3.386809055427875e-07
6.813127129134955e-06
7.87350060704739e-08
6.457643394242041e-06
4.4922063580088434e-07
6.96848883308121e-06
2.112667289111414e-06
3.327801323393942e-06
4.914589908366906e-07
5.908107141294749e-07
6.10129113898239e-10
5.681426955561619e-06
3.9298562626299827e-08
7.136462158996437e-07
7.329293083557786e-08
1.4931646319382708e-07
1.79544883849303e-07
2.164932588755164e-08
9.680439916337491e-08
9.172466661766521e-07
2.0554242041725956e-07
1.3023407063883496e-07
3.478660914879583e-08
7.096450644894503e-07
2.6171342426550837e-08
1.2579140218349494e-07
8.855408850649837e-08
1.5377320039533515e-07
7.436015607709123e-07
2.7028795557271224e-07
5.757394205829769e-07
3.356405642307436e-08
6.033162094354338e-07
1.1027374966943171e-05
4.3048665077094483e-08
3.53512916717591e-08
6.467838034041051e-07
6.385971573763527e-08
1.0539878303461592e-08
4.5951637162033876e-07
2.958351341675325e-09
6.42126281036326e-08
3.924222724549509e-08
3.515586399771564e-08
2.4982439228438125e-08
8.369890558412862e-09
1.7392922657677445e-08
1.1002394550985173e-08
6.1528711015057524e-09
7.387416900428434e-08
1.8517836153364442e-09
6.27435952083033e-08
3.8996873286123446e-08
1.5727927404896036e-08
6.764248883239787e-11
6.890583392760163e-08
1.1467583327373632e-08
4.937697895002202e-08
1.6047756901116372e-08
8.429408637766755e-08
6.110247596780027e-08
6.98822049116643e-08
2.9034721293896837e-08
8.967870890330687e-09
2.264284404418504e-08
1.2760465040173585e-07
1.1492358176212747e-08
8.178611210496456e-08
3.223819788900073e-08
2.2724447035216144e-07
4.728574083401327e-07
4.6200256065276335e-08
2.9500247578084782e-08
9.068913442433768e-08
8.988432220746745e-09
5.96611258174562e-08
1.674675331742037e-08
3.295884809517702e-08
2.292646961166156e-09
2.69384425877206e-08
2.576351798566634e-09
1.4529348391079111e-08
6.964461007896716e-09
3.784988766852848e-09
2.4467365733471524e-07
1.742771900126172e-07
3.4530803216803463e-10
2.3444384211757097e-08
8.094088954635481e-09
7.28089730728243e-07
1.0541406680886212e-07
5.375324008127791e-07
4.77001620424744e-08
1.0676672701492862e-07
1.556312057005016e-08
4.5807722059976186e-09
3.86859522194527e-09
2.2894751339208597e-07
5.221719590053908e-08
4.3924501369474456e-08
9.563390079847522e-09
1.2617831544048386e-06
5.464217273098981e-11
2.1903695596847683e-05
1.1917772546610195e-08
4.119594450457953e-06
1.0308763620514583e-07
0.00010293016384821385
7.925165732558526e-07
2.5809080398175865e-05
3.947533855352958e-09
4.408403401612304e-05
1.5624851412709972e-09
4.881369022768922e-05
9.882555218609923e-09
7.957748493936379e-06
2.3226874645843054e-08
3.5539287637220696e-05
2.723353542677387e-09
0.00019738935225177556
3.9846534960474855e-09
3.520001700962894e-05
1.504316848865983e-08
1.7672580270300386e-06
2.889402495043214e-08
1.7366859538014978e-05
3.9245051652869734e-07
3.689268487505615e-05
2.9283453883977018e-08
0.0002570311480667442
4.125542574229257e-08
5.6348286307184026e-05
1.902647817075831e-08
6.47450497126556e-06
1.3246787000653626e-09
1.3365694940148387e-05
5.803421299077627e-09
5.512378265848383e-06
7.697258297412191e-07
8.123365660139825e-07
1.5959774657403614e-07
1.5011921277618967e-05
1.7500626503519356e-09
2.7665391826303676e-05
2.9090525544006596e-09
1.476680063206004e-05
1.003400473820193e-09
7.455662853317335e-05
2.84726144883507e-08
3.2629530323902145e-05
3.2551014328419114e-07
3.3046123917301884e-06
2.5444899165449897e-07
2.8373729037411977e-06
1.3266332921091362e-08
1.2370956028462388e-05
1.0346081324996703e-08
1.3330802175914869e-05
3.814972515669979e-08
2.7518286515260115e-05
3.148817873110943e-09
6.295632829278475e-06
1.2184923434688244e-06
6.540587946801679e-07
3.5554549526750634e-07
8.186010092003926e-08
5.4060599552485655e-08
7.699102866354224e-08
5.141492209759235e-08
5.5686790290110366e-08
2.408243737761495e-08
1.1854274006850574e-08
3.801320644924999e-07
1.8454163352998876e-07
1.0648037118698994e-07
5.871212138686133e-08
3.0472101286704856e-08
1.712679242871218e-08
1.0826836316368826e-08
2.8318579481378947e-08
7.273650126649045e-09
3.661747172145624e-08
5.5886864025467275e-09
1.9250764182743296e-07
1.2569598766276613e-06
2.2358521789556107e-07
9.125685807021e-08
4.5227292133631636e-08
3.642560031380526e-08
1.1638859831464288e-07
6.069291913490815e-08
1.3623220773695266e-08
1.616724354391863e-08
2.2144639899579488e-07
7.31890210659003e-08
9.376620369039301e-08
1.6608847630550372e-10
6.455085355128176e-08
4.2043627246357573e-08
2.4165556666844168e-08
2.0610928075370794e-08
6.804029339946283e-08
1.7097812055055783e-09
1.1680645783940236e-08
8.434427378745113e-09
2.587043468338379e-07
1.235777631336532e-07
7.103456933776897e-09
5.8009193004693316e-09
3.586460195492691e-08
1.1800876791312476e-06
1.5667149355635956e-08
2.6532655184041687e-08
3.3779551245061157e-07
9.138514656115149e-08
5.280091741610704e-08
1.556178972350608e-07
2.114567010380597e-08
6.12450435255596e-07
2.4067730919341557e-08
1.2448497344053067e-08
1.0217383561439419e-07
7.745657448765542e-09
8.229614678612052e-08
4.0231373787946723e-10
1.666878972628183e-07
8.478238555653661e-08
7.311532357334727e-08
5.4891778233923105e-08
9.551903445981225e-08
5.400676528211079e-08
8.679880636464077e-08
9.311369240094791e-07
2.4284432242893672e-08
1.1511064101910051e-08
2.375976464463747e-07
1.5241163282553316e-06
3.1522853305432363e-07
6.004990255048526e-11
1.8501042120533384e-07
4.2167746983068355e-07
2.629873847581621e-07
4.300203215734655e-07
2.1880876488467038e-07
5.195441854510818e-09
2.413853053440107e-06
2.8890443104501173e-07
1.1569029993552249e-05
1.368847364346948e-07
8.039842214202508e-06
7.281806233550014e-07
2.446496978336654e-07
1.889222573936422e-07
8.22989568405319e-06
1.9667793367261766e-06
1.2790300388587639e-05
5.603239969786955e-07
9.563062519646337e-08
7.945037516776665e-09
9.926742677635048e-06
9.645921839052107e-10
8.402191269851755e-06
2.33281753025949e-07
5.023131507186918e-06
9.054600695890258e-07
7.308724889298901e-06
2.50521168254636e-07
2.5682149953354383e-06
1.677337593264383e-07
3.71219925909827e-06
1.7570024510860094e-06
2.449854719088762e-06
4.202751202608823e-10
2.037314601466278e-07
1.1804980459828585e-07
1.0832980024133576e-07
2.5791246471840168e-08
3.3981289107032353e-06
1.2747435107485217e-07
3.8284235870378325e-07
7.300600373127963e-07
8.27303452410888e-08
1.518852315030017e-07
1.414729581483698e-06
3.166196904658136e-08
2.6786715352500323e-06
2.685474100871943e-07
8.544840284230304e-07
1.047545907795211e-07
2.4691726139280945e-06
1.638680657833902e-07
8.919462857193139e-08
1.1429065693846496e-08
8.429965703271591e-08
6.237833076738752e-07
1.033402259054128e-05
6.446471729759651e-07
7.435763222929381e-07
4.705185574493953e-07
1.6528389323866577e-06
2.726723096202477e-07
1.4698451877848129e-06
1.5817713006072154e-07
9.340488560383164e-08
1.2370017543616996e-07
2.2954254745854996e-06
1.0520599857954949e-07
1.0149911844337112e-07
2.1361243440765065e-08
4.427238764037611e-06
2.4055211156337464e-07
2.2115797548849514e-07
9.771992992568812e-09
1.0303263309197064e-07
9.379363063999335e-08
6.15924733438078e-08
3.0856813992841126e-08
1.1636276440185611e-06
2.9317760663616355e-07
2.501794824638637e-07
1.3980314861328225e-07
2.4930175186455017e-06
1.76622307890284e-07
6.982030242852488e-08
2.3777946278613626e-09
5.4443773933599005e-08
4.2183609139101463e-07
9.76252522377763e-07
7.640223742555463e-08
2.3468548704386194e-07
3.738358955729382e-08
3.02853408129522e-07
3.8701170268495844e-08
7.116775435633826e-08
1.5108106765637785e-07
7.79858932986599e-09
7.285370084986198e-09
8.993405131718646e-09
7.450451811052972e-09
7.780598387796545e-09
1.3397229992051507e-08
2.7205670605212617e-08
8.401462991969311e-08
4.1860326405185333e-07
1.1630507401605428e-07
3.779493056299543e-07
4.936205666439264e-09
4.580077117566361e-08
9.713230914032422e-11
1.3255371023035423e-08
1.0890808255226148e-09
6.039593269946408e-09
1.5099171690735602e-08
5.597153318603887e-08
5.4801439830498566e-08
6.146520092897845e-08
8.743447210690647e-08
1.9184927424475973e-08
6.361062787618721e-10
6.971669108679635e-08
1.366092905463745e-09
9.763048325339696e-08
1.7369993443594467e-08
1.9925621153049633e-09
3.117889724180145e-09
1.0127435956519548e-07
4.834225251215685e-07
1.6302902361431393e-09
2.774595664334356e-08
4.4543133981278515e-07
2.2311866132440628e-07
1.5956453935928039e-09
9.388791966102872e-10
2.4960731259682234e-09
1.816630401663133e-08
9.44080813525261e-09
9.137672840608957e-09
6.1928084882367784e-09
3.391834313415387e-10
1.5734210023765627e-07
2.8143603003627504e-07
1.0397532612671512e-08
3.675818760484617e-08
6.680115660628871e-08
1.3824595157529984e-07
8.857900724024148e-08
4.984992685308498e-08
8.31791879818411e-08
1.4658307634363155e-07
8.076299073955795e-10
6.152159670591573e-09
1.262850446437369e-07
1.4330865383271885e-07
1.9562722997079618e-08
3.22240083505676e-08
7.180118277716474e-09
5.573776107326012e-08
3.756700905910293e-08
5.939187630588094e-08
1.6899246446655525e-08
1.152217024014135e-07
9.802501921285511e-08
3.905711309926119e-08
9.433514946977084e-08
9.62894119993507e-08
4.270146547469267e-08
3.0135339557091356e-08
3.993007169356133e-08
2.8579814070894827e-08
1.8097368936764724e-08
4.163951849989189e-09
8.838364706775792e-09
4.732416236663539e-09
7.491998132991284e-08
6.848278388815743e-08
7.445567007380305e-07
1.2278977123969526e-07
1.2811992178285436e-07
6.752008374633078e-08
1.3497884587820863e-08
3.3375144870007034e-09
1.209003812618903e-07
6.007740083191493e-09
8.990281941123612e-08
2.6816053377842763e-07
7.524042189288593e-08
2.5920980917248926e-08
1.7863623469338563e-08
1.901296897699467e-09
2.7620389531080036e-08
4.79532369368485e-09
1.1501705898808723e-07
8.872946466453868e-08
1.163958671668297e-07
2.6351992232775956e-07
1.3282339672571197e-08
3.7141882103242096e-07
3.1608249173586955e-07
7.824780112741792e-08
3.589961394823149e-08
2.1059893242636463e-06
5.454446139196989e-08
1.3558386058321048e-07
1.4910824575053994e-08
3.219187760805653e-08
8.295265807589658e-09
1.6427001980900968e-07
8.10063838230235e-09
7.159045480875648e-07
7.017122527486208e-08
9.476235618421924e-08
7.202795249128258e-09
2.6493387039749905e-08
3.80929954246767e-09
8.333622125711315e-10
3.1821187462810485e-08
1.447769726325987e-08
1.0491569213399998e-07
3.021609629172417e-08
3.7057176882626663e-08
8.82202089158568e-10
4.3405634642113e-07
9.575756365620691e-08
6.871356372784021e-09
1.8966186843272226e-08
1.64693688020634e-07
2.8995890133387547e-09
1.457893006318045e-08
1.833968354958415e-08
2.6135975161878378e-08
1.4846629703413328e-08
6.760775050906886e-08
4.871361980463007e-08
1.4713907603436382e-07
6.80039358158524e-10
1.2777131530583574e-07
1.0308206555009747e-07
2.5228681366229466e-08
4.06383993123427e-09
4.3630304702446665e-08
1.243003389106434e-08
7.999979061423801e-06
1.4889136146223336e-08
2.265808234369615e-06
8.276680674157433e-09
4.370511305751279e-06
2.2302421243125536e-08
6.126095740910387e-06
8.929904282695134e-08
7.855989565541677e-07
7.761121167959573e-08
4.925893790641567e-06
9.408213941242138e-08
1.076026092050597e-05
2.4292990019603167e-07
5.1418292059679516e-06
1.5718259760433284e-07
5.127923827785708e-07
3.9000457974225355e-08
4.8984743443725165e-06
1.557013895592263e-08
3.204270797141362e-06
2.2578667824291188e-08
8.073665753727255e-07
7.534504220529925e-08
2.719815199725417e-07
1.3570134171914106e-07
8.9919476522482e-06
9.189280802957e-08
2.2001296429152717e-07
2.437066015659184e-08
2.877866336348234e-07
9.524214306111389e-08
5.678878096659901e-07
9.232591651198163e-07
5.330442490958376e-06
4.3338693744843226e-10
6.583305207641388e-07
8.080313307345932e-09
5.534944193641422e-06
1.0389388762632734e-06
6.787489837734029e-06
1.422560131913997e-07
9.017944080369489e-07
3.0321022137513864e-08
1.0259237569698598e-05
1.2120879091526149e-06
4.5103348611519323e-07
2.0147619750332524e-07
2.1825779583650728e-07
3.360409905894812e-08
4.7117615054048656e-07
5.814275141347025e-07
1.7538416159368353e-06
1.6524841939258295e-08
1.3190752724767663e-05
4.495795735692809e-08
1.3391260154094198e-06
1.1012819101097193e-08
1.8333716411689238e-07
1.0049311605087041e-08
2.4445154167551664e-07
3.794792391431656e-08
1.4158778185446863e-06
1.1666169541513227e-07
2.1196306931869913e-07
2.5310079365681304e-08
0.00010271800420014188
1.515991812084394e-07
0.0001241126301465556
5.972742744830839e-09
3.331290145069943e-06
1.2856523312620993e-07
0.00011130276834592223
7.186989137153432e-08
4.2889969336101785e-05
1.5416899756814928e-08
0.00015703773533459753
4.819378673914798e-09
5.3390933317132294e-05
7.975780924596165e-09
1.8794996776705375e-06
3.432723216789668e-09
0.00012955277634318918
1.3622224287246354e-05
0.00020206412591505796
2.7081148346042028e-06
0.00029513300978578627
3.242618618060078e-08
1.8455015151630505e-06
6.244200534410993e-08
4.8936788516584784e-05
2.9356437281080616e-08
6.160155317047611e-05
6.922406203813125e-09
0.00010725930042099208
2.2596859707846306e-06
4.572874240693636e-05
8.447327282112838e-09
0.00018119506421498954
1.524922410567342e-08
9.680864604888484e-05
2.7190377727137616e-10
4.870939847023692e-06
2.8220608072615505e-08
1.0557094356045127e-05
2.042594005047249e-08
7.323543832171708e-05
1.140189056059171e-06
5.081384733784944e-05
8.993010851554573e-06
5.750843047280796e-05
1.6954416537373618e-08
0.0001874427980510518
1.4759112154649756e-08
4.73519639854203e-06
7.327297169013036e-08
8.140013233060017e-05
2.4844888812936006e-08
4.3462368921609595e-05
8.383820926383123e-08
9.11261304281652e-05
4.927777581542614e-07
0.00035380697227083147
7.779497934734536e-08
4.1237381083192304e-05
2.320280323431234e-08
3.970427133026533e-05
2.481403882370614e-08
2.5812618332565762e-05
9.717775810713647e-07
6.556770676979795e-05
2.1113791603966092e-08
1.371192411170341e-05
1.5089053562178378e-08
8.572908700443804e-05
1.7098965798822974e-08
5.9815647546201944e-06
1.5073355896788598e-09
5.765169044025242e-05
1.1151802148390288e-08
0.00012045280891470611
1.9804586415261838e-08
7.418156747007743e-05
1.727105924942407e-08
9.879747267405037e-06
6.47143724563648e-06
1.3418351954896934e-05
2.828993217462994e-07
9.299051453126594e-05
9.931629740833614e-09
0.0002589370124042034
2.2523632026150153e-07
6.294160994002596e-05
9.13964231585851e-06
0.0004647738242056221
2.717601255142199e-08
1.437095562550894e-07
6.20001401330228e-08
6.118095541296498e-08
2.558400069574418e-08
1.666878972628183e-07
1.2191683254059171e-06
4.2144385759002034e-08
3.005867199590284e-07
9.442612736165756e-08
6.43635544861354e-08
7.36388372502006e-08
3.089285049995283e-09
5.7527337560259184e-08
1.1424329038334236e-08
1.1205820982240766e-07
3.639094803276066e-09
1.021100359821503e-07
3.731708275722667e-08
6.510522609914915e-08
2.4810825394183667e-08
6.413738873334296e-08
2.6316735457498908e-08
5.6741704668183957e-08
1.7180560973883985e-07
7.188431183635657e-09
5.895341104178442e-09
9.096824982179896e-08
3.697103068134311e-09
2.869807147476422e-08
7.479357577722112e-09
5.88116044752951e-08
4.1223748326046916e-07
4.379285911682018e-08
3.777613244437816e-08
3.839813089712152e-08
5.740727448966254e-09
4.5008206939201045e-08
1.656457868648431e-07
6.759510284837233e-08
8.371414117469556e-10
3.037756187040941e-06
3.0482672741527495e-07
3.1412309198231014e-08
1.0280584022970274e-10
3.306070084363455e-08
6.32534469247048e-09
1.396276445575495e-07
6.941586150333023e-08
1.59118496156907e-08
6.994559242912146e-08
1.1638859831464288e-07
4.976619649710301e-08
2.0004705447718152e-08
1.7538022589747015e-08
9.560721991874743e-08
1.3390307529448364e-08
2.0939276978992893e-08
6.970636956538101e-09
4.417818217916647e-07
2.960565836929163e-07
2.383522144100425e-07
1.8333457418862054e-08
2.9181450145188137e-08
1.8506748133972906e-08
7.532032952894951e-08
7.783806488248501e-09
1.5843073697396903e-07
5.630920085764046e-08
3.743245713394572e-08
7.23640525279734e-09
7.528920065169586e-08
7.142440860974375e-09
1.437095562550894e-07
6.20001401330228e-08
7.699102866354224e-08
5.141492209759235e-08
9.442612736165756e-08
1.6450353967911724e-08
4.2144385759002034e-08
1.9441227294692e-08
1.898474089045976e-08
5.964031402072578e-07
2.972611525819957e-07
7.876106877802158e-08
3.5046440416408586e-07
3.493568954127113e-07
1.4560080785486207e-07
3.0853115617901494e-07
1.1205820982240766e-07
3.639094803276066e-09
9.065600181656919e-08
2.8904146631703043e-08
6.510522609914915e-08
5.605356179216869e-09
6.413738873334296e-08
2.6316735457498908e-08
1.2618114624274313e-06
7.64563083066605e-07
1.9724449629165974e-08
3.842866913572607e-09
6.1233382808723036e-09
4.092994174698106e-07
7.36388372502006e-08
5.740351483041195e-08
7.188431183635657e-09
1.014760164785855e-09
9.504523745818005e-08
7.410216884551346e-09
2.0359780705803132e-07
2.2014182476937094e-08
5.294303306868642e-08
5.3184432857733555e-08
2.8318579481378947e-08
7.273650126649045e-09
2.0939276978992893e-08
3.5043799471168313e-06
3.037756187040941e-06
4.430848132841447e-09
1.6849521955464297e-07
3.484537103304319e-08
4.548435015294672e-07
3.5164379852403727e-08
1.332461323499956e-07
2.6614346282372026e-08
3.938583148510588e-08
7.189421280529018e-10
1.6193677510045745e-08
1.3790037556304924e-08
7.790963536535855e-07
1.967401743740993e-07
2.8817392916380413e-08
1.7086993153725416e-08
4.873400030191988e-07
4.3772951130449655e-07
6.824481033618213e-07
4.82310269944719e-07
9.728510441675553e-09
4.3160571294720285e-07
9.096824982179896e-08
2.4248141272664725e-09
9.362941710833184e-08
8.702402132243492e-10
9.340866569118589e-08
8.399771900258202e-08
2.6607686720581114e-08
8.731948923923483e-07
2.035347002049548e-08
1.7136785572802182e-06
1.714088604387598e-08
6.877579616926255e-10
1.8651731181762443e-07
1.0336344757888583e-07
2.664353537795705e-08
6.9800538682329716e-09
1.1989017423275072e-07
3.89656769073099e-08
3.988355246065112e-08
1.902647817075831e-08
2.212929572920075e-08
5.276714176716268e-09
6.296592403032264e-08
2.6144646199099952e-06
1.2221167366988084e-07
3.3017233391774425e-08
3.263208370185566e-08
3.950224822801829e-07
1.1511650654938421e-07
2.367782414580688e-09
2.3209864252748957e-08
1.2212226785379698e-09
8.030276887893706e-08
6.060787995920691e-07
3.211447818785018e-08
2.763575821518316e-06
8.364183372577827e-07
1.0060326616212478e-07
2.149572786436238e-08
1.62369069585111e-05
2.2491808522318024e-06
7.885601149837385e-08
4.459486149244185e-07
1.4333109277231415e-07
4.557283261874545e-08
3.4625280420641502e-09
1.2197301657579374e-07
3.95773440686753e-08
1.9542834195362957e-07
8.568301979039461e-08
6.901755966737255e-08
3.282724847508689e-08
1.0689379905670648e-06
5.862506782250421e-07
1.7094112791937732e-08
1.7860898537946923e-08
3.014777405496716e-08
1.2976888008608967e-08
1.5584044277261455e-08
1.081413514292251e-09
1.8916983535177678e-08
1.3086795647154759e-08
3.7641331829263436e-08
1.4938663639441074e-08
3.659313563275646e-08
2.6030593236470168e-09
1.347761156011984e-07
5.763652222157134e-09
7.787978262285833e-08
2.6094909344465123e-08
8.779345250786719e-08
6.686636311314942e-08
1.5857768431715158e-08
1.1992433712748607e-07
1.4895479694132518e-07
6.20020409769495e-06
2.8704743471053007e-08
3.593312385419267e-07
6.315929823585975e-08
1.14567750841843e-08
9.873723172404425e-09
2.84350587520521e-09
1.9637070636235876e-08
1.5238729389466243e-08
1.3960741895857609e-08
6.220425508018934e-09
9.028602931948626e-08
2.676836857062881e-06
2.0743034667702887e-07
4.4769419105250563e-07
7.496026199760308e-08
3.568782247498348e-08
8.056622036178851e-09
1.1526898546776465e-08
2.4067974280228555e-08
1.9563321629334496e-08
2.8328321377557586e-07
1.7222100723301992e-07
1.2365715562623336e-08
1.3688393529776022e-08
1.7669533747266541e-07
3.5882035120948785e-08
2.2412251610148815e-08
1.3665822251596182e-08
4.828741140272541e-08
1.6462315954868245e-08
6.079616365894935e-09
2.063738735458287e-09
5.773102657258278e-06
1.0539878303461592e-08
3.0693104235979263e-06
6.286308234848548e-06
7.507958343921928e-07
5.54362280524856e-08
2.9155298761907034e-06
6.8378445128303156e-09
6.790083716623485e-06
3.223281197506367e-08
4.57201940662344e-06
1.503591207097088e-08
2.442048526063445e-06
7.9294941315311e-06
9.248248716176022e-06
6.7194250163993274e-09
7.13761266979418e-07
5.96781006834135e-08
3.4472664083295967e-06
1.2480886546484271e-08
2.3664119908062275e-06
5.393978881329531e-06
2.1902636149206955e-07
2.3963721105246805e-06
2.794435204123147e-06
9.49352951806759e-09
9.922543853235766e-08
1.3914223018218763e-07
6.422516889870167e-06
3.736434717183101e-09
2.086496579067898e-06
3.3298256596481224e-08
3.6975279726902954e-07
1.7871640167754776e-08
8.791824257059488e-06
2.767526474656279e-08
2.6047524670502753e-07
6.228982130096483e-08
1.2226544754412316e-07
6.296053811638558e-08
1.280535855130438e-07
3.332787173349061e-06
1.405675931209771e-07
1.6263257407445053e-07
3.1077133826329373e-06
1.9982182948297122e-06
3.358319986546121e-07
1.3671607348442194e-06
2.2840505664589728e-07
1.9213125312944612e-07
2.518703752230067e-07
1.1554059042850895e-08
2.38636857829988e-06
2.96074563266302e-06
2.055603772532777e-06
5.0600416301449513e-08
8.975984542303195e-07
5.632406896438624e-08
6.023152764100814e-06
3.911329713446321e-06
6.903682674419542e-07
4.590512503455102e-08
1.1639856190015507e-08
9.521731669792644e-08
2.2865884830025607e-07
1.256868671362099e-07
2.283065470010115e-07
8.798779482788177e-09
8.619473135240696e-08
1.0000045236324695e-09
5.639832352244412e-07
1.6486917502334109e-06
7.629226139727052e-09
8.017386754488598e-09
2.03335758897083e-07
1.6231924249154872e-08
1.9710668652805907e-07
2.769139086922223e-07
9.498626241111197e-08
7.13981940236863e-09
7.552328895599203e-08
7.454878669932441e-08
2.1854532405995997e-07
6.684607711804347e-08
2.005579915476119e-07
2.1752619261405925e-08
2.4696111822208877e-08
2.5576081696954134e-08
2.1715569786806554e-08
6.161339771715291e-10
1.6771892319411563e-07
3.7070706504493955e-09
3.710153748670564e-07
3.40296004708307e-08
1.295133813528082e-07
3.555242358288524e-07
1.3481094640610536e-07
1.1076726877945475e-06
2.3643120528049621e-07
2.657618125567751e-08
3.487070330265851e-07
3.663962644395724e-08
2.608187799069128e-07
3.2117220882810216e-08
1.649542156201278e-07
1.0152961493758994e-07
3.370272168012889e-07
7.377736466196438e-08
9.471702355767775e-07
3.8965836779425445e-07
4.0666607858952375e-09
2.8848694544336695e-09
2.4588266001046577e-07
2.2374480934672647e-08
1.15971420200367e-06
4.290044230970125e-08
1.571443931425165e-06
6.814026676238427e-09
5.847983786111399e-08
1.2446118944353657e-06
2.4947846100076276e-07
6.828995537944138e-06
1.056319774761505e-06
2.2154980072741637e-08
1.8559735792678111e-07
1.2578724728484758e-08
1.5490091982428567e-06
3.465180142825375e-08
8.033665608309093e-07
3.7410373465718294e-08
1.3477193760991213e-06
5.022194272896741e-06
9.719477134240151e-08
1.938648711075075e-05
2.3847965735512844e-07
2.3322456854657503e-08
3.142611717521504e-07
2.629487028116273e-07
2.19906240772616e-07
9.810825929434941e-08
3.071778280627768e-07
3.0001403583668207e-09
7.930743350925695e-08
2.700244916553629e-09
1.0438407826995899e-07
3.263294701127961e-08
3.846178060484817e-06
1.5636506134342198e-07
7.723423891548009e-07
6.190525869698149e-09
2.6788751483763917e-07
1.248927095076624e-08
7.410748708025494e-07
1.0311661213791012e-07
1.223644829906334e-07
1.1299148638954648e-07
3.946287563394435e-08
9.449464499766691e-08
5.139678478371934e-07
3.935145187483613e-08
7.945823909949468e-08
7.4114844039741e-08
6.666551826128853e-07
5.0600416301449513e-08
5.559573779123639e-08
3.5757071970010657e-08
3.390146900983382e-07
1.6462315954868245e-08
1.2462346887787135e-07
8.249812566418768e-08
2.0683432921941858e-06
1.768953161729314e-08
3.703891948703131e-08
1.7833399112987536e-07
1.241177898236856e-07
3.74509276923618e-08
1.1488725526476173e-09
6.211209768736126e-09
5.936812499385269e-07
7.881899364292622e-07
9.791099486733401e-09
1.5731657088124962e-09
2.1570622266153805e-06
1.2010440419985002e-09
2.159272760593467e-08
3.2371056590818625e-07
5.239076585894509e-07
1.7075835856417143e-08
6.38286946923472e-05
9.553536983730737e-08
5.139420863997657e-06
9.618994489812849e-09
7.950379949761555e-05
2.5398660952191676e-08
8.834133041091263e-06
1.1043955083778201e-07
0.00012720839004032314
7.17107226932967e-08
1.5344865460065193e-05
7.370241291937418e-06
6.989756366237998e-05
3.1156852742242336e-07
3.119568282272667e-05
8.410766838551353e-08
0.00019644391431938857
6.38955361864646e-06
0.000123662844998762
1.2382668224120152e-09
6.436053081415594e-05
1.2727809917123523e-09
3.6896966776112095e-05
1.3079241689695209e-08
1.3487323258232209e-06
1.1715226264641387e-06
2.6979512767866254e-05
2.8899250992253656e-06
1.411841935805569e-06
6.149873570393538e-07
1.3301573744683992e-06
8.339784329791655e-08
9.228241651726421e-06
7.63660580105352e-07
6.07943093200447e-06
5.574240091732463e-08
5.65004756936105e-06
4.2950539125286014e-08
3.103134804405272e-05
2.1806670247315196e-08
9.048872016137466e-05
2.481593242009694e-07
3.8533133192686364e-05
9.69315649967939e-08
1.9227181837777607e-06
4.698652489310007e-08
0.00012201536446809769
8.606472334804494e-08
1.9726900063687935e-05
5.331268759789509e-09
5.262513514026068e-05
3.932489178737342e-08
2.1649289010383654e-06
5.048674722729629e-08
4.884128884441452e-06
3.321694634905725e-07
2.0225392916017881e-07
1.4154224459161924e-08
1.9072143913945183e-05
7.883162567168256e-08
5.9533867897698656e-06
2.7090112553196377e-07
4.57146552435006e-06
1.1838571481348481e-05
5.067633537692018e-06
1.34137623231112e-09
7.065363547553716e-07
1.0066319191537332e-06
3.867262421408668e-05
1.3697517786681601e-08
4.910452844342217e-05
8.699854703309029e-08
1.1564288797671907e-06
2.8118989803260774e-07
1.82478538590658e-06
4.839197131900619e-08
0.0001275972172152251
5.575402042268252e-07
6.447430496336892e-05
2.1623418611227407e-09
1.3864447282685433e-05
2.3088264633486233e-09
8.343740773852915e-06
3.9250647176913844e-08
1.1517944585648365e-05
6.967900958443352e-07
1.467411152589193e-06
1.0006471029555541e-07
4.259961860952899e-05
9.011940527159368e-09
1.971210167539539e-06
8.400767370631002e-08
3.8086760469013825e-05
3.194265685291242e-10
2.863980853362591e-06
7.251011457931611e-10
4.534553227131255e-05
2.5368429135141923e-08
5.035332287661731e-05
5.402253222541731e-08
1.255135316569067e-06
1.97579308469642e-09
5.200253028192492e-08
3.142259075161746e-08
8.232567779486999e-05
6.003516972441503e-08
6.312045570666669e-06
1.9018811414639458e-08
1.8087284843204543e-05
1.4207379273045717e-08
1.190072998724645e-05
7.108023396540375e-07
3.6516601085168077e-06
4.3325671867933124e-06
7.288964525287156e-07
4.4204219307175663e-07
1.1090031875937711e-05
2.56628186434682e-06
1.662482100073248e-05
4.031013745020573e-08
1.621942715246405e-06
1.4079245547193864e-09
6.045306236046599e-06
5.603263275588688e-07
7.277861868715263e-07
1.656934500715579e-08
5.996154754939198e-07
3.0405047368731175e-08
5.624987693408912e-07
9.63657612373936e-07
6.591258738808392e-07
7.688077374723434e-08
3.842492787953233e-06
4.5956351613085644e-08
0.00027549659716896713
2.9612372998144565e-08
1.8756126110019977e-06
1.1003177746715664e-07
2.052769559668377e-06
4.557177746278285e-09
8.325495741701161e-07
5.969980065856362e-07
8.677745427121408e-06
1.3603737158973672e-07
3.0062578844081145e-06
8.514587257479889e-09
9.576270940669929e-07
1.6271290803615557e-07
1.0597141226753592e-06
1.5724587854037964e-07
1.8038893756511243e-07
1.3122735254000872e-07
8.550630354875466e-07
7.036836535689872e-08
2.270258789849322e-07
8.96821550355753e-09
1.0933849381444816e-07
1.922652315133888e-10
6.206566013133852e-06
7.149166947328922e-08
1.0497361699890462e-06
7.066846023917606e-07
5.618421141662111e-07
1.9281539209714538e-07
1.6631678363410174e-06
8.741799462086419e-08
1.364071863463323e-06
5.7174251111291596e-08
1.0977130386891076e-06
1.5465816716186964e-07
1.676186002441682e-06
1.6776539268903434e-07
1.7299177557106304e-07
9.991334337655644e-08
1.1085044206993189e-06
1.0065613054166533e-07
2.500028983831726e-07
3.572695277398452e-07
8.087431524472777e-07
4.721551860598083e-08
2.533595875320316e-07
1.5892520366378449e-07
2.2291608559044107e-07
5.52474716641882e-07
1.1573818028409733e-06
6.452275158608245e-08
3.0189193012120086e-07
2.364989803993467e-08
2.1405733150459128e-06
1.5917899887085696e-08
2.684609228253976e-07
2.99503255973832e-07
6.993793704168638e-07
8.690416279932833e-07
1.6285245862945885e-07
2.3399755022524005e-08
1.7032891719281906e-07
1.3570819135111378e-07
3.6437056678551016e-06
7.307073834894595e-10
3.6773914757759485e-07
3.17385655534963e-08
9.904171065500122e-07
1.0869606370533802e-07
9.722164122649701e-07
6.69092514726799e-07
1.557882143288225e-07
4.432407507692915e-08
1.8710940139499144e-06
1.9504344095366832e-07
1.0528018492550473e-06
1.8111448696345178e-07
5.26887561136391e-07
3.209351859823073e-07
5.3577082326228265e-08
3.172535514295305e-07
1.5455869970537606e-06
6.263759644298261e-08
4.5458818931365386e-07
7.349180708438041e-10
4.599994269938179e-07
1.0007372708287221e-07
7.833814379409887e-07
2.843499373739178e-07
5.134029379405547e-08
2.4700788969767018e-08
5.226710086958519e-08
1.3872448789697955e-07
2.7253955181549827e-07
1.0121297577825317e-07
5.8473258235380854e-08
1.6117297718665213e-07
1.861351393017685e-06
2.66579945673584e-07
4.8717069489612186e-08
7.673376600791926e-09
3.1010659995445167e-07
6.509495875661742e-08
5.104498868035989e-08
2.9118257316440577e-07
1.2150394468335435e-07
7.906100449872611e-07
7.703371238676482e-07
1.0478834866489706e-07
8.086140041996259e-07
1.6710374950434925e-07
2.471173559115414e-07
5.9604108315625126e-08
7.166617024267907e-07
6.0501238294818904e-06
4.9131195112295245e-08
2.8530536155813024e-08
8.435266067863267e-07
8.248853191616945e-06
4.0446244042868784e-07
1.449450763857385e-07
3.0168550324560783e-07
1.1496692486900884e-08
2.1444313347274147e-07
8.903177786123706e-07
8.649569736007834e-07
1.6834995619774418e-07
7.755846240797837e-07
2.976746884542081e-07
4.99987891089404e-08
2.9107525278959656e-07
7.351285091772297e-08
8.49151149395766e-09
8.960338391261757e-07
1.303116903272894e-07
4.603249408319243e-07
1.2870171417489473e-07
3.7189090562606e-07
1.1702181978989756e-07
5.5423779343755086e-08
1.3700325496301957e-07
5.215637770561443e-07
1.0353327439815985e-07
1.363688255651141e-07
1.2546490779641317e-07
4.7884650911100834e-08
3.838065865124918e-08
8.235174959736469e-07
1.6742534114655427e-07
3.1059624916451867e-07
3.7077782621963706e-08
6.060058410639613e-08
1.4771401879443147e-07
